808.613 11 
590.924 11 
806.46 11 
875.259 11 
607.368 11 
793.265 11 
531.439 11 
658.588 11 
571.614 11 
793.367 11 
771.808 11 
481.851 11 
703.365 11 
635.925 11 
766.889 11 
711.902 11 
834.108 11 
752.719 11 
972.903 11 
645.39 11 
785.767 11 
674.327 11 
662.207 11 
749.322 11 
668.775 11 
702.199 11 
691.915 11 
629.762 11 
708.002 11 
821.644 11 
623.869 11 
643.136 11 
703.486 11 
780.447 11 
860.223 11 
801.837 11 
752.856 11 
555.955 11 
750.391 11 
375.494 11 
800.261 11 
908.573 11 
589.986 11 
761.056 11 
735.373 11 
785.815 11 
744.624 11 
555.725 11 
767.184 11 
740.425 11 
694.351 11 
872.825 11 
950.933 11 
776.415 11 
530.909 11 
887.982 11 
715.789 11 
570.495 11 
835.723 11 
857.746 11 
727.469 11 
703.314 11 
424.936 11 
456.9 11 
667.217 11 
467.156 11 
781.998 11 
658.082 11 
738.354 11 
719.565 11 
709.796 11 
684.884 11 
621.837 11 
606.616 11 
541.655 11 
432.55 11 
678.371 11 
705.031 11 
646.816 11 
543.475 11 
755.319 11 
699.504 11 
647.561 11 
574.073 11 
540.382 11 
860.472 11 
710.149 11 
529.428 11 
759.413 11 
750.028 11 
719.352 11 
728.247 11 
788.926 11 
600.169 11 
1117.49 11 
654.008 11 
689.91 11 
585.771 11 
660.63 11 
453.143 11 
609.248 11 
770.445 11 
777.27 11 
725.701 11 
717.671 11 
685.569 11 
756.592 11 
570.756 11 
751.39 11 
614.171 11 
580.502 11 
539.427 11 
700.093 11 
685.632 11 
494.736 11 
772.565 11 
795.667 11 
776.831 11 
665.388 11 
394.568 11 
577.167 11 
848.49 11 
812.889 11 
650.51 11 
817.201 11 
684.777 11 
763.697 11 
614.837 11 
907.188 11 
550.697 11 
637.791 11 
379.281 11 
783.989 11 
785.957 11 
649.604 11 
589.82 11 
895.638 11 
781.54 11 
653.638 11 
674.113 11 
746.923 11 
642.609 11 
556.588 11 
705.863 11 
633.975 11 
933.356 11 
743.526 11 
599.78 11 
698.765 11 
464.768 11 
755.444 11 
833.503 11 
739.997 11 
640.523 11 
841.816 11 
788.551 11 
706.409 11 
535.043 11 
987.81 11 
699.222 11 
670.916 11 
715.952 11 
759.391 11 
743.101 11 
658.792 11 
707.842 11 
943.73 11 
773.509 11 
708.132 11 
695.764 11 
755.594 11 
706.099 11 
876.792 11 
649.93 11 
729.964 11 
501.298 11 
722.706 11 
665.632 11 
737.501 11 
653.704 11 
758.233 11 
733.396 11 
817.924 11 
612.241 11 
746.752 11 
782.788 11 
768.996 11 
617.601 11 
756.348 11 
501.732 11 
729.31 11 
845.687 11 
657.789 11 
717.995 11 
674.811 11 
827.663 11 
787.331 11 
741.851 11 
713.766 11 
773.216 11 
667.596 11 
695.76 11 
711.583 11 
634.822 11 
687.612 11 
889.408 11 
433.681 11 
805.18 11 
693.434 11 
690.87 11 
817.286 11 
650.395 11 
841.3 11 
757.036 11 
710.654 11 
819.36 11 
779.265 11 
697.853 11 
750.204 11 
665.506 11 
694.222 11 
786.864 11 
686.626 11 
725.919 11 
771.739 11 
856.106 11 
724.668 11 
777.366 11 
821.623 11 
785.414 11 
757.916 11 
533.25 11 
706.64 11 
639.175 11 
952.659 11 
540.326 11 
684.282 11 
752.248 11 
669.556 11 
732.143 11 
742.432 11 
632.652 11 
735.202 11 
637.576 11 
787.451 11 
730.558 11 
716.832 11 
864.836 11 
768.458 11 
739.25 11 
795.594 11 
678.937 11 
712.373 11 
422.956 11 
652.505 11 
706.052 11 
654.982 11 
738.905 11 
795.377 11 
818.551 11 
459.647 11 
806.784 11 
568.647 11 
593.322 11 
812.759 11 
775.276 11 
643.192 11 
711.917 11 
721.925 11 
706.757 11 
529.432 11 
658.931 11 
770.066 11 
593.096 11 
833.666 11 
810.303 11 
737.92 11 
501.76 11 
736.466 11 
734.814 11 
880.293 11 
606.92 11 
860.61 11 
786.328 11 
761.951 11 
689.05 11 
711.404 11 
729.533 11 
714.254 11 
798.682 11 
526.17 11 
630.82 11 
807.708 11 
646.339 11 
662.927 11 
768.323 11 
580.976 11 
731.567 11 
722.122 11 
713.758 11 
761.89 11 
679.024 11 
479.087 11 
541.591 11 
651.663 11 
553.695 11 
840.063 11 
517.175 11 
814.265 11 
833.666 11 
555.604 11 
691.934 11 
673.843 11 
852.56 11 
708.952 11 
694.758 11 
721.531 11 
567.193 11 
719.784 11 
828.16 11 
751.301 11 
840.038 11 
464.073 11 
716.882 11 
647.972 11 
804.451 11 
513.846 11 
825.964 11 
668.965 11 
1070.06 11 
720.768 11 
764.927 11 
438.74 11 
755.965 11 
390.023 11 
524.828 11 
627.776 11 
385.103 11 
659.928 11 
716.888 11 
687.501 11 
1068.48 11 
806.273 11 
636.127 11 
704.631 11 
813.777 11 
1042.89 11 
825.157 11 
670.428 11 
549.408 11 
610.119 11 
856.711 11 
644.567 11 
645.631 11 
709.815 11 
624.399 11 
772.66 11 
735.821 11 
813.093 11 
790.025 11 
673.604 11 
756.28 11 
525.807 11 
681.854 11 
744.171 11 
695.591 11 
833.03 11 
726.681 11 
662.763 11 
566.583 11 
682.81 11 
662.461 11 
708.559 11 
839.834 11 
580.308 11 
1101.49 11 
770.21 11 
673.871 11 
710.292 11 
687.397 11 
822.069 11 
761.146 11 
463.849 11 
592.816 11 
805.947 11 
594.718 11 
693.311 11 
793.762 11 
614.931 11 
631.531 11 
653.609 11 
672.109 11 
626.264 11 
726.071 11 
499.845 11 
679.545 11 
643.644 11 
806.778 11 
531.711 11 
970.821 11 
821.278 11 
795.875 11 
682.403 11 
834.277 11 
830.54 11 
628.82 11 
526.761 11 
837.811 11 
492.51 11 
533.122 11 
937.24 11 
779.936 11 
668.151 11 
780.356 11 
789.053 11 
600.486 11 
752.51 11 
807.674 11 
552.63 11 
865.878 11 
681.102 11 
732.374 11 
713.019 11 
614.385 11 
847.551 11 
700.822 11 
765.552 11 
587.272 11 
621.721 11 
838.455 11 
868.987 11 
1393.79 11 
754.101 11 
701.004 11 
745.824 11 
711.524 11 
708.305 11 
729.316 11 
922.66 11 
657.832 11 
626.063 11 
808.983 11 
636.244 11 
803.97 11 
493.606 11 
769.573 11 
715.585 11 
569.709 11 
870.967 11 
628.088 11 
935.084 11 
824.294 11 
858.343 11 
755.224 11 
641.953 11 
718.273 11 
696.636 11 
598.102 11 
728.127 11 
486.192 11 
730.798 11 
504.447 11 
738.24 11 
756.904 11 
676.074 11 
853.938 11 
785.55 11 
676.056 11 
786.836 11 
668.654 11 
483.912 11 
892.374 11 
768.851 11 
744.309 11 
809.041 11 
708.572 11 
667.555 11 
694.496 11 
679.495 11 
591.691 11 
726.794 11 
701.476 11 
824.826 11 
670.638 11 
997.965 11 
862.458 11 
734.356 11 
719.584 11 
592.086 11 
792.203 11 
739.65 11 
649.058 11 
649.361 11 
680.047 11 
647.882 11 
583.256 11 
600.534 11 
466.079 11 
638.932 11 
662.509 11 
859.748 11 
769.033 11 
915.341 11 
610.844 11 
777.006 11 
722.313 11 
684.392 11 
825.668 11 
646.678 11 
798.07 11 
791.32 11 
761.881 11 
785.484 11 
871.896 11 
1036.8 11 
859.795 11 
530.932 11 
630.902 11 
618.913 11 
659.077 11 
857.751 11 
439.315 11 
567.098 11 
496.993 11 
954.037 11 
754.782 11 
576.854 11 
678.004 11 
914.707 11 
780.545 11 
559.633 11 
556.146 11 
575.341 11 
719.872 11 
679.646 11 
648.647 11 
770.506 11 
598.473 11 
1229.07 11 
746.833 11 
684.58 11 
823.863 11 
781.148 11 
1126.8 11 
95.6398 11 
493.411 11 
589.432 11 
660.859 11 
827.719 11 
603.526 11 
722.836 11 
655.811 11 
533.526 11 
658.087 11 
1189.08 11 
665.484 11 
720.462 11 
796.715 11 
937.726 11 
344.154 11 
581.849 11 
833.122 11 
626.108 11 
654.527 11 
754.65 11 
736.964 11 
688.178 11 
557.879 11 
801.37 11 
709.255 11 
586.76 11 
560.789 11 
822.42 11 
674.223 11 
813.225 11 
684.789 11 
963.877 11 
746.763 11 
673.228 11 
807.383 11 
671.311 11 
622.242 11 
438.23 11 
518.393 11 
696.164 11 
748.678 11 
740.162 11 
831.505 11 
643.114 11 
1052.89 11 
741.88 11 
807.17 11 
657.116 11 
780.856 11 
725.871 11 
748.607 11 
763.341 11 
850.368 11 
742.14 11 
829.009 11 
691.904 11 
635.197 11 
878.997 11 
746.236 11 
680.327 11 
1070.98 11 
693.641 11 
778.311 11 
588.838 11 
615.355 11 
1039.97 11 
836.616 11 
864.376 11 
779.812 11 
666.567 11 
741.384 11 
717.039 11 
767.762 11 
696.504 11 
734.48 11 
719.778 11 
686.142 11 
908.226 11 
618.051 11 
1057.47 11 
662.765 11 
747.355 11 
458.55 11 
613.804 11 
793.178 11 
678.703 11 
555.485 11 
674.24 11 
958.866 11 
746.37 11 
710.401 11 
409.965 11 
718.452 11 
775.585 11 
776.645 11 
592.939 11 
523.602 11 
725.154 11 
745.05 11 
620.868 11 
727.792 11 
518.264 11 
734.095 11 
749.901 11 
940.899 11 
677.848 11 
614.093 11 
766.95 11 
840.978 11 
459.516 11 
680.468 11 
888.993 11 
551.143 11 
795.238 11 
580.76 11 
774.669 11 
832.722 11 
702.073 11 
726.465 11 
782.59 11 
637.246 11 
638.601 11 
734.653 11 
739.729 11 
801.034 11 
668.985 11 
623.122 11 
1083.42 11 
743.948 11 
657.567 11 
780.732 11 
674.589 11 
858.96 11 
702.606 11 
673.368 11 
698.386 11 
837.459 11 
818.905 11 
965.923 11 
627.881 11 
689.146 11 
734.486 11 
514.263 11 
713.355 11 
586.204 11 
613.958 11 
777.973 11 
873.711 11 
688.03 11 
728.016 11 
713.706 11 
598.732 11 
541.062 11 
787.406 11 
713.895 11 
615.158 11 
429.755 11 
671.446 11 
715.503 11 
850.755 11 
817.427 11 
747.262 11 
927.602 11 
677.877 11 
716.165 11 
977.069 11 
780.483 11 
654.483 11 
920.36 11 
676.428 11 
767.913 11 
831.09 11 
679.315 11 
427.031 11 
700.591 11 
769.074 11 
769.559 11 
753.155 11 
559.843 11 
758.921 11 
758.117 11 
497.221 11 
654.372 11 
823.006 11 
737.176 11 
742.164 11 
684.789 11 
744.96 11 
880.666 11 
870.861 11 
759.919 11 
527.565 11 
797.969 11 
642.142 11 
701.796 11 
705.656 11 
807.113 11 
736.306 11 
738.712 11 
804.748 11 
734.957 11 
691.932 11 
749.093 11 
790.948 11 
687.71 11 
695.608 11 
872.969 11 
768.992 11 
742.939 11 
511.522 11 
799.918 11 
660.525 11 
718.542 11 
809.119 11 
640.185 11 
701.268 11 
709.862 11 
630.065 11 
613.546 11 
711.909 11 
892.655 11 
747.689 11 
674.153 11 
871.23 11 
685.451 11 
734.712 11 
761.786 11 
435.162 11 
1076.87 11 
700.949 11 
656.203 11 
728.096 11 
1000.38 11 
750.462 11 
730.287 11 
433.649 11 
723.057 11 
652.543 11 
755.46 11 
961.144 11 
708.591 11 
709.307 11 
954.458 11 
740.388 11 
756.409 11 
615.866 11 
749.062 11 
764.529 11 
688.363 11 
648.853 11 
862.39 11 
570.128 11 
606.299 11 
684.469 11 
805.932 11 
876.82 11 
754.033 11 
868.238 11 
586.158 11 
565.091 11 
703.722 11 
816.134 11 
555.579 11 
501.906 11 
768.34 11 
689.626 11 
772.122 11 
562.563 11 
689.07 11 
649.1 11 
647.773 11 
712.29 11 
755.687 11 
647.783 11 
817.412 11 
833.044 11 
770.591 11 
755.033 11 
739.967 11 
610.125 11 
958.901 11 
849.918 11 
1072.85 11 
685.263 11 
585.511 11 
483.281 11 
668 11 
570.173 11 
730.707 11 
638.867 11 
805.782 11 
753.425 11 
891.977 11 
459.31 11 
744.921 11 
734.157 11 
659.188 11 
630.656 11 
594.046 11 
674.348 11 
791.842 11 
788.655 11 
847.964 11 
785.076 11 
551.5 11 
831.177 11 
682.562 11 
540.601 11 
780.693 11 
866.57 11 
648.995 11 
754.062 11 
727.576 11 
694.84 11 
944.778 11 
569.559 11 
552.872 11 
739.979 11 
664.34 11 
664.031 11 
1080.68 11 
713.795 11 
733.323 11 
592.21 11 
759.717 11 
653.718 11 
828.323 11 
559.188 11 
831.397 11 
601.182 11 
735.914 11 
662.536 11 
650.508 11 
657.066 11 
704.493 11 
526.776 11 
627.374 11 
699.406 11 
607.574 11 
669.976 11 
523.384 11 
702.391 11 
766.743 11 
513.205 11 
599.106 11 
802.148 11 
1064.6 11 
682.414 11 
746.196 11 
801.767 11 
789.969 11 
760.104 11 
643.642 11 
791.982 11 
864.013 11 
509.871 11 
1065.5 11 
659.043 11 
846.247 11 
480.644 11 
644.753 11 
656.741 11 
852.223 11 
847.555 11 
668.654 11 
829.492 11 
852.697 11 
628.452 11 
716.428 11 
637.968 11 
712.747 11 
1457.95 11 
826.231 11 
778.486 11 
769.971 11 
850.906 11 
637.118 11 
584.724 11 
757.054 11 
732.656 11 
1044.42 11 
636.655 11 
781.794 11 
813.267 11 
748.659 11 
857.985 11 
825.903 11 
685.923 11 
817.41 11 
786.615 11 
665.67 11 
766.186 11 
566.136 11 
683.696 11 
992.941 11 
699.198 11 
828.493 11 
875.154 11 
588.133 11 
517.626 11 
575.293 11 
621.489 11 
631.503 11 
750.273 11 
765.336 11 
1004.18 11 
596.366 11 
788.345 11 
628.088 11 
856.664 11 
959.502 11 
922.933 11 
589.927 11 
629.147 11 
716.175 11 
491.325 11 
631.605 11 
508.736 11 
841.118 11 
689.913 11 
775.69 11 
807.468 11 
700.844 11 
714.144 11 
783.594 11 
738.691 11 
759.904 11 
723.183 11 
895.093 11 
737.522 11 
852.793 11 
773.91 11 
842.417 11 
715.938 11 
577.038 11 
587.887 11 
686.098 11 
752.874 11 
522.818 11 
644.605 11 
683.741 11 
680.405 11 
640.179 11 
881.088 11 
704.497 11 
695.596 11 
905.769 11 
808.764 11 
770.811 11 
810.257 11 
716.746 11 
553.432 11 
1017.97 11 
868.151 11 
777.264 11 
842.164 11 
661.863 11 
763.445 11 
946.01 11 
760.035 11 
1093.36 11 
734.29 11 
692.006 11 
297.724 11 
812.154 11 
790.255 11 
607.707 11 
724.044 11 
764.153 11 
602.412 11 
667.276 11 
777.526 11 
703.884 11 
728.58 11 
769.995 11 
752.908 11 
763.253 11 
1174.1 11 
735.001 11 
712.096 11 
875.705 11 
685.115 11 
736.621 11 
638.858 11 
630.523 11 
623.189 11 
676.268 11 
565.009 11 
839.53 11 
701.56 11 
862.543 11 
741.01 11 
559.232 11 
495.555 11 
681.668 11 
670.031 11 
697.286 11 
681.087 11 
797.552 11 
667.145 11 
556.003 11 
665.944 11 
773.658 11 
782.029 11 
660.357 11 
550.743 11 
732.279 11 
658.971 11 
762.558 11 
671.383 11 
612.63 11 
872.188 11 
659.175 11 
666.817 11 
709.815 11 
656.357 11 
717.173 11 
1100.31 11 
579.804 11 
727.179 11 
832.291 11 
711.438 11 
635.633 11 
629.195 11 
734.038 11 
479.31 11 
774.105 11 
707.126 11 
808.548 11 
698.261 11 
674.314 11 
535.898 11 
313.981 11 
556.578 11 
636.089 11 
690.664 11 
525.328 11 
491.123 11 
799.694 11 
849.727 11 
796.469 11 
679.642 11 
578.773 11 
679.429 11 
740.37 11 
675.417 11 
657.223 11 
605.286 11 
614.882 11 
678.743 11 
644.483 11 
646.481 11 
682.654 11 
515.485 11 
672.12 11 
498.96 11 
977.878 11 
735.755 11 
723.479 11 
820.123 11 
785.838 11 
743.867 11 
692.468 11 
721.113 11 
736.618 11 
882.71 11 
618.143 11 
787.744 11 
584.704 11 
864.488 11 
924.299 11 
814.145 11 
645.03 11 
630.848 11 
723.663 11 
614.041 11 
580.362 11 
692.782 11 
694.728 11 
839.181 11 
811.73 11 
829.6 11 
556.906 11 
654.232 11 
830.408 11 
693.627 11 
725.904 11 
697.651 11 
692.613 11 
654.929 11 
764.729 11 
712.381 11 
492.615 11 
655.804 11 
689.414 11 
688.738 11 
975.017 11 
734.049 11 
723.887 11 
898.843 11 
491.883 11 
668.589 11 
806.097 11 
705.793 11 
641.175 11 
831.556 11 
672.034 11 
778.743 11 
822.243 11 
809.804 11 
502.047 11 
823.699 11 
795.045 11 
779.612 11 
579.427 11 
954.123 11 
562.313 11 
478.122 11 
701.302 11 
649.857 11 
714.19 11 
495.041 11 
780.923 11 
945.364 11 
743.854 11 
820.901 11 
579.864 11 
602.698 11 
653.784 11 
816.946 11 
840.104 11 
599.942 11 
616.007 11 
611.866 11 
662.171 11 
824.829 11 
698.847 11 
682.228 11 
666.473 11 
792.965 11 
699.958 11 
774.265 11 
665.05 11 
818.542 11 
772.157 11 
616.38 11 
712.544 11 
908.667 11 
505.013 11 
755.451 11 
661.633 11 
877.754 11 
672.833 11 
610.198 11 
569.596 11 
666.603 11 
743.149 11 
597.768 11 
862.656 11 
742.838 11 
722.05 11 
443.85 11 
543.575 11 
710.014 11 
248.93 11 
597.608 11 
657.55 11 
725.055 11 
648.578 11 
918.107 11 
810.05 11 
784.992 11 
738.813 11 
770.284 11 
701.463 11 
603.323 11 
810.945 11 
712.155 11 
620.031 11 
749.734 11 
726.632 11 
1345.04 11 
915.799 11 
976.449 11 
698.304 11 
704.636 11 
680.633 11 
715.543 11 
776.024 11 
838.509 11 
738.773 11 
477.464 11 
945.246 11 
736.033 11 
661.016 11 
460.986 11 
774.752 11 
622.783 11 
770.902 11 
599.101 11 
750.971 11 
744.307 11 
865.094 11 
667.205 11 
771.332 11 
729.256 11 
625.589 11 
711.342 11 
874.664 11 
769.37 11 
638.698 11 
771.611 11 
746.064 11 
617.319 11 
590.663 11 
798.804 11 
634.738 11 
746.261 11 
698.86 11 
815.387 11 
572.071 11 
720.562 11 
382.586 11 
648.531 11 
700.094 11 
1020.52 11 
792.465 11 
538.05 11 
455.201 11 
521.865 11 
545.31 11 
817.706 11 
761.339 11 
746.624 11 
739.944 11 
854.983 11 
1224.63 11 
615.176 11 
680.696 11 
823.19 11 
675.633 11 
781.856 11 
830.858 11 
772.948 11 
760.983 11 
737.63 11 
692.094 11 
786.729 11 
617.368 11 
872.17 11 
613.359 11 
809.709 11 
777.514 11 
527.948 11 
644.725 11 
771.698 11 
1006.79 11 
842.096 11 
722.586 11 
494.239 11 
396.2 11 
593.237 11 
879.71 11 
537.916 11 
454.328 11 
732.55 11 
981.743 11 
726.142 11 
817.772 11 
720.067 11 
666.84 11 
850.295 11 
850.221 11 
654.456 11 
850.336 11 
726.205 11 
821.097 11 
796.917 11 
903.424 11 
567.562 11 
726.37 11 
622.837 11 
518.646 11 
698.729 11 
553.111 11 
579.399 11 
613.33 11 
822.346 11 
683.298 11 
633.893 11 
767.327 11 
834.44 11 
507.673 11 
606.795 11 
753.455 11 
660.472 11 
610.073 11 
505.75 11 
435.658 11 
667.632 11 
483.7 11 
622.707 11 
628.039 11 
880.654 11 
519.065 11 
689.419 11 
724.131 11 
350.965 11 
736.151 11 
90.7937 11 
668.349 11 
580.178 11 
796.194 11 
695.538 11 
463.493 11 
371.258 11 
623.911 11 
620.608 11 
683.791 11 
709.841 11 
691.328 11 
720.982 11 
657.159 11 
777.116 11 
563.455 11 
901.328 11 
412.532 11 
645.49 11 
794.771 11 
476.682 11 
817.419 11 
760.245 11 
732.386 11 
709.554 11 
740.213 11 
779.215 11 
634.395 11 
718.402 11 
1098.96 11 
746.363 11 
448.993 11 
813.008 11 
717.378 11 
826.911 11 
672.695 11 
711.918 11 
764.477 11 
969.434 11 
594.899 11 
755.183 11 
765.115 11 
512.403 11 
767.944 11 
754.254 11 
800.671 11 
440.39 11 
968.274 11 
719.436 11 
780.449 11 
896.101 11 
804.356 11 
728.198 11 
1012.45 11 
837.633 11 
793.435 11 
551.541 11 
743.196 11 
922.245 11 
793.986 11 
817.766 11 
729.867 11 
558.029 11 
595.496 11 
414.935 11 
743.225 11 
1130.88 11 
771.952 11 
931.825 11 
617.574 11 
718.879 11 
764.957 11 
580.902 11 
624.742 11 
716.817 11 
615.315 11 
713.932 11 
598.503 11 
811.181 11 
619.92 11 
1021.21 11 
844.598 11 
810.849 11 
747.24 11 
628.827 11 
644.272 11 
725.809 11 
882.764 11 
598.391 11 
684.118 11 
741.309 11 
755.431 11 
625.598 11 
736.648 11 
814.165 11 
680.009 11 
676.461 11 
612.493 11 
446.395 11 
718.071 11 
594.368 11 
679.802 11 
427.528 11 
1136.53 11 
515.798 11 
720.811 11 
786.662 11 
462.364 11 
503.512 11 
597.989 11 
769.732 11 
781.621 11 
793.759 11 
532.708 11 
759.573 11 
413.367 11 
725.401 11 
557.488 11 
649.695 11 
780.672 11 
397.812 11 
537.434 11 
725.953 11 
698.366 11 
782.524 11 
631.387 11 
713.248 11 
874.381 11 
711.15 11 
447.887 11 
758.746 11 
919.572 11 
651.047 11 
743.975 11 
755.9 11 
756.61 11 
717.393 11 
734.235 11 
531.402 11 
762.336 11 
756.173 11 
720.287 11 
722.313 11 
669.995 11 
685.657 11 
680.736 11 
589.818 11 
797.644 11 
646.625 11 
754.915 11 
894.526 11 
870.244 11 
665.873 11 
832.174 11 
1152.62 11 
637.547 11 
458.042 11 
864.102 11 
743.78 11 
714.757 11 
628.308 11 
879.096 11 
708.393 11 
885.929 11 
819.85 11 
725.584 11 
736.6 11 
474.553 11 
826.8 11 
592.132 11 
589.839 11 
633.522 11 
534.344 11 
1559.35 11 
538.509 11 
837.907 11 
891.942 11 
691.784 11 
689.492 11 
832.884 11 
633.486 11 
635.644 11 
590.135 11 
591.388 11 
779.84 11 
866.395 11 
813.557 11 
995.581 11 
505.886 11 
672.496 11 
667.272 11 
714.448 11 
747.426 11 
727.66 11 
740.391 11 
774.608 11 
687.83 11 
695.535 11 
468.003 11 
578.562 11 
571.162 11 
469.368 11 
651.982 11 
588.947 11 
726.266 11 
1010.2 11 
605.864 11 
435.576 11 
510.186 11 
430.487 11 
693.082 11 
687.729 11 
800.399 11 
493.706 11 
693.945 11 
767.107 11 
645.255 11 
725.095 11 
758.45 11 
771.283 11 
669.641 11 
645.091 11 
519.267 11 
895.69 11 
563.861 11 
756.392 11 
805.102 11 
712.28 11 
854.33 11 
674.028 11 
635.77 11 
838.131 11 
796.851 11 
948.098 11 
570.812 11 
781.999 11 
785.571 11 
728.396 11 
950.858 11 
707.559 11 
657.782 11 
1027.98 11 
569.491 11 
549.67 11 
605.853 11 
568.221 11 
490.619 11 
842.166 11 
843.472 11 
715.503 11 
663.798 11 
804.311 11 
930.392 11 
700.822 11 
695.657 11 
925.398 11 
695.5 11 
703.326 11 
644.661 11 
416.367 11 
589.526 11 
768.362 11 
639.589 11 
809.06 11 
664.646 11 
745.217 11 
769.586 11 
603.073 11 
648.95 11 
831.415 11 
880.953 11 
1123.58 11 
893.484 11 
745.129 11 
704.391 11 
680.784 11 
751.996 11 
588.319 11 
698.722 11 
529.763 11 
801.255 11 
452.815 11 
1175.91 11 
840.887 11 
603.809 11 
509.229 11 
686.435 11 
564.919 11 
418.013 11 
766.605 11 
964.89 11 
862.705 11 
852.269 11 
641.927 11 
779.145 11 
696.991 11 
650.361 11 
649.398 11 
701.951 11 
706.626 11 
1073.9 11 
755.036 11 
690.814 11 
1134.57 11 
552.234 11 
753.315 11 
531.294 11 
620.408 11 
551.692 11 
846.679 11 
909.887 11 
1097.47 11 
713.353 11 
816.615 11 
584.419 11 
786.543 11 
750.677 11 
773.459 11 
548.572 11 
832.568 11 
738.114 11 
712.264 11 
810.974 11 
558.217 11 
597.68 11 
654.325 11 
735.607 11 
610.508 11 
815.685 11 
404.43 11 
757.445 11 
707.721 11 
694.736 11 
484.62 11 
778.092 11 
624.097 11 
924.857 11 
788.325 11 
720.992 11 
730.134 11 
739.466 11 
736.562 11 
688.056 11 
765.899 11 
718.077 11 
853.399 11 
635.499 11 
741.226 11 
831.087 11 
691.891 11 
679.852 11 
754.562 11 
680.513 11 
770.77 11 
577.491 11 
961.174 11 
780.404 11 
756.363 11 
810.006 11 
782.888 11 
808.291 11 
500.582 11 
808.516 11 
760.685 11 
773.12 11 
699.473 11 
611.131 11 
1055.99 11 
889.063 11 
500.547 11 
561.594 11 
754.954 11 
527.357 11 
713.813 11 
660.62 11 
741.747 11 
769.298 11 
973.653 11 
755.016 11 
661.076 11 
733.129 11 
712.605 11 
483.477 11 
783.841 11 
814.874 11 
1148.03 11 
633.599 11 
922.893 11 
723.963 11 
679.598 11 
770.351 11 
440.379 11 
730.058 11 
556.898 11 
852.883 11 
646.279 11 
815.673 11 
733.13 11 
479.642 11 
818.011 11 
779.05 11 
949.249 11 
822.279 11 
736.541 11 
632.766 11 
297.331 11 
706.433 11 
801.551 11 
735.113 11 
714.985 11 
796.953 11 
636.481 11 
831.799 11 
620.214 11 
846.12 11 
792.253 11 
726.428 11 
542.93 11 
515.377 11 
779.918 11 
747.673 11 
839.141 11 
770.916 11 
1218.75 11 
685.086 11 
816.421 11 
669.562 11 
518.119 11 
718.882 11 
658.927 11 
488.369 11 
851.828 11 
617.592 11 
562.108 11 
675.706 11 
705.814 11 
702.575 11 
569.245 11 
700.92 11 
684.521 11 
491.837 11 
861.499 11 
790.35 11 
815.265 11 
850.691 11 
748.799 11 
894.489 11 
728.043 11 
552.872 11 
419.836 13 
839.867 13 
624.489 13 
614.547 13 
669.904 13 
776.788 13 
553.546 13 
641.833 13 
639.069 13 
439.212 13 
774.676 13 
832.139 13 
857.615 13 
662.133 13 
720.678 13 
825.588 13 
716.557 13 
728.794 13 
538.549 13 
520.693 13 
816.639 13 
859.607 13 
1410.27 13 
717.158 13 
860.657 13 
765.796 13 
741.822 13 
715.473 13 
653.215 13 
871.491 13 
878.618 13 
1183.18 13 
832.168 13 
712.801 13 
724.48 13 
799.56 13 
578.846 13 
803.462 13 
788.557 13 
549.976 13 
680.744 13 
776.926 13 
693.633 13 
831.077 13 
741.277 13 
735.943 13 
669.126 13 
758.285 13 
849.937 13 
690.806 13 
566.644 13 
867.252 13 
944.123 13 
716.426 13 
762.656 13 
740.441 13 
586.898 13 
1029.21 13 
736.603 13 
851.908 13 
668.149 13 
681.936 13 
540.497 13 
788.366 13 
759.229 13 
872.15 13 
762.447 13 
883.964 13 
816.257 13 
717.734 13 
736.081 13 
798.993 13 
796.874 13 
430.701 13 
720.409 13 
1104.97 13 
762.526 13 
727.893 13 
643.915 13 
769.941 13 
537.994 13 
669.951 13 
1251.69 13 
979.599 13 
674.273 13 
777.743 13 
868.354 13 
810.638 13 
642.09 13 
509.633 13 
686.449 13 
748.952 13 
628.896 13 
614.102 13 
801.053 13 
535.54 13 
734.493 13 
779.395 13 
683.9 13 
454.946 13 
651.508 13 
641.828 13 
833.927 13 
710.835 13 
880.85 13 
676.775 13 
642.173 13 
873.522 13 
786.186 13 
835.823 13 
725.862 13 
462.983 13 
703.896 13 
758.487 13 
719.397 13 
544.634 13 
622.463 13 
542.965 13 
628.808 13 
615.311 13 
804.477 13 
818.019 13 
696.479 13 
717.45 13 
411.817 13 
702.053 13 
641.3 13 
697.18 13 
683.941 13 
569.093 13 
800.869 13 
644.462 13 
1018.82 13 
801.499 13 
602.371 13 
624.188 13 
668.864 13 
519.992 13 
739.355 13 
490.733 13 
743.333 13 
841.795 13 
558.558 13 
635.332 13 
728.795 13 
710.028 13 
726.736 13 
684.168 13 
639.176 13 
596.212 13 
695.206 13 
849.529 13 
721.198 13 
735.388 13 
772.898 13 
414.639 13 
470.784 13 
776.904 13 
871.198 13 
752.098 13 
582.568 13 
776.528 13 
786.438 13 
756.236 13 
845.766 13 
792.241 13 
944.991 13 
849.447 13 
801.792 13 
732.928 13 
1021.43 13 
835.388 13 
586.329 13 
635.173 13 
729.613 13 
665.281 13 
752.421 13 
517.038 13 
567.28 13 
681.374 13 
695.029 13 
763.701 13 
718.749 13 
475.989 13 
745.455 13 
455.029 13 
631.276 13 
716.32 13 
742.064 13 
434.181 13 
1006.33 13 
663.894 13 
677.499 13 
647.827 13 
809.187 13 
798.028 13 
711.251 13 
1026.51 13 
910.944 13 
478.056 13 
685.758 13 
822.59 13 
559.86 13 
614.515 13 
892.717 13 
800.949 13 
601.254 13 
694.224 13 
895.044 13 
653.801 13 
776.925 13 
752.221 13 
688.106 13 
653.71 13 
602.315 13 
661.007 13 
440.851 13 
737.05 13 
558.892 13 
738.904 13 
706.001 13 
831.494 13 
677.232 13 
747.066 13 
805.661 13 
1101.9 13 
575.904 13 
685.825 13 
671.904 13 
751.768 13 
803.585 13 
531.739 13 
754.307 13 
761.305 13 
667.198 13 
681.27 13 
611.664 13 
692.073 13 
701.149 13 
964.637 13 
786.803 13 
725.245 13 
677.1 13 
708.316 13 
449.654 13 
623.728 13 
789.984 13 
690.19 13 
708.447 13 
566.346 13 
517.322 13 
634.232 13 
759.298 13 
749.259 13 
703.32 13 
932.643 13 
829.754 13 
693.151 13 
642.393 13 
480.964 13 
712.992 13 
655.796 13 
994.636 13 
481.721 13 
850.899 13 
460.745 13 
638.512 13 
645.592 13 
798.567 13 
691.555 13 
572.937 13 
964.931 13 
645.739 13 
738.42 13 
797.292 13 
688.393 13 
982.28 13 
753.558 13 
807.467 13 
516.261 13 
680.192 13 
673.864 13 
893.44 13 
462.914 13 
700.975 13 
670.999 13 
763.931 13 
819.596 13 
745.542 13 
807.411 13 
728.88 13 
781.712 13 
792.967 13 
797.161 13 
745.569 13 
784.795 13 
680.269 13 
816.412 13 
977.18 13 
1108.27 13 
816.379 13 
518.278 13 
792.328 13 
610.778 13 
548.177 13 
671.907 13 
750.218 13 
991.031 13 
662.585 13 
592.492 13 
787.518 13 
943.174 13 
648.804 13 
859.482 13 
869.852 13 
736.598 13 
802.51 13 
772.939 13 
463.055 13 
693.358 13 
623.816 13 
581.705 13 
646.907 13 
599.774 13 
761.912 13 
554.605 13 
449.306 13 
597.805 13 
614.118 13 
741.521 13 
903.63 13 
797.375 13 
883.383 13 
757.398 13 
500.287 13 
788.879 13 
644.99 13 
569.538 13 
746.438 13 
717.25 13 
683.015 13 
754.806 13 
432.091 13 
635.781 13 
705.01 13 
809.869 13 
861.285 13 
756.785 13 
679.712 13 
723.03 13 
690.332 13 
358.406 13 
733.56 13 
698.477 13 
701.275 13 
847.424 13 
498.164 13 
741.498 13 
554.64 13 
768.601 13 
738.238 13 
778.212 13 
880.982 13 
1061.48 13 
695.286 13 
962.673 13 
753.392 13 
576.273 13 
771.815 13 
765.906 13 
896.293 13 
397.895 13 
374.359 13 
413.179 13 
753.136 13 
728.201 13 
883.372 13 
577.232 13 
651.413 13 
560.943 13 
802.807 13 
756.821 13 
667.039 13 
733.654 13 
784.302 13 
880.877 13 
668.001 13 
624.076 13 
751.496 13 
886.321 13 
705.273 13 
721.06 13 
729.996 13 
794.881 13 
646.172 13 
656.214 13 
567.295 13 
723.643 13 
843.429 13 
965.28 13 
628.781 13 
755.876 13 
977.319 13 
313.567 13 
701.217 13 
767.434 13 
657.918 13 
815.45 13 
593.487 13 
820.79 13 
827.687 13 
693.481 13 
720.444 13 
796.138 13 
698.388 13 
681.415 13 
756.471 13 
489.621 13 
780.08 13 
649.419 13 
731.203 13 
688.561 13 
895.922 13 
1024.86 13 
601.834 13 
682.704 13 
613.198 13 
815.755 13 
709.637 13 
586.413 13 
653.717 13 
844.73 13 
702.807 13 
903.774 13 
814.953 13 
607.693 13 
560.297 13 
643.22 13 
777.512 13 
643.566 13 
728.204 13 
477.73 13 
729.453 13 
743.803 13 
577.728 13 
759.531 13 
763.015 13 
654.861 13 
774.882 13 
831.472 13 
726.484 13 
733.424 13 
716.278 13 
785.597 13 
837.88 13 
807.141 13 
796.643 13 
786.362 13 
861.812 13 
634.279 13 
474.164 13 
683.576 13 
568.095 13 
700.899 13 
839.269 13 
1018.6 13 
553.719 13 
1148.45 13 
600.195 13 
786.624 13 
689.779 13 
769.835 13 
750.618 13 
680.27 13 
802.896 13 
729.95 13 
712.527 13 
585.842 13 
714.397 13 
695.099 13 
801.864 13 
673.918 13 
692.487 13 
597.864 13 
1129.76 13 
648.32 13 
616.122 13 
645.978 13 
517.189 13 
792.403 13 
959.495 13 
776.262 13 
635.763 13 
690.408 13 
475.559 13 
726.873 13 
689.936 13 
884.017 13 
892.905 13 
802.581 13 
709.089 13 
558.831 13 
752.006 13 
868.32 13 
714.378 13 
745.885 13 
687.419 13 
575.308 13 
784.729 13 
705.26 13 
582.422 13 
707.836 13 
721.854 13 
768.046 13 
767.528 13 
569.896 13 
644.367 13 
640.074 13 
773.446 13 
855.571 13 
719.297 13 
821.53 13 
885.716 13 
734.39 13 
654.381 13 
760.16 13 
629.346 13 
749.435 13 
808.305 13 
707.385 13 
799.409 13 
689.458 13 
818.223 13 
877.074 13 
975.621 13 
738.055 13 
662.501 13 
670.196 13 
506.155 13 
834.208 13 
710.367 13 
672.29 13 
598.962 13 
859.225 13 
704.059 13 
1390.51 13 
415.151 13 
805.76 13 
747.216 13 
837.094 13 
827.289 13 
525.562 13 
937.109 13 
762.466 13 
548.999 13 
783.77 13 
602.66 13 
783.101 13 
741.216 13 
621.033 13 
907.337 13 
576.394 13 
741.999 13 
639.622 13 
695.119 13 
687.019 13 
745.717 13 
691.771 13 
553.537 13 
685.234 13 
772.57 13 
794.456 13 
686.69 13 
618.325 13 
756.764 13 
674.674 13 
551.327 13 
63.1558 13 
694.944 13 
659.921 13 
658.987 13 
462.905 13 
551.043 13 
624.959 13 
1054.07 13 
708.205 13 
751.527 13 
836.154 13 
1403.01 13 
582.616 13 
697.317 13 
451.409 13 
725.34 13 
664.518 13 
717.162 13 
840.044 13 
815.222 13 
679.659 13 
964.272 13 
572.676 13 
887.099 13 
735.949 13 
551.876 13 
759.57 13 
510.066 13 
753.958 13 
695.709 13 
1075.9 13 
1033.94 13 
516.117 13 
767.395 13 
738.226 13 
718.159 13 
774.305 13 
818.742 13 
588.151 13 
685.119 13 
415.007 13 
755.591 13 
801.591 13 
455.648 13 
526.331 13 
760.935 13 
716.691 13 
620.617 13 
468.906 13 
686.923 13 
748.516 13 
640.268 13 
598.193 13 
720.448 13 
783.115 13 
683.895 13 
816.242 13 
470.869 13 
672.041 13 
716.463 13 
657.51 13 
717.708 13 
412.951 13 
643.017 13 
786.598 13 
789.966 13 
661.074 13 
729.698 13 
608.212 13 
769.156 13 
896.044 13 
703.553 13 
415.529 13 
789.534 13 
716.888 13 
786.861 13 
863.673 13 
792.543 13 
938.87 13 
895.063 13 
701.667 13 
770.642 13 
428.763 13 
708.108 13 
755.291 13 
722.142 13 
821.939 13 
305.879 13 
530.751 13 
668.149 13 
758.087 13 
664.019 13 
754.074 13 
711.277 13 
611.671 13 
699.825 13 
714.814 13 
788.735 13 
688.406 13 
738.387 13 
718.645 13 
899.574 13 
815.254 13 
747.201 13 
636.996 13 
682.126 13 
1118.83 13 
421.415 13 
761.584 13 
728.902 13 
715.774 13 
836.505 13 
745.557 13 
866.601 13 
844.248 13 
712.302 13 
549.701 13 
766.892 13 
935.269 13 
942.539 13 
886.275 13 
1196.08 13 
735.126 13 
790.922 13 
700.751 13 
709.019 13 
818.602 13 
832.763 13 
778.748 13 
727.22 13 
1212.64 13 
736.129 13 
727.738 13 
641.366 13 
809.176 13 
559.991 13 
685.764 13 
572.978 13 
439.37 13 
750.278 13 
710.898 13 
884.01 13 
747.219 13 
949.15 13 
765.053 13 
415.418 13 
759.575 13 
804.64 13 
755.678 13 
707.928 13 
838.215 13 
784.939 13 
734.495 13 
887.06 13 
729.774 13 
673.257 13 
763.867 13 
593.534 13 
735.3 13 
721.079 13 
854.461 13 
685.524 13 
653.404 13 
699.179 13 
707.369 13 
894.837 13 
593.751 13 
848.9 13 
607.938 13 
1011.12 13 
749.69 13 
869.058 13 
704.003 13 
797.108 13 
674.607 13 
542.399 13 
666.411 13 
802.307 13 
719.293 13 
413.125 13 
690.617 13 
861.151 13 
343.222 13 
683.97 13 
760.696 13 
675.629 13 
657.496 13 
682.71 13 
916.573 13 
768.388 13 
921.38 13 
580.831 13 
729.989 13 
743.748 13 
758.445 13 
668.203 13 
652.503 13 
795.074 13 
845.378 13 
826.311 13 
749.495 13 
788.496 13 
832.51 13 
493.495 13 
444.305 13 
562.553 13 
804.682 13 
837.093 13 
558.714 13 
779.237 13 
651.397 13 
664.53 13 
606.153 13 
646.051 13 
679.015 13 
737.831 13 
797.535 13 
913.609 13 
544.942 13 
814.367 13 
377.468 13 
769.054 13 
677.333 13 
656.236 13 
777.367 13 
751.18 13 
612.028 13 
740.581 13 
575.334 13 
704.469 13 
838.465 13 
749.669 13 
790.617 13 
397.643 13 
707.815 13 
1114.89 13 
886.369 13 
648.619 13 
468.102 13 
687.365 13 
799.101 13 
521.282 13 
672.444 13 
733.862 13 
892.51 13 
660.69 13 
754.636 13 
1119.07 13 
618.11 13 
767.301 13 
506.274 13 
670.695 13 
681.947 13 
757.829 13 
479.134 13 
754.504 13 
828.842 13 
808.968 13 
697.78 13 
594.167 13 
872.328 13 
545.948 13 
760.618 13 
775.587 13 
762.186 13 
671.538 13 
710.224 13 
685.32 13 
772.839 13 
708.863 13 
723.26 13 
815.529 13 
526.677 13 
695.506 13 
651.607 13 
723.2 13 
714.303 13 
750.867 13 
655.029 13 
728.086 13 
542.772 13 
680.826 13 
511.886 13 
753.623 13 
836.657 13 
616.914 13 
816.573 13 
649.182 13 
717.177 13 
650.846 13 
770.227 13 
760.74 13 
769.29 13 
740.717 13 
724.996 13 
762.907 13 
624.653 13 
637.524 13 
883.204 13 
711.09 13 
753.727 13 
697.644 13 
724.37 13 
747.635 13 
1229.88 13 
780.987 13 
676.442 13 
621.605 13 
645.075 13 
784.263 13 
519.45 13 
675.536 13 
702.498 13 
662.978 13 
976.827 13 
482.108 13 
556.612 13 
791.969 13 
780.528 13 
753.728 13 
845.768 13 
612.077 13 
657.729 13 
418.953 13 
748.602 13 
579.746 13 
886.865 13 
658.068 13 
815.592 13 
477.699 13 
781.392 13 
827.531 13 
539.512 13 
960.953 13 
696.62 13 
632.488 13 
719.372 13 
795.225 13 
761.302 13 
766.11 13 
798.775 13 
602.063 13 
595.465 13 
738.072 13 
434.326 13 
832.854 13 
793.682 13 
778.33 13 
699.016 13 
772.145 13 
1292.14 13 
577.513 13 
458.122 13 
704.463 13 
420.522 13 
792.559 13 
722.324 13 
964.248 13 
697.632 13 
734.769 13 
659.795 13 
757.59 13 
684.07 13 
800.194 13 
666.583 13 
732.447 13 
631.218 13 
839.347 13 
701.487 13 
649.334 13 
714.376 13 
881.427 13 
1023.12 13 
681.032 13 
742.947 13 
783.011 13 
726.624 13 
632.454 13 
698.451 13 
958.875 13 
546.937 13 
777.398 13 
663.113 13 
458.218 13 
903.78 13 
704.152 13 
747.78 13 
713.969 13 
676.18 13 
881.729 13 
847.582 13 
629.613 13 
608.715 13 
725.508 13 
745.465 13 
589.808 13 
788.359 13 
585.058 13 
608.231 13 
764.63 13 
569.57 13 
532.489 13 
456.041 13 
831.186 13 
662.685 13 
787.494 13 
556.182 13 
663.602 13 
893.361 13 
734.584 13 
671.407 13 
561.94 13 
613.024 13 
498.933 13 
770.488 13 
711.945 13 
772.008 13 
726.765 13 
701.635 13 
595.589 13 
699.881 13 
731.434 13 
698.707 13 
738.235 13 
779.099 13 
533.452 13 
726.145 13 
939.019 13 
618.744 13 
733.064 13 
693.67 13 
748.198 13 
867.127 13 
529.869 13 
705.961 13 
811.646 13 
661.35 13 
866.823 13 
805.294 13 
726.224 13 
704.577 13 
598.977 13 
760.318 13 
625.426 13 
660.946 13 
849.456 13 
765.735 13 
686.531 13 
820.319 13 
780.004 13 
734.359 13 
568.439 13 
661.098 13 
755.858 13 
392.728 13 
825.961 13 
829.704 13 
741.115 13 
798.369 13 
772.53 13 
868.353 13 
758.17 13 
742.586 13 
526.732 13 
668.919 13 
756.961 13 
721.268 13 
681.609 13 
569.314 13 
516.651 13 
516.205 13 
657.932 13 
515.704 13 
553.983 13 
731.757 13 
799.608 13 
695.772 13 
716.808 13 
703.555 13 
705.17 13 
607.586 13 
708.904 13 
766.855 13 
727.755 13 
934.811 13 
672.769 13 
736.699 13 
609.248 13 
505.498 13 
619.023 13 
808.153 13 
643.208 13 
705.162 13 
719.404 13 
822.237 13 
735.449 13 
726.416 13 
858.256 13 
672.344 13 
776.99 13 
606.421 13 
710.796 13 
594.76 13 
800.943 13 
752.386 13 
885.069 13 
696.215 13 
717.248 13 
788.635 13 
924.614 13 
792.307 13 
846.562 13 
622.548 13 
747.634 13 
711.891 13 
649.543 13 
1119.33 13 
524.366 13 
726.022 13 
808.293 13 
770.598 13 
671.312 13 
678.934 13 
839.758 13 
711.467 13 
697.483 13 
628.701 13 
767.327 13 
1052.68 13 
732.27 13 
494.22 13 
1034.07 13 
618.757 13 
731.883 13 
907.689 13 
772.057 13 
714.476 13 
682.21 13 
747.411 13 
605.688 13 
564.705 13 
781.67 13 
753.312 13 
703.511 13 
684.664 13 
670.94 13 
676.824 13 
683.678 13 
585.41 13 
884.986 13 
691.765 13 
647.427 13 
826.073 13 
641.252 13 
825.178 13 
711.885 13 
819.413 13 
757.768 13 
693.425 13 
754.701 13 
520.046 13 
717.649 13 
700.348 13 
734.036 13 
937.744 13 
567.083 13 
563.37 13 
539.417 13 
1134.25 13 
786.532 13 
945.104 13 
735.769 13 
648.58 13 
1032.07 13 
799.622 13 
584.459 13 
584.56 13 
1054.31 13 
855.946 13 
769.686 13 
732.973 13 
805.546 13 
973.102 13 
814.171 13 
684.974 13 
719.658 13 
725.504 13 
921.505 13 
628.227 13 
697.66 13 
666.564 13 
627.511 13 
710.438 13 
613.467 13 
548.309 13 
639.297 13 
749.93 13 
744.914 13 
615.124 13 
624.318 13 
518.924 13 
953.432 13 
886.395 13 
509.622 13 
595.847 13 
574.965 13 
669.524 13 
459.902 13 
696.814 13 
701.972 13 
846.349 13 
665.17 13 
711.354 13 
891.555 13 
601.485 13 
658.117 13 
740.732 13 
706.836 13 
680.881 13 
677.291 13 
608.92 13 
870.576 13 
900.462 13 
702.397 13 
730.65 13 
809.145 13 
837.721 13 
626.205 13 
681.048 13 
747.271 13 
694.367 13 
616.143 13 
601.13 13 
623.182 13 
521.743 13 
583.838 13 
688.261 13 
659.866 13 
782.235 13 
865.261 13 
740.261 13 
738.923 13 
334.489 13 
819.016 13 
615.809 13 
626.061 13 
703.89 13 
804.209 13 
632.289 13 
770.005 13 
585.677 13 
642.916 13 
882.885 13 
832.26 13 
678.819 13 
713.037 13 
481.038 13 
847.337 13 
720.939 13 
977.297 13 
873.614 13 
683.638 13 
538.714 13 
693.627 13 
758.848 13 
641.926 13 
585.028 13 
499.93 13 
701.168 13 
441.527 13 
648.698 13 
542.833 13 
1203.28 13 
836.343 13 
660.897 13 
694.623 13 
486.859 13 
805.432 13 
684.156 13 
605.231 13 
768.683 13 
820.622 13 
658.816 13 
663.761 13 
714.473 13 
512.295 13 
831.889 13 
749.148 13 
555.37 13 
712.702 13 
564.408 13 
797.767 13 
709.168 13 
598.409 13 
741.225 13 
708.209 13 
751.691 13 
480.437 13 
1262.95 13 
803.551 13 
839.943 13 
724.774 13 
703.945 13 
615.162 13 
1201.19 13 
743.614 13 
606.005 13 
697.533 13 
639.065 13 
424.999 13 
540.318 13 
469.375 13 
811.705 13 
583.885 13 
900.131 13 
988.209 13 
618.273 13 
649.855 13 
543.003 13 
856.073 13 
768.644 13 
731.68 13 
709.841 13 
831.423 13 
871.464 13 
697.659 13 
1145.93 13 
683.094 13 
973.84 13 
757.417 13 
768.133 13 
837.714 13 
677.741 13 
809.006 13 
821.357 13 
668.511 13 
645.188 13 
725.785 13 
811.759 13 
782.387 13 
665.832 13 
701.715 13 
605.46 13 
1094.49 13 
1075.02 13 
655.576 13 
697.411 13 
663.34 13 
384.395 13 
724.018 13 
749.62 13 
770.046 13 
606.739 13 
821.49 13 
720.17 13 
633.249 13 
563.463 13 
746.762 13 
807.009 13 
750.573 13 
802.205 13 
510.319 13 
837.55 13 
719.34 13 
1045.32 13 
622.165 13 
715.548 13 
1288.38 13 
722.801 13 
730.553 13 
789.392 13 
590.881 13 
782.426 13 
711.106 13 
820.401 13 
776.305 13 
675.058 13 
609.555 13 
665.823 13 
467.06 13 
757.309 13 
704.508 13 
808.109 13 
653.277 13 
499.849 13 
637.211 13 
728.667 13 
752.279 13 
904.307 13 
721.613 13 
731.711 13 
448.078 13 
529.125 13 
634.69 13 
799.31 13 
1046.9 13 
1003.58 13 
694.299 13 
740.774 13 
911.588 13 
609.55 13 
423.93 13 
745.708 13 
780.645 13 
826.287 13 
780.699 13 
790.898 13 
770.431 13 
690.443 13 
736.567 13 
151.077 13 
618.215 13 
613.147 13 
791.706 13 
743.924 13 
536.788 13 
606.453 13 
770.744 13 
561.879 13 
614.1 13 
296.621 13 
697.972 13 
698.903 13 
887.12 13 
742.071 13 
705.149 13 
456.531 13 
703.718 13 
554.802 13 
742.685 13 
831.668 13 
657.418 13 
624.056 13 
610.963 13 
796.025 13 
948.951 13 
720.561 13 
540.949 13 
684.774 13 
807.13 13 
692.661 13 
695.863 13 
790.086 13 
670.088 13 
489.838 13 
755.366 13 
648.581 13 
679.565 13 
760.178 13 
604.277 13 
756.016 13 
627.583 13 
934.436 13 
888.703 13 
777.364 13 
689.323 13 
825.586 13 
840.671 13 
729.105 13 
558.675 13 
716.913 13 
878.659 13 
901.216 13 
604.61 13 
372.207 13 
626.029 13 
830.841 13 
638.904 13 
903.756 13 
686.619 13 
902.761 13 
689.507 13 
942.183 13 
606.275 13 
822.138 13 
552.621 13 
685.321 13 
747.234 13 
671.15 13 
628.413 13 
734.261 13 
723.908 13 
698.772 13 
643.185 13 
762.525 13 
803.429 13 
817.94 13 
778.28 13 
954.528 13 
747.39 13 
698.738 13 
668.587 13 
717.297 13 
719.006 13 
801.736 13 
783.425 13 
992.738 13 
823.192 13 
703.837 13 
635.348 13 
721.679 13 
656.237 13 
716.798 13 
739.407 13 
689.305 13 
449.853 13 
794.436 13 
687.832 13 
560.691 13 
653.277 13 
503.048 13 
719.34 13 
706.406 13 
708.007 13 
577.931 13 
711.112 13 
634.98 13 
708.971 13 
479.336 13 
659.677 13 
432.694 13 
919.151 13 
765.108 13 
805.724 13 
535.973 13 
750.134 13 
979.985 13 
755.344 13 
766.937 13 
715.86 13 
617.218 13 
716.641 13 
863.802 13 
892.133 13 
740.204 13 
598.646 13 
602.733 13 
773.858 13 
761.871 13 
749.623 13 
846.107 13 
742.926 13 
795.843 13 
898.533 13 
689.187 13 
462.074 13 
782.041 13 
718.524 13 
769.052 13 
1026.37 13 
966.888 13 
699.175 13 
669.347 13 
789.291 13 
1160.47 13 
637.68 13 
795.987 13 
986.189 13 
874.593 13 
1021.62 13 
550.897 13 
879.472 13 
752.836 13 
952.612 13 
734.025 13 
490.389 13 
521.245 13 
712.953 13 
704.735 13 
344.728 13 
740.339 13 
703.721 13 
504.943 13 
554.959 13 
599.649 13 
511.816 13 
697.514 13 
770.043 13 
769.768 13 
929.825 13 
595.931 13 
1044.12 13 
773.781 13 
670.545 13 
697.207 13 
856.365 13 
672.681 13 
723.085 13 
443.904 13 
702.179 13 
805.421 13 
753.292 13 
850.09 13 
633.224 13 
771.519 13 
487.106 13 
747.38 13 
816.932 13 
738.681 13 
862.195 13 
823.639 13 
740.742 13 
520.042 13 
774.6 13 
633.771 13 
712.625 13 
565.24 13 
608.999 13 
764.806 13 
785.328 13 
593.11 13 
681.951 13 
755.539 13 
1092.09 13 
570.283 13 
671.69 13 
657.738 13 
769.313 13 
764.53 13 
888.153 13 
376.082 13 
687.361 13 
526.872 13 
695.166 13 
406.15 13 
720.572 13 
504.711 13 
725.417 13 
451.523 13 
1036.44 13 
816.072 13 
565.992 13 
813.911 13 
917.443 13 
787.804 13 
524.616 13 
562.066 13 
636.16 13 
677.982 13 
754.36 13 
819.885 13 
569.099 13 
482.027 13 
764.648 13 
606.742 13 
507.545 13 
721.368 13 
750.118 13 
719.539 13 
676.521 13 
668.824 13 
737.179 13 
739.543 13 
720.282 13 
603.402 13 
832.378 13 
820.853 13 
652.342 13 
710.467 13 
565.945 13 
859.828 13 
903.584 13 
750.555 13 
767.343 13 
728.564 13 
800.363 13 
887.893 13 
847.619 13 
597.397 13 
768.851 13 
745.551 13 
828.273 13 
575.438 13 
839.06 13 
763.301 13 
760.68 13 
480.031 13 
758.356 13 
406.488 13 
612.736 13 
768.811 13 
687.481 13 
794.895 13 
783.948 13 
819.526 13 
766.471 13 
743.252 13 
715.954 13 
697.895 13 
739.703 13 
563.168 13 
702.683 13 
703.178 13 
744.707 13 
656.153 13 
728.706 13 
759.405 13 
847.246 13 
957.559 13 
829.967 13 
636.454 13 
778.625 13 
354.38 13 
764.914 13 
736.642 13 
637.951 13 
582.729 13 
728.224 13 
739.243 13 
724.024 13 
847.603 13 
806.849 13 
877.29 13 
683.227 13 
645.588 13 
770.93 13 
743.007 13 
1016.53 13 
643.053 13 
764.82 13 
514.819 13 
611.834 13 
740.333 13 
607.5 13 
849.667 13 
489.899 13 
841.346 13 
800.304 13 
725.116 13 
794.332 13 
747.392 13 
923.771 13 
684.898 13 
692.812 13 
809.662 13 
780.694 13 
654.986 13 
954.27 13 
787.804 13 
413.416 13 
753.643 13 
594.937 13 
656.02 13 
736.736 13 
551.354 13 
1754.89 13 
778.69 13 
807.68 13 
555.06 13 
662.588 13 
498.888 13 
994.222 13 
891.067 13 
504.002 13 
467.793 13 
751.74 13 
584.376 13 
574.012 13 
758.83 13 
686.124 13 
683 13 
753.331 13 
730.885 13 
765.131 13 
641.207 13 
465.801 13 
410.582 13 
499.853 13 
760.868 13 
567.995 13 
762.035 13 
778.27 13 
739.616 13 
735.292 13 
807.562 13 
713.788 13 
920.387 13 
731.989 13 
744.659 13 
623.289 13 
608.415 13 
590.291 13 
719.453 13 
544.553 13 
1100.98 13 
642.088 13 
576.065 13 
711.376 13 
657.543 13 
740.96 13 
646.034 13 
639.468 13 
559.411 13 
830.052 13 
572.907 13 
724.577 13 
762.454 13 
674.271 13 
550.841 13 
699.868 13 
896.294 13 
679.561 13 
736.072 13 
506.853 13 
941.609 13 
633.768 13 
709.875 13 
802.814 13 
762.597 13 
797.856 13 
798.957 13 
687.145 13 
912.758 13 
867.874 13 
705.525 13 
561.332 13 
854.626 13 
806.324 13 
622.458 13 
892.667 13 
856.643 13 
713.894 13 
796.173 13 
804.972 13 
617.649 13 
999.377 13 
782.275 13 
621.287 13 
620.104 13 
714.567 13 
738.248 13 
942.512 13 
657.915 13 
662.471 13 
776.097 13 
698.164 13 
870.514 13 
697.908 13 
656.659 13 
648.668 13 
506.33 13 
805.871 13 
751.792 13 
629.539 13 
812.579 13 
610.091 13 
652.654 13 
770.493 13 
522.777 13 
637.425 13 
702.635 13 
686.421 13 
714.32 13 
1098.89 13 
981.673 13 
829.25 13 
700.084 13 
558.155 13 
684.924 13 
559.547 13 
821.371 13 
513.566 13 
771.542 13 
689.741 13 
551.173 13 
736.054 13 
714.127 13 
731.861 13 
557.905 13 
1016.05 13 
737.384 13 
688.82 13 
660.306 13 
348.97 13 
862.505 13 
473.925 13 
564.887 13 
878.812 13 
786.435 13 
626.532 13 
626.355 13 
682.447 13 
661.591 13 
712.791 13 
875.342 13 
753.776 13 
745.988 13 
708.573 13 
699.331 13 
807.315 13 
794.283 13 
338.399 13 
709.559 13 
711.553 13 
581.428 13 
704.282 13 
769.335 13 
701.163 13 
750.033 13 
800.267 13 
715.975 13 
735.114 13 
691.394 13 
785.888 13 
756.155 13 
599.899 13 
736.133 13 
774.177 13 
353.732 13 
422.198 13 
776.715 13 
721.185 13 
709.926 13 
615.678 13 
770.229 13 
562.003 13 
750.687 13 
674.396 13 
490.077 13 
787.9 13 
1031.33 13 
650.343 13 
641.823 13 
653.601 13 
864.806 13 
404.228 13 
888.436 13 
558.733 13 
841.629 13 
648.372 13 
660.249 13 
671.719 13 
762.918 13 
712.319 13 
655.572 13 
551.459 13 
1011.02 13 
707.788 13 
902.684 13 
615.803 13 
734.597 13 
720.301 13 
1045.59 13 
693.098 13 
656.142 13 
917.31 13 
602.931 13 
585.347 13 
908.743 13 
824.469 13 
677.093 13 
682.729 13 
692.548 13 
830.625 13 
597.804 13 
667.873 13 
675.414 13 
753.865 13 
715.932 13 
617.416 13 
610.86 13 
552.041 13 
700.694 13 
738.06 13 
643.439 13 
766.9 13 
625.613 13 
650.687 13 
847.886 13 
787.33 13 
811.719 13 
684.151 13 
550.293 13 
575.436 13 
1024.26 13 
653.557 13 
933.358 13 
764.346 13 
736.743 13 
896.604 13 
606.055 13 
727.636 13 
459.399 13 
795.549 13 
660.027 13 
521.349 13 
816.927 13 
815.744 13 
730.264 13 
813.203 13 
715.278 13 
653.815 13 
687.044 13 
509.467 13 
590.011 13 
567.021 13 
626.466 13 
701.721 13 
821.382 13 
702.608 13 
531.073 13 
811.459 13 
804.277 13 
662.012 13 
584.76 13 
830.412 13 
641.469 13 
733.522 13 
776.718 13 
646.195 13 
470.324 13 
579.82 13 
764.775 13 
727.121 13 
585.945 13 
642.772 13 
663.768 13 
728.638 13 
707.557 13 
822.377 13 
763.459 13 
757.055 13 
969.603 13 
765.736 13 
692.503 13 
1051.84 13 
708.586 13 
568.342 13 
677.791 13 
513.237 13 
864.125 13 
523.524 13 
629.65 13 
672.575 13 
772.264 13 
781.805 13 
768.949 13 
773.395 13 
760.146 13 
780.064 13 
739.628 13 
567.644 13 
684.078 13 
792.429 13 
813.784 13 
628.12 13 
560.144 13 
427.654 13 
557.008 13 
799.338 13 
808.936 13 
639.056 13 
488.049 13 
743.997 13 
729.343 13 
714.025 13 
626.151 13 
794.057 13 
688.845 13 
767.209 13 
743.219 13 
957.317 13 
735.557 13 
508.861 13 
631.665 13 
602.939 13 
632.978 13 
721.689 13 
646.152 13 
679.685 13 
673.289 13 
710.825 13 
764.33 13 
732.935 13 
729.768 13 
705.856 13 
543.318 13 
658.649 13 
711.438 13 
790.644 13 
592.6 13 
728.572 13 
399.443 13 
741.394 13 
475.975 13 
720.207 13 
641.319 13 
658.688 13 
699.851 13 
744.349 13 
610.799 13 
887.083 13 
841.276 13 
754.174 13 
575.101 13 
764.625 13 
595.903 13 
763.922 13 
665.883 13 
887.783 13 
927.89 13 
800 13 
829.281 13 
625.114 13 
727.298 13 
836.977 13 
776.618 13 
773.698 13 
522.358 13 
966.774 13 
788.083 13 
483.58 13 
696.961 13 
702.744 13 
677.21 13 
685.533 13 
923.22 13 
773.13 13 
690.257 13 
714.024 13 
810 13 
529.71 13 
867.96 13 
530.128 13 
631.832 13 
738.008 13 
726.049 13 
653.555 13 
500.909 13 
723.484 13 
822.704 13 
714.342 13 
721.769 13 
738.83 13 
710.537 13 
707.997 13 
891.147 13 
653.572 13 
464.19 13 
639.149 13 
676.706 13 
734.889 13 
729.015 13 
404.228 13 
565.769 13 
391.563 13 
750.729 13 
736.049 13 
780.302 13 
619.091 13 
1262.16 13 
804.962 13 
764.39 13 
827.837 13 
598.348 13 
746.332 13 
717.743 13 
755.323 13 
726.699 13 
738.768 13 
629.5 13 
555.967 13 
619.407 13 
804.961 13 
1028.23 13 
519.376 13 
812.313 13 
639.056 13 
485.622 13 
777.52 13 
551.783 13 
758.552 13 
716.956 13 
808.922 13 
901.44 13 
803.902 13 
762.94 13 
779.203 13 
772.289 13 
999.891 13 
873.014 13 
694.125 13 
741.715 13 
740.061 13 
1315.51 13 
819.606 13 
531.88 13 
450.412 13 
724.743 13 
1023.5 13 
746.848 13 
788.668 13 
488.439 13 
809.155 13 
678.177 13 
830.075 13 
873.909 13 
765.905 13 
734.281 13 
730.703 13 
897.363 13 
644.161 13 
612.122 13 
839.912 13 
664.748 13 
689.937 13 
704.126 13 
878.531 13 
737.502 13 
728.341 13 
648.19 13 
766.535 13 
771.689 13 
697.075 13 
746.197 13 
709.761 13 
829.148 13 
791.223 13 
564.62 13 
698.693 13 
487.81 13 
705.677 13 
843.016 13 
755.691 13 
775.675 13 
723.091 13 
458.898 13 
787.057 13 
731.972 13 
786.856 13 
714.139 13 
733.065 13 
879.052 13 
738.471 13 
745.944 13 
667.342 13 
760.659 13 
690.076 13 
601.722 13 
723.717 13 
634.561 13 
871.187 13 
758.649 13 
730.843 13 
728.078 13 
801.164 13 
704.13 13 
675.036 13 
946.668 13 
805.633 13 
832.744 13 
701.424 13 
660.325 13 
755.201 13 
983.177 13 
764.266 13 
705.622 13 
723.843 13 
681.867 13 
814.128 13 
628.233 13 
715.302 13 
778.792 13 
662.114 13 
451.097 13 
686.914 13 
686.282 13 
801.093 13 
491.472 13 
764.465 13 
681.531 13 
775.509 13 
853.924 13 
509.177 13 
798.495 13 
718.421 13 
620.549 13 
796.023 13 
858.051 13 
824.166 13 
693.724 13 
735.341 13 
1119.15 13 
766.664 13 
831.802 13 
771.503 13 
776.532 13 
763.423 13 
611.223 13 
724.938 13 
659.758 13 
995.029 13 
729.676 13 
557.81 13 
499.444 13 
594.627 13 
735.922 13 
431.534 13 
760.29 13 
669.901 13 
590.7 13 
715.148 13 
839.564 13 
704.137 13 
721.196 13 
736.576 13 
712.494 13 
790.504 13 
1201.73 13 
684.223 13 
723.161 13 
538.476 13 
708.628 13 
726.364 13 
766.006 13 
730.094 13 
555.823 13 
836.002 13 
664.041 13 
556.357 13 
746.939 13 
699.578 13 
763.181 13 
906.886 13 
743.288 13 
