507.775 11 
476.938 11 
526.121 11 
604.186 11 
760.531 11 
476.359 11 
634.214 11 
537.566 11 
522.126 11 
480.348 11 
436.316 11 
545.709 11 
546.503 11 
579.347 11 
536.646 11 
538.036 11 
618.898 11 
470.798 11 
486.756 11 
497.873 11 
464.555 11 
445.999 11 
739.511 11 
562.517 11 
544.64 11 
716.496 11 
441.674 11 
415.948 11 
474.343 11 
466.355 11 
496.723 11 
472.361 11 
700.17 11 
505.822 11 
581.178 11 
574.193 11 
529.015 11 
433.579 11 
636.019 11 
575.003 11 
576.188 11 
1062.28 11 
468.696 11 
544.216 11 
305.359 11 
641.252 11 
513.207 11 
753.993 11 
556.44 11 
377.621 11 
609.34 11 
464.236 11 
480.895 11 
357.101 11 
505.936 11 
461.184 11 
524.267 11 
378.379 11 
458.46 11 
470.91 11 
509.929 11 
539.002 11 
490.734 11 
558.428 11 
569.655 11 
614.197 11 
484.855 11 
597.242 11 
716.794 11 
494.822 11 
523.575 11 
583.176 11 
435.186 11 
511.7 11 
453.604 11 
777.554 11 
376.194 11 
600.084 11 
507.77 11 
509.046 11 
521.099 11 
660.428 11 
490.768 11 
541.656 11 
492.3 11 
530.882 11 
509.971 11 
461.318 11 
523.488 11 
672.386 11 
550.504 11 
521.411 11 
588.146 11 
545.213 11 
371.989 11 
458.455 11 
470.535 11 
501.851 11 
482.111 11 
476.236 11 
614.667 11 
373.295 11 
524.687 11 
1061.09 11 
497.389 11 
589.681 11 
488.643 11 
538.611 11 
594.539 11 
415.319 11 
535.377 11 
446.259 11 
530.656 11 
527.598 11 
554.371 11 
518.454 11 
483.119 11 
418.15 11 
586.088 11 
332.905 11 
493.703 11 
505.039 11 
540.323 11 
702.839 11 
494.187 11 
548.53 11 
449.784 11 
527.117 11 
541.227 11 
697.829 11 
470.621 11 
537.9 11 
358.341 11 
398.118 11 
472.317 11 
578.113 11 
418.385 11 
593.023 11 
410.77 11 
508.973 11 
772.781 11 
488.378 11 
464.84 11 
498.108 11 
664.829 11 
670.407 11 
523.632 11 
508.113 11 
598.22 11 
447.736 11 
717.569 11 
500.07 11 
520.102 11 
464.545 11 
409.336 11 
527.031 11 
402.845 11 
901.477 11 
485.012 11 
910.313 11 
464.671 11 
391.528 11 
1209.24 11 
505.675 11 
489.265 11 
443.411 11 
515.819 11 
520.762 11 
424.546 11 
434.277 11 
483.199 11 
474.391 11 
454.128 11 
558.156 11 
424.956 11 
479.353 11 
488.046 11 
557.364 11 
595.489 11 
631.079 11 
505.483 11 
539.405 11 
491.093 11 
662.917 11 
830.209 11 
569.372 11 
482.558 11 
499.803 11 
453.266 11 
521.71 11 
716.401 11 
873.16 11 
664.499 11 
596.188 11 
415.759 11 
458.392 11 
670.268 11 
598.319 11 
483.137 11 
552.655 11 
548.456 11 
553.879 11 
502.417 11 
672.551 11 
677.624 11 
523.811 11 
486.303 11 
531.925 11 
572.183 11 
558.132 11 
568.571 11 
516.977 11 
446.38 11 
496.825 11 
470.775 11 
493.753 11 
549.063 11 
504.385 11 
527.063 11 
643.721 11 
505.957 11 
623.456 11 
444.596 11 
479.069 11 
668.818 11 
511.292 11 
483.446 11 
573.943 11 
492.572 11 
473.155 11 
506.794 11 
410.102 11 
739.765 11 
585.348 11 
480.206 11 
393.77 11 
576.531 11 
493.909 11 
605.007 11 
460.046 11 
532.837 11 
523.474 11 
531.138 11 
490.252 11 
523.761 11 
582.373 11 
521.757 11 
480.427 11 
564.452 11 
410.314 11 
478.636 11 
449.171 11 
480.317 11 
509.1 11 
427.835 11 
511.093 11 
654.472 11 
468.845 11 
493.811 11 
711.314 11 
558.488 11 
762.909 11 
475.131 11 
591.698 11 
673.668 11 
535.596 11 
487.68 11 
582.477 11 
489.46 11 
469.562 11 
759.829 11 
524.39 11 
452.804 11 
716.775 11 
533.896 11 
559.135 11 
623.148 11 
509.383 11 
543.113 11 
500.117 11 
494.6 11 
521.692 11 
426.044 11 
1181.63 11 
1095.22 11 
564.235 11 
474.215 11 
606.426 11 
416.339 11 
541.897 11 
569.558 11 
516.963 11 
456.59 11 
415.198 11 
613.855 11 
635.331 11 
374.812 11 
507.028 11 
452.461 11 
508.436 11 
670.497 11 
478.69 11 
633.683 11 
549.883 11 
639.65 11 
699.714 11 
514.29 11 
481.505 11 
478.629 11 
496.142 11 
397.064 11 
704.747 11 
587.948 11 
501.206 11 
616.451 11 
545.456 11 
531.951 11 
707.672 11 
547.695 11 
629.59 11 
544.408 11 
492.529 11 
528.305 11 
496.719 11 
522.743 11 
457.176 11 
522.828 11 
477.098 11 
544.165 11 
374.31 11 
471.563 11 
534.069 11 
470.852 11 
489.074 11 
495.273 11 
481.937 11 
613.472 11 
489.152 11 
506.706 11 
485.099 11 
495.219 11 
457.587 11 
555.548 11 
473.637 11 
425.342 11 
522.295 11 
540.65 11 
486.542 11 
519.414 11 
585.164 11 
548.835 11 
474.769 11 
669.909 11 
515.732 11 
347.379 11 
555.958 11 
468.725 11 
435.963 11 
533.127 11 
512.704 11 
388.338 11 
498.911 11 
503.922 11 
520.048 11 
405.169 11 
417.949 11 
480.804 11 
484.396 11 
476.738 11 
561.423 11 
466.219 11 
585.955 11 
530.034 11 
449.061 11 
568.232 11 
599.486 11 
639.007 11 
535.589 11 
372.145 11 
556.843 11 
491.301 11 
473.578 11 
498.104 11 
518.151 11 
450.241 11 
445.854 11 
522.573 11 
601.769 11 
554.52 11 
460.645 11 
508.052 11 
509.03 11 
1032.81 11 
453.263 11 
446.067 11 
411.066 11 
494.868 11 
553.216 11 
554.109 11 
533.81 11 
479.127 11 
420.115 11 
519.132 11 
568.722 11 
601.511 11 
749.678 11 
417.225 11 
557.369 11 
425.46 11 
413.899 11 
565.179 11 
456.967 11 
647.389 11 
640.623 11 
454.81 11 
418.455 11 
573.754 11 
436.076 11 
610.937 11 
554.383 11 
548.524 11 
399.051 11 
396.722 11 
851.868 11 
458.271 11 
647.689 11 
494.06 11 
485.553 11 
460.891 11 
472.181 11 
431.734 11 
562.352 11 
526.666 11 
587.08 11 
413.968 11 
550.805 11 
593.422 11 
417.806 11 
541.25 11 
722.127 11 
670.578 11 
474.562 11 
648.8 11 
564.087 11 
464.709 11 
511.592 11 
479.023 11 
587.321 11 
436.683 11 
633.874 11 
506.759 11 
516.7 11 
485.31 11 
487.673 11 
539.886 11 
527.836 11 
387.437 11 
713.653 11 
588.608 11 
857.058 11 
439.452 11 
533.421 11 
428.731 11 
533.159 11 
477.537 11 
525.672 11 
487.694 11 
479.633 11 
506.593 11 
527.277 11 
540.221 11 
1026.35 11 
487.079 11 
716.153 11 
608.56 11 
469.214 11 
465.756 11 
538.251 11 
512.646 11 
421.147 11 
446.767 11 
486.708 11 
502.992 11 
439.225 11 
662.746 11 
551.096 11 
486.718 11 
487.899 11 
518.212 11 
422.321 11 
431.497 11 
511.482 11 
398.265 11 
520.112 11 
541.532 11 
604.263 11 
543.24 11 
467.006 11 
460.8 11 
469.722 11 
323.521 11 
442.02 11 
473.241 11 
469.968 11 
503.588 11 
475.012 11 
608.073 11 
672.655 11 
454.222 11 
598.101 11 
574.85 11 
538.237 11 
510.63 11 
575.991 11 
474.865 11 
466.924 11 
644.632 11 
545.841 11 
512.452 11 
531.135 11 
521.924 11 
522.754 11 
805.597 11 
484.036 11 
384.657 11 
417.469 11 
451.302 11 
482.664 11 
436.831 11 
727.972 11 
524.322 11 
454.923 11 
746.925 11 
487.427 11 
472.338 11 
605.517 11 
543.984 11 
478.503 11 
490.554 11 
423.323 11 
561.855 11 
531.597 11 
796.47 11 
670.204 11 
582.239 11 
545 11 
419.638 11 
553.978 11 
478.695 11 
474.496 11 
393.046 11 
472.427 11 
645.355 11 
489.177 11 
529.72 11 
544.353 11 
624.034 11 
451.965 11 
421.505 11 
524.537 11 
401.279 11 
431.16 11 
779.258 11 
532.263 11 
435.633 11 
457.801 11 
614.471 11 
554.406 11 
481.55 11 
621.032 11 
429.557 11 
444.838 11 
472.554 11 
470.71 11 
729.9 11 
497.016 11 
779.606 11 
787.071 11 
302.822 11 
515.881 11 
720.668 11 
494.73 11 
513.414 11 
622.263 11 
299.348 11 
464.844 11 
557.678 11 
495.135 11 
501.426 11 
446.867 11 
579.155 11 
782.611 11 
558.327 11 
493.297 11 
753.577 11 
471.834 11 
494.051 11 
424.597 11 
159.446 11 
483.858 11 
463.402 11 
527.635 11 
513.743 11 
382.658 11 
478.168 11 
482.415 11 
373.317 11 
534.212 11 
528.819 11 
789.376 11 
596.73 11 
627.806 11 
595.109 11 
493.393 11 
448.952 11 
482.495 11 
501.472 11 
499.523 11 
462.348 11 
586.38 11 
266.474 11 
621.243 11 
628.013 11 
535.492 11 
442.459 11 
498.825 11 
476.08 11 
401.785 11 
575.795 11 
417.478 11 
547.95 11 
464.293 11 
503.254 11 
563.935 11 
466.472 11 
483.872 11 
494.787 11 
569.382 11 
447.207 11 
600.28 11 
578.309 11 
441.581 11 
788.646 11 
601.505 11 
458.909 11 
541.656 11 
451.01 11 
735.418 11 
849.825 11 
518.151 11 
459.479 11 
480.434 11 
468.886 11 
530.28 11 
519.903 11 
431.835 11 
546.554 11 
786.361 11 
854.222 11 
393.553 11 
613.41 11 
705.651 11 
502.69 11 
617.271 11 
515.578 11 
594.685 11 
555.373 11 
651.76 11 
444.397 11 
431.973 11 
423.6 11 
365.506 11 
665.506 11 
489.061 11 
291.829 11 
522.461 11 
581.619 11 
626.743 11 
521.455 11 
528.64 11 
368.817 11 
717.198 11 
449.589 11 
572.25 11 
510.655 11 
443.142 11 
518.282 11 
535.111 11 
550.386 11 
557.328 11 
594.43 11 
445.891 11 
452.974 11 
407.393 11 
533.563 11 
441.139 11 
492.857 11 
454.09 11 
605.957 11 
435.463 11 
468.125 11 
375.871 11 
1033.03 11 
512.588 11 
525.765 11 
711.111 11 
524.797 11 
497.074 11 
566.356 11 
437.328 11 
457.954 11 
695.463 11 
440.766 11 
414.955 11 
867.377 11 
565.313 11 
582.236 11 
404.464 11 
589.853 11 
428.855 11 
618.894 11 
450.553 11 
797.569 11 
565.974 11 
434.378 11 
419.481 11 
500.616 11 
526.82 11 
471.446 11 
469.582 11 
553.599 11 
498.766 11 
422.167 11 
401.711 11 
458.274 11 
477.339 11 
525.19 11 
495.985 11 
524.779 11 
441.227 11 
594.699 11 
411.702 11 
505.921 11 
514.787 11 
324.962 11 
399.659 11 
512.751 11 
481.685 11 
457.253 11 
392.321 11 
552.416 11 
434.213 11 
503.693 11 
636.081 11 
542.553 11 
501.294 11 
412.124 11 
486.069 11 
501.497 11 
454.188 11 
740.775 11 
575.117 11 
629.155 11 
502.468 11 
588.148 11 
548.059 11 
913.555 11 
450.02 11 
470.892 11 
421.857 11 
514.79 11 
471.927 11 
481.375 11 
546.503 11 
480.139 11 
697.536 11 
489.752 11 
866.44 11 
471.07 11 
645.04 11 
461.783 11 
621.684 11 
494.89 11 
514.868 11 
491.275 11 
504.13 11 
522.012 11 
545.632 11 
484.819 11 
366.729 11 
561.758 11 
560.833 11 
568.569 11 
748.738 11 
531.052 11 
828.884 11 
574.007 11 
536.309 11 
511.998 11 
444.375 11 
518.235 11 
526.468 11 
726.655 11 
625.015 11 
442.021 11 
458.178 11 
517.284 11 
373.595 11 
564.251 11 
788.626 11 
527.795 11 
590.55 11 
500.208 11 
485.663 11 
449.204 11 
680.157 11 
508.027 11 
475.688 11 
385.035 11 
441.768 11 
658.408 11 
525.904 11 
462.031 11 
396.527 11 
520.715 11 
485.874 11 
540.343 11 
694.612 11 
512.851 11 
538.552 11 
522.405 11 
441.426 11 
493.289 11 
469.755 11 
475.842 11 
528.409 11 
726.375 11 
636.87 11 
491.356 11 
572.115 11 
526.118 11 
599.388 11 
656.371 11 
580.541 11 
509.669 11 
516.144 11 
440.906 11 
497.494 11 
496.733 11 
651.831 11 
433.567 11 
494.774 11 
466.603 11 
817.659 11 
559.723 11 
512.752 11 
545.777 11 
423.55 11 
450.198 11 
548.79 11 
527.979 11 
467.316 11 
470.312 11 
569.736 11 
579.938 11 
536.006 11 
425.245 11 
852.499 11 
638.757 11 
491.399 11 
504.171 11 
577.16 11 
510.333 11 
583.756 11 
463.653 11 
468.949 11 
374.87 11 
750.583 11 
522.589 11 
508.219 11 
472.209 11 
411.105 11 
542.789 11 
518.74 11 
567.724 11 
1025.19 11 
637.881 11 
528.019 11 
763.73 11 
582.733 11 
470.561 11 
457.044 11 
484.633 11 
874.995 11 
565.64 11 
602.331 11 
794.141 11 
504.738 11 
550.087 11 
383.141 11 
446.107 11 
433.551 11 
453.433 11 
506.221 11 
415.127 11 
508.78 11 
716.173 11 
624.102 11 
543.613 11 
637.793 11 
1152.36 11 
483.91 11 
535.304 11 
537.362 11 
409.12 11 
590.484 11 
525.136 11 
590.81 11 
436.466 11 
433.484 11 
490.469 11 
481.18 11 
582.006 11 
555.996 11 
424.575 11 
850.258 11 
448.965 11 
558.81 11 
382.934 11 
441.665 11 
453.455 11 
602.102 11 
492.028 11 
1242.48 11 
486.28 11 
468.766 11 
505.316 11 
503.592 11 
564.467 11 
434.316 11 
467.243 11 
742.48 11 
450.762 11 
612.232 11 
526.473 11 
613.367 11 
556.389 11 
528.138 11 
528.243 11 
624.446 11 
509.708 11 
433.015 11 
397.41 11 
393.681 11 
642.725 11 
474.666 11 
477.681 11 
372.534 11 
312.283 11 
492.785 11 
523.097 11 
547.852 11 
502.829 11 
518.767 11 
527.764 11 
479.472 11 
453.284 11 
541.55 11 
521.947 11 
753.042 11 
403.013 11 
459.86 11 
523.162 11 
583.357 11 
524.275 11 
390.965 11 
444.656 11 
506.104 11 
825.873 11 
423.602 11 
507.936 11 
756.116 11 
477.152 11 
477.706 11 
451.625 11 
553.206 11 
547.081 11 
575.802 11 
425.011 11 
499.745 11 
449.943 11 
249.828 11 
463.52 11 
337.647 11 
538.377 11 
615.7 11 
461.788 11 
582.491 11 
554.452 11 
474.643 11 
508.607 11 
762.56 11 
472.094 11 
404.592 11 
471.149 11 
545.464 11 
498.425 11 
589.185 11 
590.375 11 
482.359 11 
348.76 11 
541.781 11 
679.827 11 
507.956 11 
392.322 11 
453.533 11 
665.45 11 
520.176 11 
700.456 11 
469.819 11 
489.157 11 
459.79 11 
460.31 11 
477.698 11 
537.592 11 
510.418 11 
518.819 11 
954.343 11 
519.54 11 
580.023 11 
751.764 11 
496.901 11 
465.762 11 
460.251 11 
483.673 11 
579.566 11 
460.337 11 
452.472 11 
551.547 11 
510.937 11 
485.483 11 
491.639 11 
470.13 11 
560.571 11 
732.937 11 
496.164 11 
543.867 11 
442.196 11 
747.459 11 
497.936 11 
454.095 11 
504.172 11 
524.348 11 
495.876 11 
461.195 11 
511.631 11 
932.001 11 
460.321 11 
496.012 11 
761.649 11 
451.358 11 
472.242 11 
531.742 11 
523.858 11 
718.095 11 
563.788 11 
637.52 11 
543.688 11 
585.685 11 
541.413 11 
454.889 11 
486.468 11 
665.014 11 
605.677 11 
531.742 11 
500.17 11 
631.785 11 
503.606 11 
564.327 11 
511.296 11 
443.863 11 
454.366 11 
456.718 11 
387.21 11 
478.786 11 
522.785 11 
617.418 11 
684.903 11 
487.513 11 
623.72 11 
520.822 11 
466.703 11 
484.429 11 
505.656 11 
571.248 11 
445.62 11 
645.445 11 
691.346 11 
598.951 11 
443.576 11 
396.48 11 
538.251 11 
477.572 11 
471.107 11 
491.293 11 
518.468 11 
65.2909 11 
464.728 11 
534.814 11 
461.477 11 
498.053 11 
550.33 11 
429.69 11 
496.28 11 
490.286 11 
499.004 11 
551.309 11 
495.122 11 
465.962 11 
546.578 11 
506.246 11 
450.116 11 
506.176 11 
568.487 11 
510.699 11 
472.137 11 
526.003 11 
453.683 11 
456.998 11 
526.39 11 
495.441 11 
584.423 11 
487.279 11 
461.25 11 
482.909 11 
527.915 11 
427.954 11 
468.233 11 
504.123 11 
485.087 11 
520.823 11 
493.736 11 
503.82 11 
585.495 11 
443.681 11 
541.387 11 
469.78 11 
436.677 11 
417.048 11 
560.527 11 
491.999 11 
635.266 11 
469.249 11 
400.546 11 
507.975 11 
448.322 11 
482.205 11 
550.873 11 
584.53 11 
422.307 11 
507.607 11 
526.642 11 
394.183 11 
476.871 11 
431.773 11 
486.186 11 
341.944 11 
470.614 11 
554.704 11 
504.6 11 
568.623 11 
482.867 11 
461.418 11 
589.395 11 
476.106 11 
516.646 11 
471.786 11 
541.105 11 
514.037 11 
462.537 11 
487.222 11 
584.398 11 
468.13 11 
492.165 11 
563.773 11 
668.577 11 
806.24 11 
577.21 11 
510.581 11 
531.545 11 
571.262 11 
440.983 11 
497.049 11 
475.177 11 
486.283 11 
443.463 11 
521.978 11 
449.585 11 
772.643 11 
768.404 11 
472.512 11 
485.069 11 
583.486 11 
680.745 11 
575.218 11 
641.612 11 
425.794 11 
474.321 11 
487.187 11 
751.044 11 
486.581 11 
439.654 11 
514.251 11 
500.289 11 
413.658 11 
600.216 11 
785.195 11 
652.399 11 
377.895 11 
390.429 11 
532.098 11 
503.283 11 
492.827 11 
524.574 11 
518.589 11 
544.169 11 
479.548 11 
495.143 11 
488.34 11 
563.004 11 
740.766 11 
470.041 11 
458.268 11 
517.744 11 
516.971 11 
504.251 11 
434.218 11 
462.076 11 
469.641 11 
490.776 11 
524.884 11 
353.011 11 
481.77 11 
421.851 11 
719.157 11 
509.8 11 
491.864 11 
478.458 11 
520.555 11 
641.965 11 
486.75 11 
572.424 11 
501.84 11 
480.563 11 
496.011 11 
552.698 11 
743.198 11 
570.942 11 
489.119 11 
582.1 11 
578.584 11 
782.338 11 
718.237 11 
447.046 11 
529.373 11 
514.249 11 
540.479 11 
416.393 11 
508.973 11 
475.401 11 
516.472 11 
474.664 11 
775.208 11 
474.708 11 
461.574 11 
537.744 11 
616.998 11 
531.593 11 
626.135 11 
474.873 11 
809.306 11 
463.629 11 
803.642 11 
438.025 11 
471.679 11 
385.654 11 
749.684 11 
445.414 11 
442.598 11 
457.92 11 
501.806 11 
558.135 11 
557.999 11 
567.024 11 
534.125 11 
373.701 11 
739.305 11 
987.05 11 
494.066 11 
463.328 11 
463.628 11 
564.738 11 
509.49 11 
536.985 11 
507.749 11 
560.396 11 
489.517 11 
426.002 11 
512.321 11 
469.078 11 
488.044 11 
530.178 11 
395.752 11 
616.547 11 
522.716 11 
369.119 11 
533.138 11 
491.552 11 
501.427 11 
361.703 11 
447.014 11 
462.732 11 
406.646 11 
536.236 11 
752.404 11 
487.329 11 
485.891 11 
512.854 11 
450.024 11 
429.512 11 
355.211 11 
398.563 11 
682.383 11 
497.705 11 
635.35 11 
385.315 11 
558.284 11 
503.836 11 
456.499 11 
465.445 11 
451.109 11 
455.521 11 
479.276 11 
451.113 11 
539.762 11 
511.931 11 
327.256 11 
538.21 11 
501.539 11 
735.373 11 
430.246 11 
581.87 11 
445.52 11 
484.943 11 
492.937 11 
608.654 11 
752.669 11 
691.138 11 
660.856 11 
426.588 11 
908.815 11 
398.835 11 
492.756 11 
504.512 11 
575.897 11 
1038.86 11 
360.821 11 
563.889 11 
790.359 11 
430.062 11 
526.721 11 
518.838 11 
713.563 11 
653.231 11 
528.754 11 
425.236 11 
486.911 11 
516.265 11 
507.713 11 
530.327 11 
486.882 11 
545.929 11 
493.66 11 
533.219 11 
558.675 11 
589.557 11 
473.165 11 
539.324 11 
514.273 11 
429.249 11 
502.76 11 
454.972 11 
562.193 11 
474.188 11 
443.401 11 
573.327 11 
440.765 11 
492.651 11 
528.168 11 
413.738 11 
497.173 11 
620.023 11 
340.958 11 
480.948 11 
480.269 11 
522.662 11 
533.365 11 
757.026 11 
471.854 11 
592.555 11 
664.189 11 
439.26 11 
612.073 11 
497.779 11 
437.539 11 
563.911 11 
688.257 11 
516.71 11 
468.997 11 
479.614 11 
658.603 11 
503.971 11 
396.081 11 
517.827 11 
478.023 11 
451.927 11 
512.756 11 
527.287 11 
601.936 11 
598.27 11 
484.136 11 
655.492 11 
535.472 11 
430.51 11 
457.345 11 
524.021 11 
462.498 11 
467.228 11 
551.671 11 
154.535 11 
485.309 11 
372.553 11 
488.323 11 
162.909 11 
520.108 11 
472.999 11 
531.241 11 
565.578 11 
502.983 11 
529.097 11 
566.156 11 
660.345 11 
585.283 11 
513.891 11 
493.077 11 
478.497 11 
454.976 11 
1107.7 11 
475.636 11 
481.055 11 
753.82 11 
503.049 11 
567.341 11 
662.954 11 
451.596 11 
442.206 11 
657.658 11 
545.036 11 
423.125 11 
812.211 11 
479.895 11 
470.728 11 
434.536 11 
707.292 11 
521.897 11 
749.244 11 
477.906 11 
489.943 11 
543.06 11 
445.562 11 
556.352 11 
542.144 11 
422.83 11 
433.094 11 
514.506 11 
694.97 11 
458.144 11 
477.236 11 
620.283 11 
712.449 11 
569.582 11 
655.075 11 
445.596 11 
741.782 11 
532.075 11 
525.349 11 
533.263 11 
525.604 11 
535.18 11 
469.924 11 
479.38 11 
444.168 11 
557.125 11 
525.159 11 
469.414 11 
505.08 11 
497.333 11 
619.096 11 
510.025 11 
547.81 11 
465.882 11 
529.163 11 
518.982 11 
468.775 11 
508.104 11 
440.427 11 
483.925 11 
467.555 11 
183.732 11 
517.168 11 
521.442 11 
566.363 11 
467.47 11 
479.22 11 
591.175 11 
600.125 11 
482.926 11 
538.586 11 
538.479 11 
519.424 11 
478.193 11 
482.554 11 
676.972 11 
419.014 11 
471.029 11 
911.227 11 
431.491 11 
531.683 11 
460.255 11 
606.694 11 
560.639 11 
670.891 11 
520.234 11 
531.889 11 
449.31 11 
484.336 11 
543.839 11 
535.426 11 
657.944 11 
481.576 11 
498.421 11 
513.852 11 
543.221 11 
478.169 11 
516.454 11 
452.205 11 
630.373 11 
574.495 11 
536.845 11 
531.695 11 
465.645 11 
494.819 11 
427.988 11 
472.143 11 
904.992 11 
522.722 11 
443.089 11 
448.693 11 
665.122 11 
503.857 11 
449.759 11 
861.252 11 
418.103 11 
455.189 11 
470.696 11 
484.462 11 
592.98 11 
601.972 11 
466.368 11 
463.129 11 
444.007 11 
514.664 11 
495.765 11 
451.798 11 
477.631 11 
572.761 11 
588.012 11 
499.529 11 
522.053 11 
543.822 11 
513.158 11 
434.898 11 
602.314 11 
333.408 11 
519.169 11 
397.699 11 
942.542 11 
578.896 11 
524.777 11 
611.316 11 
429.46 11 
504.702 11 
554.113 11 
460.108 11 
394.773 11 
507.995 11 
664.941 11 
506.831 11 
519.005 11 
538.157 11 
524.896 11 
608.358 11 
602.351 11 
521.595 11 
542.754 11 
525.25 11 
564.7 11 
500.252 11 
447.511 11 
455.411 11 
576.883 11 
503.866 11 
522.455 11 
567.338 11 
1019.24 11 
407.741 11 
548.892 11 
629.794 11 
443.289 11 
589.941 11 
530.523 11 
496.465 11 
474.325 11 
560.242 11 
607.552 11 
392.831 11 
406.234 11 
414.148 11 
453.998 11 
538.158 11 
544.871 11 
497.487 11 
754.253 11 
640.54 11 
595.298 11 
383.089 11 
588.969 11 
420.854 11 
874.434 11 
421.367 11 
532.784 11 
658.685 11 
641.917 11 
501.614 11 
562.654 11 
867.069 11 
448.156 11 
479.756 11 
514.349 11 
704.106 11 
441.829 11 
451.828 11 
525.813 11 
488.406 11 
563.903 11 
472.361 11 
513.465 11 
473.737 11 
1121.02 11 
629.024 11 
465.295 11 
464.5 11 
546.073 11 
568.285 11 
512.132 11 
530.707 11 
472.608 11 
780.102 11 
717.49 11 
534.31 11 
458.227 11 
567.493 11 
453.669 11 
664.892 11 
545.631 11 
600.75 11 
480.642 11 
493.986 11 
513.498 11 
466.217 11 
610.981 11 
461.89 11 
566.12 11 
510.885 11 
496.139 11 
654.21 11 
556.612 11 
486.233 11 
395.45 11 
522.811 11 
780.44 11 
531.883 11 
723.451 11 
472.108 11 
495.908 11 
419.41 11 
417.733 11 
478.508 11 
503.964 11 
778.677 11 
563.916 11 
459.696 11 
432.352 11 
561.865 11 
628.9 11 
583.545 11 
674.76 11 
498.821 11 
504.497 11 
532.175 11 
675.357 11 
393.526 11 
575.557 11 
459.25 11 
700.605 11 
530.61 11 
447.814 11 
595.033 11 
550.541 11 
476.214 11 
621.489 11 
400.365 11 
487.563 11 
486.683 11 
719.02 11 
667.982 11 
431.803 11 
512.847 11 
517.934 11 
720.797 11 
553.82 11 
655.338 11 
506.015 11 
454.914 11 
483.914 11 
510.212 11 
450.325 11 
455.499 11 
510.811 11 
443.215 11 
398.592 11 
550.954 11 
484.268 11 
476.099 11 
393.726 11 
480.521 11 
563.209 11 
565.395 11 
554.758 11 
745.337 11 
543.508 11 
382.574 11 
553.056 11 
430.147 11 
447.929 11 
459.795 11 
497.712 11 
708.74 11 
419.093 11 
580.813 11 
390.277 11 
465.493 11 
505.271 11 
673.968 11 
415.119 11 
434.159 11 
484.672 11 
547.879 11 
742.295 11 
487.667 11 
429.395 11 
195.118 11 
439.011 11 
546.938 11 
433.435 11 
797.645 11 
526.56 11 
864.67 11 
457.704 11 
494.642 11 
484.027 11 
490.373 11 
581.632 11 
520.707 11 
475.309 11 
576.908 11 
508.488 11 
427.268 11 
470.111 11 
506.891 11 
849.073 11 
855.754 11 
475.145 11 
702.49 11 
438.655 11 
467.391 11 
429.728 11 
558.178 11 
525.52 11 
570.449 11 
410.534 11 
621.235 11 
665.186 11 
671.347 11 
488.35 11 
608.727 11 
525.774 11 
457.293 11 
463.438 11 
242.481 11 
509.312 11 
724.691 11 
469.476 11 
502.388 11 
574.285 11 
528.678 11 
444.982 11 
850.479 11 
510.051 11 
488.143 11 
503.622 11 
565.717 11 
394.709 11 
559.211 11 
497.998 11 
497.735 11 
435.55 11 
520.162 11 
539.544 11 
480.742 11 
474.305 11 
479.236 11 
430.472 11 
446.583 11 
507.348 11 
500.429 11 
385.549 11 
526.155 11 
496.981 11 
476.945 11 
491.242 11 
525.214 11 
443.124 11 
604.036 11 
428.981 11 
493.653 11 
554.49 11 
484.567 11 
541.671 11 
527.759 11 
313.724 11 
529.427 11 
398.797 11 
502.389 11 
475.683 11 
556.145 11 
469.735 11 
434.892 11 
488.527 11 
548.881 11 
544.948 11 
463.317 11 
492.933 11 
518.799 11 
549.156 11 
530.587 11 
511.668 11 
553.522 11 
465.204 11 
578.512 11 
594.489 11 
506.739 11 
576.855 11 
496.044 11 
524.128 11 
545.377 11 
418.885 11 
741.667 11 
655.097 11 
521.05 11 
551.861 11 
548.658 11 
476.644 11 
425.702 11 
499.424 11 
398.539 11 
452.281 11 
682.302 11 
485.289 11 
594.029 11 
411.131 11 
486.022 11 
454.467 11 
632.938 11 
446.635 11 
503.327 11 
477.174 11 
431.062 11 
701.224 11 
472.135 11 
544.431 11 
494.39 11 
508.188 11 
548.97 11 
509.943 11 
480.349 11 
549.85 11 
376.883 11 
467.267 11 
385.128 11 
944.003 11 
501.224 11 
488.461 11 
875.076 11 
486.61 11 
389.39 11 
609.545 11 
613.878 11 
557.798 11 
772.312 11 
618.304 11 
541.463 11 
521.443 11 
627.214 11 
523.197 11 
531.193 11 
907.978 11 
384.773 11 
617.056 11 
453.953 11 
430.591 11 
452.014 11 
523.581 11 
545.027 11 
611.722 11 
549.082 11 
509.66 11 
428.238 11 
347.391 11 
484.078 11 
432.273 11 
491.476 11 
487.09 11 
554.099 11 
489.709 11 
669.933 11 
492.575 11 
458.183 11 
516.083 11 
520.988 11 
452.346 11 
445.333 11 
508.751 11 
568.11 11 
642.314 11 
467.85 11 
614.995 11 
454.332 11 
609.619 11 
544.642 11 
834.072 11 
458.414 11 
513.105 11 
568.43 11 
516.833 11 
523.958 11 
553.461 11 
542.832 11 
436.517 11 
450.391 11 
621.635 11 
545.847 11 
572.397 11 
478.673 11 
501.965 11 
593.344 11 
680.924 11 
570.919 11 
758.533 11 
550.49 11 
452.201 11 
550.609 11 
755.428 11 
526.302 11 
589.365 11 
510.301 11 
391.854 11 
612.558 11 
479.277 11 
533.642 11 
471.546 11 
521.99 11 
436.487 11 
532.243 11 
414.774 11 
474.404 11 
628.219 11 
511.852 11 
841.58 11 
555.67 11 
472.744 11 
490.916 11 
506.165 11 
920.675 11 
636.424 11 
491.81 11 
544.096 11 
599.403 11 
518.331 11 
776.003 11 
659.017 11 
368.709 11 
540.878 11 
735.17 11 
483.013 11 
415.669 11 
438.309 11 
493.203 11 
444.701 11 
445.989 11 
587.381 11 
627.866 11 
491.378 11 
564.321 11 
511.873 11 
650.966 11 
488.13 11 
499.345 11 
652.674 11 
498.11 11 
610.552 11 
553.627 11 
520.748 11 
712.208 11 
406.178 11 
580.637 11 
588.595 11 
454.27 11 
533.869 11 
540.685 11 
535.273 11 
374.211 11 
463.911 11 
538.887 11 
539.308 11 
551.296 11 
511.185 11 
430.241 11 
347.377 11 
846.247 11 
567.551 11 
561.354 11 
579.106 11 
604.607 11 
526.228 11 
544.023 11 
452.273 11 
537.19 11 
639.352 11 
579.157 11 
554.367 11 
445.815 11 
497.558 11 
538.939 11 
555.344 11 
644.606 11 
530.947 11 
512.39 11 
470.69 11 
612.12 11 
584.904 11 
588.148 11 
479.454 11 
454.324 11 
640.293 11 
549.93 11 
483.578 11 
514.856 11 
401.643 11 
465.257 11 
534.378 11 
446.973 11 
495.833 11 
404.046 11 
437.821 11 
467.764 11 
513.277 11 
350.02 11 
428.171 11 
752.645 11 
429.348 11 
450.793 11 
696.886 11 
405.936 11 
407.927 11 
521.987 11 
426.949 11 
269.986 11 
539.34 11 
505.507 11 
509.306 11 
579.349 11 
413.36 11 
601.926 11 
485.338 11 
490.282 11 
404.481 11 
526.15 11 
507.45 11 
633.323 11 
558.461 11 
542.963 11 
525.525 11 
567.831 11 
471.943 11 
512.55 11 
629.634 11 
495.17 11 
527.203 11 
491.67 11 
603.281 11 
593.024 11 
447.606 11 
512.2 11 
479.996 11 
472.095 11 
454.229 11 
475.947 11 
590.44 11 
563.207 11 
585.707 11 
372.871 11 
442.405 11 
636.198 11 
486.247 11 
508.96 11 
581.469 11 
665.965 11 
463.531 11 
434.563 11 
486.858 11 
525.912 11 
521.191 11 
657.259 11 
505.652 11 
426.434 11 
469.391 11 
491.718 11 
432.962 11 
569.786 11 
461.182 11 
423.74 11 
466.94 11 
498.727 11 
478.521 11 
497.992 11 
554.827 11 
452.726 11 
588.369 11 
527.162 11 
530.464 11 
468.677 11 
462.521 11 
496.077 11 
572.095 11 
566.743 11 
365.345 11 
413.325 11 
489.882 11 
421.353 11 
411.374 11 
510.814 11 
473.645 11 
435.659 11 
516.041 11 
493.128 11 
418.278 11 
527.548 11 
431.286 11 
415.015 11 
396.291 11 
394.299 11 
514.841 11 
499.829 11 
469.414 11 
534.537 11 
456.578 11 
526.901 11 
502.878 11 
486.149 11 
504.392 11 
501.451 11 
424.162 11 
515.602 11 
551.79 11 
471.399 11 
441.028 11 
463.435 11 
546.74 11 
728.187 11 
717.433 11 
511.912 11 
526.427 11 
501.868 11 
522.549 11 
864.023 11 
608.27 11 
566.111 11 
465.121 11 
670.527 11 
483.188 11 
438.947 11 
586.898 11 
514.81 11 
528.196 11 
538.204 11 
475.786 11 
527.234 11 
494.86 11 
574.888 11 
700.493 11 
540.11 11 
568.358 11 
520.588 11 
274.621 11 
468.206 11 
475.65 11 
525.768 11 
450.306 11 
498.56 11 
838.688 11 
457.223 11 
437.554 11 
456.472 11 
487.491 11 
444.794 11 
556.35 11 
506.005 11 
526.182 11 
621.337 11 
389.262 11 
443.853 11 
507.422 11 
512.606 11 
467.835 11 
529.651 11 
462.346 11 
499.365 11 
493.591 11 
530.785 11 
505.182 11 
507.319 11 
499.835 11 
500.614 11 
454.595 11 
520.899 11 
537.344 11 
742.589 11 
663.877 11 
706.606 11 
424.289 11 
479.075 11 
469.381 11 
514.78 11 
477.867 11 
773.831 11 
481.262 11 
493.342 11 
490.677 11 
575.347 11 
912.836 11 
494.023 11 
503.519 11 
474.719 11 
594.235 11 
496.87 11 
494.419 11 
551.248 11 
589.605 11 
593.027 11 
510.85 11 
495.359 11 
439.907 11 
544.313 11 
473.976 11 
468.898 11 
527.048 11 
419.201 11 
634.425 11 
686.451 11 
493.411 11 
579.34 11 
529 11 
455.426 11 
456.724 11 
538.327 11 
592.095 11 
638.783 11 
517.954 11 
451.4 11 
462.768 11 
481.29 11 
460.383 11 
700.777 11 
555.264 11 
465.748 11 
555.974 11 
447.025 11 
916.976 11 
417.122 11 
625.486 11 
472.922 11 
604.209 11 
571.577 11 
535.47 11 
509.445 11 
548.768 11 
443.786 11 
600.725 11 
586.928 11 
581.445 11 
789.191 11 
466.778 11 
684.768 11 
548.867 11 
547.12 11 
536.25 11 
595.926 11 
534.978 11 
554.082 11 
654.046 11 
490.724 11 
486.743 11 
794.604 11 
561.291 11 
438.72 11 
362.792 11 
899.486 11 
771.338 11 
512.774 11 
414.354 11 
550.428 11 
485.765 11 
1136.05 11 
490.931 11 
614.039 11 
425.766 11 
611.988 11 
480.885 11 
552.794 11 
551.015 11 
444.476 11 
475.365 11 
468.242 11 
523.368 11 
637.68 11 
534.82 11 
550.091 11 
497.623 11 
466.478 11 
518.708 11 
538.562 11 
682.116 11 
423.049 11 
513.435 11 
437.641 11 
479.436 11 
443.095 11 
535.973 11 
431.14 11 
495.899 11 
534.04 11 
390.458 11 
595.741 11 
503.603 11 
506.011 11 
531.847 11 
446.636 11 
577.419 11 
498.261 11 
577.163 11 
454.209 11 
484.735 11 
456.568 11 
604.659 11 
560.16 11 
465.825 11 
417.796 11 
560.504 11 
458.374 11 
566.171 11 
533.175 11 
772.842 11 
449.858 11 
522.152 11 
462.908 11 
583.082 11 
511.808 11 
632.205 11 
535.327 11 
433.052 11 
464.891 11 
624.304 11 
422.281 11 
458.666 11 
681.94 11 
477.839 11 
680.47 11 
507.234 11 
560.239 11 
513.921 11 
421.283 11 
549.66 11 
561.106 11 
373.742 11 
499.458 11 
475.567 11 
485.015 11 
529.348 11 
513.572 11 
410.148 11 
586.755 11 
409.319 11 
583.787 11 
535.974 11 
394.489 11 
516.889 11 
453.876 11 
845.652 11 
391.781 11 
492.249 11 
420.568 11 
413.691 11 
782.195 11 
537.492 11 
420.694 11 
445.941 11 
456.081 11 
506.078 11 
555.8 11 
486.2 11 
525.893 11 
566.435 11 
843.339 11 
889.549 11 
564.479 11 
837.195 11 
653.393 11 
536.521 11 
668.913 11 
829.698 11 
518.048 11 
554.677 11 
719.218 11 
468.123 11 
510.738 11 
522.594 11 
807.867 11 
554.198 11 
931.425 11 
669.975 11 
464.453 11 
607.977 11 
399.706 11 
557.624 11 
484.15 11 
567.876 11 
618.018 11 
813.68 11 
645.373 11 
438.877 11 
850.625 11 
479.597 11 
518.766 11 
495.262 11 
658.699 11 
763.938 11 
472.563 11 
501.247 11 
500.891 11 
477.246 11 
526.267 11 
450.223 11 
668.4 11 
471.433 11 
449.639 11 
517.498 11 
499.582 11 
452.648 11 
576.431 11 
519.912 11 
507.544 11 
551.073 11 
462.9 11 
537.553 11 
623.907 11 
387.529 11 
540.496 11 
481.932 11 
527.69 11 
490.443 11 
566.065 11 
493.893 11 
649.192 11 
493.663 11 
498.778 11 
486.203 11 
649.155 11 
446.192 11 
570.849 11 
507.571 11 
739.23 11 
576.768 11 
509.27 11 
489.501 11 
633.554 11 
578.632 11 
490.213 11 
541.136 11 
491.051 11 
541.058 11 
544.391 11 
674.079 11 
460.599 11 
509.793 11 
499.226 11 
496.464 11 
557.394 11 
470.345 11 
368.167 11 
463.091 11 
406.575 11 
410.218 11 
419.588 11 
468.175 11 
394.846 11 
691.835 11 
522.644 11 
399.544 11 
829.171 11 
491.498 11 
637.898 11 
403.855 11 
443.301 11 
415.461 11 
508.272 11 
477.318 11 
473.014 11 
428.122 11 
496.531 11 
498.734 11 
362.147 11 
464.917 11 
636.99 11 
409.502 11 
558.715 11 
535.087 11 
429.771 11 
438.476 11 
453.995 11 
479.58 11 
553.026 11 
522.988 11 
474.391 11 
524.172 11 
471.376 11 
469.051 11 
405.493 11 
520.344 11 
454.424 11 
520.731 11 
508.319 11 
509.105 11 
476.083 11 
526.606 11 
451.253 11 
491.98 11 
486.743 11 
483.269 11 
383.685 11 
426.911 11 
473.103 11 
525.599 11 
422.405 11 
414.051 11 
618.498 11 
529.627 11 
573.842 11 
472.328 11 
581.532 11 
474.115 11 
497.48 11 
417.785 11 
413.63 11 
554.323 11 
491.519 11 
490.32 11 
486.729 11 
703.779 11 
654.867 11 
513.245 11 
526.13 11 
452.491 11 
411.895 11 
499.546 11 
616.918 11 
509.767 11 
511.979 11 
462.49 11 
536.758 11 
540.221 11 
426.034 11 
559.988 11 
575.004 11 
562.277 11 
522.907 11 
537.466 11 
422.747 11 
492.514 11 
495.825 11 
531.398 11 
500.217 11 
551.493 11 
464.31 11 
606.411 11 
417.612 11 
491.476 11 
533.784 11 
526.808 11 
599.613 11 
537.726 11 
514.387 11 
460.288 11 
444.345 11 
400.732 11 
462.558 11 
691.905 11 
615.571 11 
462.052 11 
527.617 11 
516.112 11 
377.59 11 
491.678 11 
470.61 11 
469.917 11 
457.707 11 
532.423 11 
499.516 11 
577.701 11 
447.86 11 
490.706 11 
585.69 11 
466.298 11 
617.426 11 
694.512 11 
533.635 11 
738.198 11 
668.622 11 
596.83 11 
451.74 11 
441.574 11 
508.603 11 
468.562 11 
357.592 11 
474.315 11 
448.247 11 
627.236 11 
488.84 11 
453.684 11 
486.971 11 
487.909 11 
581.93 11 
515.954 11 
661.825 11 
521.361 11 
507.933 11 
455.703 11 
515.524 11 
452.887 11 
418.07 11 
586.119 11 
487.963 11 
589.518 11 
432.292 11 
443.805 11 
525.782 11 
858.027 11 
423.766 11 
372.985 11 
551.126 11 
493.46 11 
743.853 11 
660.977 11 
602.983 11 
556.199 11 
438.502 11 
998.118 11 
661.958 11 
595.485 11 
479.859 11 
481.42 11 
451.119 11 
511.252 11 
621.175 11 
614.576 11 
397.866 11 
476.093 11 
483.204 11 
488.086 11 
791.021 11 
594.063 11 
707.663 11 
431.421 11 
483.526 11 
778.903 11 
904.443 11 
497.605 11 
473.695 11 
720.701 11 
521.251 11 
608.759 11 
503.608 11 
595.143 11 
560.697 11 
444.635 11 
491.887 11 
437.291 11 
568.333 11 
508.48 11 
940.611 11 
752.62 11 
551.204 11 
450.649 11 
676.167 11 
554.752 11 
545.447 11 
536.152 11 
574.671 11 
503.329 11 
322.595 11 
488.432 11 
493.449 11 
579.835 11 
525.153 11 
601.626 11 
514.932 11 
1012.55 11 
915.688 11 
405.655 11 
437.401 11 
553.612 11 
406.476 11 
886.689 11 
537.77 11 
539.261 11 
621.679 11 
465.289 11 
515.043 11 
533.519 11 
447.413 11 
517.925 11 
475.301 11 
649.163 11 
456.332 11 
452.395 11 
546.015 11 
491.164 11 
546.12 11 
472.91 11 
548.006 11 
453.69 11 
528.625 11 
1119.11 11 
513.486 11 
438.596 11 
401.32 11 
454.993 11 
430.874 11 
754.981 11 
465.258 11 
657.635 11 
1061.07 11 
465.614 11 
406.833 11 
522.7 11 
511.895 11 
566.797 11 
471.655 11 
653.329 11 
622.083 11 
390.414 11 
408.258 11 
498.64 11 
462.079 11 
594.514 11 
467.523 11 
716.708 11 
510.637 11 
428.253 11 
436.493 11 
554.819 11 
477.215 11 
478.844 11 
506.545 11 
525.175 11 
619.248 11 
543.15 11 
499.095 11 
504.41 11 
478.121 11 
489.31 11 
405.489 11 
449.243 11 
519.911 11 
490.933 11 
831.957 11 
449.516 11 
589.372 11 
525.317 11 
579.47 11 
500.658 11 
500.849 11 
574.346 11 
394.507 11 
571.474 11 
183.011 11 
656.823 11 
535.962 11 
551.068 11 
486.339 11 
514.858 11 
673.485 11 
499.754 11 
528.306 11 
589.605 11 
741.71 11 
502.621 11 
485.775 11 
411.647 11 
483.859 11 
487.027 11 
447.675 11 
418.598 11 
527.253 11 
558.774 11 
567.105 11 
479.446 11 
527.91 11 
908.688 11 
580.815 11 
639.671 11 
466.538 11 
564.389 11 
571.534 11 
443.609 11 
451.111 11 
391.893 11 
448.24 11 
530.356 11 
636.654 11 
448.432 11 
554.924 11 
880.377 11 
435.142 11 
752.147 11 
523.659 11 
467.817 11 
953.17 11 
536.591 11 
528.335 11 
535.631 11 
482.171 11 
495.532 11 
569.711 11 
506.786 11 
491.942 11 
451.279 11 
459.457 11 
516.59 11 
748.731 11 
458.993 11 
518.195 11 
561.602 11 
487.694 11 
433.09 11 
806.193 11 
474.854 11 
513.145 11 
509.377 11 
491.875 11 
429.728 11 
670.428 11 
430.717 11 
506.814 11 
595.191 11 
560.407 11 
654.209 11 
496.691 11 
634.834 11 
458.914 11 
575.413 11 
508.241 11 
387.477 11 
613.522 11 
486.183 11 
507.047 11 
540.536 11 
513.596 11 
506.259 11 
515.712 11 
493.161 11 
426.322 11 
603.654 11 
685.393 11 
627.779 11 
495.734 11 
552.346 11 
397.305 11 
538.537 11 
579.686 11 
654.006 11 
597.274 11 
544.702 11 
503.45 11 
1091.78 11 
695.653 11 
506.934 11 
547.023 11 
466.215 11 
793.689 11 
512.33 11 
613.638 11 
484.334 11 
424.392 11 
669.267 11 
546.78 11 
395.269 11 
402.198 11 
1015.11 11 
659.863 11 
456.335 11 
572.01 11 
430.833 11 
528.578 11 
529.422 11 
583.893 11 
634.453 11 
401.843 11 
416.934 11 
535.56 11 
478.561 11 
441.595 11 
506.835 11 
485.165 11 
742.111 11 
545.515 11 
488.903 11 
598.828 11 
558.219 11 
472.699 11 
609.033 11 
559.574 11 
276.371 11 
416.347 11 
497.529 11 
191.793 11 
567.258 11 
561.801 11 
423.737 11 
504.645 11 
552.825 11 
616.768 11 
503.157 11 
551.772 11 
722.868 11 
603.725 11 
424.141 11 
655.49 11 
914.062 11 
526.493 11 
546.659 11 
492.522 11 
667.58 11 
576.341 11 
510.537 11 
483.291 11 
435.776 11 
487.252 11 
640.229 11 
505.758 11 
477.576 11 
450.344 11 
438.802 11 
407.004 11 
517.91 11 
533.826 11 
510.136 11 
488.764 11 
668.372 11 
478.946 11 
440.777 11 
695.663 11 
735.649 11 
586.841 11 
548.606 11 
692.865 11 
342.796 11 
697.664 11 
818.638 11 
535.987 11 
559.744 11 
921.901 11 
193.421 11 
524.596 11 
490.375 11 
571.483 11 
437.421 11 
457.758 11 
648.332 11 
509.15 11 
422.897 11 
500.53 11 
481.906 11 
610.024 11 
457.28 11 
494.39 11 
457.385 11 
400.332 11 
616.029 11 
515.761 11 
593.793 11 
640.095 11 
865.899 11 
910.173 11 
437.966 11 
642.72 11 
474.482 11 
496.609 11 
502.902 11 
495.175 11 
550.772 11 
480.776 11 
682.974 11 
473.391 11 
526.359 11 
537.43 11 
906.403 11 
377.008 11 
564.622 11 
399.285 11 
485.185 11 
819.731 11 
597.523 11 
610.066 11 
573.733 11 
523.183 11 
391.761 11 
423.338 11 
521.15 11 
465.815 11 
454.532 11 
531.266 11 
636.291 11 
539.12 11 
472.772 11 
694.943 11 
486.101 11 
554.761 11 
545.959 11 
550.088 11 
454.136 11 
478.98 11 
502.765 11 
514.35 11 
435.023 11 
564.194 11 
707.996 11 
559.921 11 
551.604 11 
461.679 11 
529.803 11 
517.593 11 
610.074 11 
559.829 11 
614.848 11 
452.842 11 
515.223 11 
512.176 11 
458.181 11 
491.051 11 
862.901 11 
407.261 11 
396.133 11 
478.5 11 
534.198 11 
499.153 11 
927.401 11 
425.56 11 
536.509 11 
679.749 11 
514.788 11 
456.836 11 
434.207 11 
369.164 11 
510.859 11 
697.824 11 
479.727 11 
370.387 11 
343.656 11 
514.317 11 
479.672 11 
684.311 11 
849.874 11 
641.511 11 
588.728 11 
534.304 11 
564.21 11 
533.464 11 
495.49 11 
474.76 11 
496.833 11 
491.207 11 
849.408 11 
575.777 11 
309.228 11 
527.21 11 
626.786 11 
791.156 11 
500.138 11 
554.386 11 
462.416 11 
454.884 11 
585.845 11 
508.133 11 
450.104 11 
671.565 11 
513.653 11 
524.391 11 
522.647 11 
519.356 11 
491.477 11 
482.02 11 
423.499 11 
549.438 11 
464.712 11 
537.688 11 
626.215 11 
421.606 11 
483.095 11 
443.408 11 
615.419 11 
482.776 11 
485.678 11 
422.29 11 
532.234 11 
503.836 11 
567.447 11 
523.68 11 
517.777 11 
391.461 11 
546.255 11 
525.605 11 
539.006 11 
521.881 11 
546.637 11 
633.272 11 
408.164 11 
484.286 11 
575.321 11 
445.176 11 
378.851 11 
551.428 11 
642.145 11 
497.167 11 
437.869 11 
426.016 11 
615.908 11 
521.116 11 
617.985 11 
399.544 11 
570.417 11 
465.417 11 
531.353 11 
654.413 11 
469.569 11 
522.734 11 
516.496 11 
492.463 11 
535.607 11 
519.407 11 
528.38 11 
407.816 11 
489.868 11 
408.833 11 
419.349 11 
519.924 11 
607.854 11 
563.089 11 
1149.22 11 
387.016 11 
484.799 11 
436.766 11 
528.311 11 
514.675 11 
498.185 11 
445.375 11 
507.481 11 
525.227 11 
442.384 11 
456.997 11 
401.264 11 
491.58 11 
514.26 11 
516.841 11 
486.017 11 
425.013 11 
984.405 11 
477.184 11 
505.641 11 
460.856 11 
250.557 11 
475.441 11 
500.503 11 
475.362 11 
442.313 11 
439.184 11 
503.156 11 
479.861 11 
497.745 11 
509.052 11 
477.487 11 
481.543 11 
547.601 11 
493.789 11 
541.341 11 
547.417 11 
463.616 11 
479.352 11 
443.411 11 
505.3 11 
423.565 11 
414.031 11 
626.818 11 
449.524 11 
656.946 11 
146.787 11 
550.561 11 
615.941 11 
928.929 11 
729.297 11 
497.09 11 
437.665 11 
509.847 11 
481.828 11 
434.532 11 
776.569 11 
548.92 11 
527.481 11 
668.937 11 
522.515 11 
391.06 11 
507.784 11 
833.61 11 
424.673 11 
765.426 11 
665.712 11 
489.353 11 
483.64 11 
534.613 11 
498.948 11 
539.747 11 
437.168 11 
715.486 11 
518.197 11 
830.949 11 
540.674 11 
475.12 11 
502.283 11 
466.591 11 
771.251 11 
655.665 11 
494.997 11 
399.45 11 
558.52 11 
499.446 11 
465.479 11 
469.832 11 
587.754 11 
494.652 11 
1201.49 11 
562.517 11 
469.301 11 
577.688 11 
584.775 11 
463.947 11 
439.216 11 
563.734 11 
445.542 11 
442.241 11 
493.315 11 
725.086 11 
516.744 11 
415.248 11 
671.289 11 
513.785 11 
509.056 11 
715.875 11 
522.292 11 
475.802 11 
495.978 11 
452.257 11 
209.104 11 
546.718 11 
472.081 11 
486.488 11 
517.739 11 
630.366 11 
515.693 11 
755.277 11 
498.57 11 
785.782 11 
385.206 11 
830.301 11 
515.611 11 
1128.95 11 
443.143 11 
636.64 11 
374.727 11 
597.069 11 
648.031 11 
221.706 11 
535.619 11 
431.847 11 
483.63 11 
539.534 11 
418.434 11 
561.232 11 
484.154 11 
666.703 11 
536.508 11 
530.495 11 
433.338 11 
512.913 11 
479.732 11 
469.117 11 
753.87 11 
430.419 11 
584.051 11 
507.662 11 
423.292 11 
621.364 11 
474.024 11 
378.245 11 
245.308 11 
538.04 13 
446.98 13 
649.305 13 
494.995 13 
438.881 13 
465.111 13 
498.581 13 
541.588 13 
467.462 13 
439.659 13 
549.314 13 
484.089 13 
383.137 13 
712.92 13 
563.744 13 
481.712 13 
492.514 13 
424.33 13 
623.526 13 
496.563 13 
494.386 13 
547.127 13 
544.559 13 
510.989 13 
465.581 13 
508.508 13 
517.301 13 
497.202 13 
510.474 13 
516.193 13 
497.673 13 
483.861 13 
1114.19 13 
471.977 13 
499.453 13 
493.061 13 
519.128 13 
414.003 13 
499.556 13 
546.934 13 
499.425 13 
986.739 13 
483.779 13 
391.791 13 
580.974 13 
870.309 13 
446.812 13 
421.056 13 
546.304 13 
507.388 13 
523.456 13 
442.251 13 
550.352 13 
521.72 13 
701.402 13 
488.212 13 
443.607 13 
435.837 13 
615.975 13 
486.829 13 
510.258 13 
490.768 13 
515.448 13 
522.308 13 
590.011 13 
578.666 13 
461.542 13 
502.055 13 
521.207 13 
572.723 13 
556.965 13 
529.849 13 
513.05 13 
459.583 13 
519.782 13 
520.123 13 
1424.38 13 
768.592 13 
503.158 13 
493.058 13 
475.337 13 
616.684 13 
786.114 13 
460.547 13 
490.193 13 
527.708 13 
774.402 13 
462.301 13 
520.613 13 
259.104 13 
440.568 13 
360.147 13 
521.41 13 
575.672 13 
640.497 13 
785.853 13 
492.384 13 
968.892 13 
447.694 13 
500.713 13 
465.009 13 
772.341 13 
488.315 13 
548.827 13 
345.945 13 
437.289 13 
432.558 13 
452.802 13 
611.178 13 
538.704 13 
515.752 13 
494.375 13 
479.482 13 
526.048 13 
738.314 13 
498.701 13 
421.137 13 
621.507 13 
494.863 13 
512.23 13 
608.217 13 
519.187 13 
533.781 13 
498.599 13 
477.933 13 
767.945 13 
526.82 13 
680.108 13 
726.139 13 
626.834 13 
519.032 13 
492.245 13 
479.142 13 
462.302 13 
481.506 13 
534.743 13 
491.183 13 
581.408 13 
503.347 13 
478.446 13 
444.892 13 
469.641 13 
494.504 13 
455.446 13 
454.726 13 
318.361 13 
544.008 13 
615.431 13 
486.04 13 
452.969 13 
545.759 13 
469.139 13 
720.287 13 
517.513 13 
456.175 13 
481.011 13 
496.757 13 
484.4 13 
514.82 13 
566.329 13 
631.071 13 
628.163 13 
441.27 13 
478.141 13 
726.877 13 
566.351 13 
712.506 13 
309.472 13 
534.848 13 
537.101 13 
444.305 13 
400.819 13 
440.306 13 
679.845 13 
471.092 13 
463.248 13 
719.072 13 
517.92 13 
678.796 13 
503.922 13 
487.183 13 
699.686 13 
428.061 13 
371.834 13 
523.064 13 
600.146 13 
548.295 13 
642.109 13 
471.945 13 
604.131 13 
415.151 13 
565.231 13 
615.18 13 
574.236 13 
499.492 13 
454.977 13 
469.335 13 
502.154 13 
489.266 13 
466.707 13 
585.763 13 
559.436 13 
447.178 13 
622.833 13 
729.455 13 
456.723 13 
460.13 13 
460.921 13 
445.348 13 
437.513 13 
528.302 13 
453.182 13 
488.749 13 
589.077 13 
500.372 13 
477.546 13 
441.574 13 
466.516 13 
515.479 13 
646.951 13 
523.603 13 
448.988 13 
527.597 13 
397.678 13 
514.578 13 
558.367 13 
563.377 13 
452.482 13 
460.141 13 
628.054 13 
484.57 13 
592.688 13 
396.095 13 
485.218 13 
380.394 13 
622.125 13 
443.414 13 
781.462 13 
531.225 13 
648.137 13 
453.24 13 
723.248 13 
658.295 13 
418.829 13 
447.717 13 
440.868 13 
674.368 13 
505.876 13 
577.181 13 
517.951 13 
475.779 13 
640.496 13 
493.374 13 
459.51 13 
549.472 13 
450.327 13 
522.331 13 
503.682 13 
677.262 13 
575.987 13 
584.649 13 
397.064 13 
341.978 13 
426.831 13 
514.462 13 
498.174 13 
571.458 13 
476.077 13 
564.661 13 
490.481 13 
666.673 13 
600.246 13 
545.981 13 
511.064 13 
507.558 13 
509.592 13 
537.271 13 
496.58 13 
492.561 13 
541.074 13 
582.011 13 
676.704 13 
525.742 13 
1093.52 13 
426.061 13 
430.739 13 
500.369 13 
499.958 13 
473.026 13 
614.686 13 
538.751 13 
486.362 13 
471.629 13 
504.842 13 
439.814 13 
614.129 13 
517.856 13 
488.17 13 
616.143 13 
506.265 13 
484.728 13 
490.189 13 
373.42 13 
481.269 13 
435.799 13 
562.753 13 
483.772 13 
486.569 13 
428.463 13 
531.447 13 
529.831 13 
388.374 13 
481.145 13 
512.821 13 
439.2 13 
586.295 13 
539.863 13 
492.472 13 
629.465 13 
465.1 13 
479.742 13 
795.337 13 
547.996 13 
598.547 13 
527.867 13 
356.083 13 
489.298 13 
458.694 13 
417.778 13 
543.043 13 
470.766 13 
479.577 13 
557.037 13 
479.028 13 
587.716 13 
602.974 13 
537.027 13 
559.946 13 
491.313 13 
530.557 13 
552.945 13 
726.413 13 
435.734 13 
460.655 13 
516.839 13 
494.84 13 
523.972 13 
543.618 13 
504.757 13 
442.227 13 
470.493 13 
452.414 13 
656.03 13 
779.977 13 
512.567 13 
483.683 13 
561.366 13 
513.763 13 
465.435 13 
605.56 13 
541.33 13 
522.975 13 
427.388 13 
536.492 13 
447.132 13 
668.776 13 
474.113 13 
765.226 13 
453.98 13 
579.335 13 
706.204 13 
625.503 13 
548.915 13 
519.61 13 
423.326 13 
617.729 13 
544.277 13 
490.831 13 
535.355 13 
508.98 13 
452.548 13 
530.14 13 
584.878 13 
479.594 13 
496.496 13 
558.263 13 
413.787 13 
560.424 13 
499.983 13 
525.343 13 
454.028 13 
529.825 13 
552.616 13 
450.757 13 
502.813 13 
694.571 13 
470.139 13 
507.276 13 
514.313 13 
584.597 13 
465.468 13 
520.159 13 
460.191 13 
571.78 13 
507.655 13 
456.173 13 
481.637 13 
615.665 13 
520.729 13 
517.592 13 
594.671 13 
557.911 13 
494.553 13 
820.968 13 
558.707 13 
498.573 13 
524.609 13 
720.143 13 
533.981 13 
465.336 13 
563.945 13 
535.621 13 
484.387 13 
401.261 13 
546.022 13 
520.494 13 
557.292 13 
576.634 13 
473.387 13 
347.598 13 
531.558 13 
613.87 13 
479.593 13 
420.573 13 
592.409 13 
566.461 13 
455.688 13 
489.654 13 
506.09 13 
496.408 13 
419.305 13 
519.861 13 
475.859 13 
433.751 13 
469.441 13 
489.609 13 
363.778 13 
466.769 13 
476.816 13 
490.642 13 
633.545 13 
580.178 13 
548.854 13 
483.391 13 
444.75 13 
477.937 13 
539.387 13 
513.992 13 
444.423 13 
433.812 13 
599.134 13 
569.815 13 
586.161 13 
492.853 13 
457.434 13 
460.964 13 
405.594 13 
508.628 13 
466.658 13 
560.864 13 
491.983 13 
501.186 13 
495.784 13 
442.383 13 
550.469 13 
514.009 13 
511.878 13 
524.592 13 
479.9 13 
422.756 13 
448.778 13 
571.257 13 
432.772 13 
581.332 13 
460.517 13 
471.098 13 
250.964 13 
442.443 13 
398.005 13 
584.7 13 
463.569 13 
459.646 13 
461.103 13 
463.499 13 
458.06 13 
501.477 13 
463.745 13 
504.871 13 
491.457 13 
450.388 13 
217.171 13 
403.277 13 
468.451 13 
470.823 13 
456.77 13 
495.968 13 
469.03 13 
364.404 13 
502.264 13 
579.632 13 
526.877 13 
469.57 13 
512.146 13 
527.597 13 
440.34 13 
527.739 13 
437.575 13 
418.87 13 
535.008 13 
524.634 13 
601.478 13 
368.647 13 
498.446 13 
754.008 13 
542.512 13 
491.075 13 
480.484 13 
555.048 13 
507.169 13 
480.407 13 
688.612 13 
402.308 13 
495.043 13 
1066.55 13 
530.278 13 
671.013 13 
555.545 13 
908.052 13 
409.595 13 
553.039 13 
461.365 13 
407.7 13 
428.302 13 
502.33 13 
473.096 13 
504.748 13 
510.495 13 
477.256 13 
521.248 13 
557.002 13 
495.46 13 
537.38 13 
500.128 13 
476.721 13 
388.951 13 
473.356 13 
599.82 13 
531.103 13 
663.408 13 
452.58 13 
663.933 13 
549.173 13 
615.719 13 
827.658 13 
496.807 13 
470.342 13 
503.592 13 
451.965 13 
496.12 13 
710.032 13 
493.975 13 
578.708 13 
465.535 13 
452.384 13 
604.176 13 
508.785 13 
515.171 13 
557.76 13 
482.111 13 
541.929 13 
462.856 13 
533.544 13 
465.135 13 
509.769 13 
500.282 13 
468.679 13 
606.251 13 
510.016 13 
417.523 13 
880.168 13 
519.583 13 
479.722 13 
536.508 13 
484.622 13 
417.765 13 
479.338 13 
538.047 13 
481.081 13 
481.67 13 
490.144 13 
493.447 13 
503.754 13 
496.215 13 
521.695 13 
511.235 13 
871.231 13 
447.161 13 
386.343 13 
414.837 13 
556.063 13 
428.343 13 
392.747 13 
590.498 13 
466.464 13 
477.333 13 
461.828 13 
430.956 13 
519.669 13 
846.218 13 
507.832 13 
474.899 13 
524.553 13 
440.619 13 
801.362 13 
653.102 13 
466.825 13 
491.203 13 
498.625 13 
362.503 13 
516.362 13 
490.95 13 
496.685 13 
571.161 13 
441.399 13 
385.861 13 
525.356 13 
495.349 13 
602.419 13 
375.201 13 
648.954 13 
525.088 13 
512.782 13 
473.787 13 
537.358 13 
466.467 13 
461.61 13 
465.226 13 
436.669 13 
481.844 13 
480.536 13 
532.239 13 
464.05 13 
617.011 13 
503.366 13 
333.079 13 
646.271 13 
390.801 13 
504.194 13 
591.086 13 
474.795 13 
558.927 13 
487.67 13 
527.377 13 
648.116 13 
530.436 13 
402.891 13 
563.535 13 
561.331 13 
479.741 13 
641.619 13 
656.616 13 
427.88 13 
558.48 13 
596.675 13 
784.633 13 
493.032 13 
480.863 13 
475.541 13 
498.084 13 
473.434 13 
476.694 13 
551.779 13 
414.57 13 
424.47 13 
373.512 13 
602.297 13 
484.002 13 
496.504 13 
568.503 13 
626.001 13 
486.972 13 
454.295 13 
437.26 13 
518.845 13 
444.154 13 
801.078 13 
527.844 13 
484.143 13 
618.529 13 
586.85 13 
593.671 13 
565.942 13 
532.32 13 
388.366 13 
686.256 13 
377.923 13 
975.99 13 
641.169 13 
508.137 13 
550.29 13 
466.073 13 
509.35 13 
575.323 13 
532.883 13 
484.719 13 
534.951 13 
528.295 13 
470.057 13 
409.597 13 
518.81 13 
489.721 13 
520.026 13 
589.47 13 
486.089 13 
409.647 13 
453.487 13 
518.207 13 
446.681 13 
476.332 13 
758.828 13 
681.922 13 
655.006 13 
570.188 13 
572.763 13 
519.737 13 
571.809 13 
564.796 13 
750.994 13 
580.809 13 
513.209 13 
487.724 13 
522.501 13 
445.587 13 
953.164 13 
342.747 13 
516.799 13 
575.492 13 
630.11 13 
678.988 13 
496.421 13 
444.155 13 
535.045 13 
543.085 13 
600.979 13 
589.008 13 
486.089 13 
449.629 13 
452.753 13 
517.279 13 
475.167 13 
474.919 13 
532.64 13 
465.892 13 
923.61 13 
473.013 13 
499.444 13 
638.622 13 
473.76 13 
525.22 13 
521.692 13 
196.103 13 
792.786 13 
203.836 13 
565.235 13 
500.764 13 
412.845 13 
243.623 13 
446.989 13 
554.777 13 
532.98 13 
917.35 13 
572.761 13 
443.014 13 
364.495 13 
513.003 13 
492.996 13 
384.109 13 
613.051 13 
492.126 13 
456.611 13 
568.76 13 
439.025 13 
658.056 13 
560.02 13 
601.006 13 
823.368 13 
499.929 13 
451.447 13 
514.791 13 
538.3 13 
410.253 13 
707.433 13 
584.391 13 
465.526 13 
466.17 13 
502.598 13 
538.988 13 
460.72 13 
548.673 13 
492.701 13 
537.433 13 
472.369 13 
540.198 13 
694.04 13 
613.633 13 
446.084 13 
451.065 13 
508.282 13 
630.877 13 
462.305 13 
540.587 13 
483.087 13 
536.009 13 
440.148 13 
503.893 13 
575.933 13 
461.868 13 
502.253 13 
697.011 13 
547.778 13 
471.052 13 
627.03 13 
542.682 13 
555.12 13 
551.696 13 
554.406 13 
497.072 13 
448.373 13 
442.893 13 
511.288 13 
619.34 13 
628.952 13 
526 13 
825.998 13 
676.933 13 
513.586 13 
519.082 13 
531.046 13 
525.114 13 
520.694 13 
524.101 13 
422.052 13 
749.973 13 
525.263 13 
556.864 13 
438.414 13 
503.04 13 
488.777 13 
520.102 13 
408.195 13 
516.627 13 
628.062 13 
512.066 13 
489.711 13 
567.18 13 
582.012 13 
500.872 13 
749.638 13 
537.956 13 
581.295 13 
683.425 13 
517.383 13 
505.155 13 
552.16 13 
505.189 13 
560.245 13 
523.113 13 
532.047 13 
459.322 13 
806.547 13 
630.868 13 
668.272 13 
672.165 13 
680.662 13 
518.017 13 
587.145 13 
492.088 13 
371.919 13 
548.25 13 
541.419 13 
386.048 13 
570.295 13 
573.42 13 
478.062 13 
401.622 13 
672.835 13 
528.175 13 
467.669 13 
574.452 13 
477.588 13 
553.851 13 
461.11 13 
491.346 13 
499.081 13 
766.402 13 
649.252 13 
620.706 13 
507.388 13 
592.222 13 
607.966 13 
625.785 13 
619.506 13 
580.497 13 
55.2927 13 
1044.32 13 
637.722 13 
464.806 13 
430.016 13 
454.864 13 
532.444 13 
942.741 13 
432.547 13 
557.097 13 
423.992 13 
487.147 13 
805.259 13 
531.596 13 
537.968 13 
668.744 13 
491.244 13 
411.067 13 
492.266 13 
470.721 13 
679.142 13 
539.869 13 
695.573 13 
561.456 13 
487.708 13 
699.385 13 
658.034 13 
765.395 13 
516.925 13 
513.576 13 
448.423 13 
649.807 13 
577.259 13 
406.925 13 
497.418 13 
694.536 13 
540.619 13 
548.211 13 
786.564 13 
472.321 13 
436.45 13 
490.292 13 
480.999 13 
473.848 13 
549.467 13 
568.216 13 
531.61 13 
479.378 13 
512.468 13 
651.904 13 
399.981 13 
555.224 13 
501.539 13 
756.426 13 
530.015 13 
529.555 13 
435.022 13 
484.908 13 
515.845 13 
589.666 13 
543.895 13 
504.076 13 
500.966 13 
510.893 13 
482.059 13 
424.691 13 
420.51 13 
464.247 13 
847.927 13 
680.359 13 
628.699 13 
466.153 13 
469.5 13 
488.301 13 
551.223 13 
465.334 13 
497.118 13 
505.136 13 
503.275 13 
481.167 13 
528.321 13 
562.56 13 
414.009 13 
473.307 13 
484.52 13 
667.321 13 
542.674 13 
535.673 13 
463.987 13 
532.015 13 
458.118 13 
488.604 13 
493.784 13 
575.269 13 
367.723 13 
524.143 13 
433.588 13 
541.997 13 
508.394 13 
484.615 13 
492.191 13 
481.434 13 
510.838 13 
537.617 13 
500.268 13 
527.404 13 
496.456 13 
456.168 13 
513.655 13 
427.86 13 
468.174 13 
490.327 13 
495.777 13 
463.356 13 
465.777 13 
504.287 13 
571.365 13 
503.357 13 
475.625 13 
526.701 13 
419.691 13 
473.563 13 
428.008 13 
472.583 13 
572.36 13 
472.863 13 
472.907 13 
398.028 13 
496.224 13 
431.506 13 
763.403 13 
518.167 13 
480.911 13 
498.017 13 
388.178 13 
577.7 13 
471.129 13 
554.11 13 
687.202 13 
612.294 13 
552.733 13 
614.703 13 
500.908 13 
487.365 13 
505.67 13 
524.313 13 
421.658 13 
504.685 13 
890.361 13 
514.863 13 
443.845 13 
562.729 13 
680.453 13 
538.094 13 
570.244 13 
485.059 13 
803.432 13 
489.268 13 
570.917 13 
477.146 13 
560.136 13 
383.2 13 
491.259 13 
549.49 13 
546.896 13 
393.973 13 
601.109 13 
643.327 13 
884.166 13 
509.869 13 
527.808 13 
504.294 13 
540.112 13 
498.075 13 
465.379 13 
580.629 13 
471.951 13 
513.495 13 
511.992 13 
540.697 13 
533.529 13 
468.299 13 
681.988 13 
450.516 13 
603.114 13 
569.773 13 
479.791 13 
689.171 13 
688.405 13 
497.569 13 
574.529 13 
657.566 13 
483.782 13 
721.634 13 
561.794 13 
449.896 13 
529.148 13 
543.462 13 
329.968 13 
495.046 13 
560.527 13 
468.14 13 
399.933 13 
480.543 13 
553.092 13 
464.016 13 
421.783 13 
512.199 13 
494.481 13 
511.786 13 
647.118 13 
539.524 13 
620.611 13 
472.539 13 
244.129 13 
430.26 13 
548.437 13 
690.945 13 
550.026 13 
483.278 13 
376.051 13 
467.022 13 
538.286 13 
533.75 13 
562.346 13 
499.739 13 
561.25 13 
492.388 13 
622.455 13 
669.871 13 
683.982 13 
584.396 13 
458.515 13 
656.409 13 
476.279 13 
659.312 13 
871.013 13 
510.283 13 
534.433 13 
471.317 13 
434.129 13 
446.911 13 
543.253 13 
1164.92 13 
550.305 13 
530.947 13 
559.583 13 
526.918 13 
489.55 13 
310.492 13 
530.669 13 
481.768 13 
570.631 13 
877.384 13 
500.476 13 
471.906 13 
490.899 13 
286.112 13 
572.679 13 
392.3 13 
492.196 13 
616.286 13 
502.261 13 
537.663 13 
428.369 13 
507.868 13 
529.497 13 
486.134 13 
491.294 13 
659.471 13 
476.014 13 
485.388 13 
449.533 13 
463.226 13 
449.323 13 
642.078 13 
503 13 
476.322 13 
563.468 13 
533.747 13 
514.702 13 
408.238 13 
553.872 13 
559.336 13 
431.672 13 
682.522 13 
503.932 13 
468.734 13 
507.296 13 
473.124 13 
547.052 13 
574.769 13 
701.045 13 
510.577 13 
813.62 13 
541.19 13 
701.668 13 
575.02 13 
494.159 13 
619.667 13 
484.751 13 
163.393 13 
574.89 13 
500.704 13 
674.231 13 
614.654 13 
542.305 13 
602.517 13 
434.788 13 
484.174 13 
682.086 13 
729.161 13 
486.98 13 
487.789 13 
419.936 13 
525.927 13 
785.969 13 
583.521 13 
443.167 13 
450.326 13 
469.603 13 
519.632 13 
454.499 13 
614.131 13 
495.397 13 
442.874 13 
484.282 13 
436.237 13 
557.669 13 
486.714 13 
521.658 13 
529.14 13 
711.286 13 
889.156 13 
577.469 13 
648.134 13 
442.208 13 
458.982 13 
967.842 13 
475.511 13 
462.891 13 
562.68 13 
481.627 13 
633.915 13 
553.073 13 
487.829 13 
422.394 13 
648.195 13 
488.907 13 
487.406 13 
514.41 13 
604.499 13 
626.021 13 
462.392 13 
517.921 13 
544.506 13 
517.826 13 
510.296 13 
437.22 13 
477.986 13 
534.227 13 
453.401 13 
451.47 13 
436.246 13 
374.187 13 
517.016 13 
421.161 13 
501.954 13 
511.613 13 
527.247 13 
639.384 13 
465.37 13 
577.728 13 
510.036 13 
639.431 13 
476.96 13 
501.682 13 
482.149 13 
564.794 13 
797.984 13 
454.583 13 
582.048 13 
483.454 13 
509.918 13 
453.713 13 
883.917 13 
626.255 13 
574.41 13 
456.497 13 
500.199 13 
505.756 13 
448.046 13 
480.641 13 
674.331 13 
467.824 13 
549.507 13 
619.673 13 
560.098 13 
490.736 13 
670.998 13 
815.107 13 
525.903 13 
592.676 13 
476.9 13 
461.173 13 
524.264 13 
513.276 13 
552.82 13 
616.471 13 
513.089 13 
548.589 13 
602.113 13 
430.746 13 
630.913 13 
523.562 13 
480.217 13 
370.949 13 
472.199 13 
449.88 13 
574.079 13 
610.875 13 
606.539 13 
524.169 13 
590.443 13 
434.262 13 
1000.72 13 
402.091 13 
408.717 13 
608.535 13 
461.463 13 
337.291 13 
624.113 13 
454.007 13 
495.45 13 
572.237 13 
614.236 13 
456.441 13 
558.471 13 
549.973 13 
378.739 13 
521.747 13 
493.507 13 
877.915 13 
626.295 13 
636.25 13 
620.929 13 
433.385 13 
479.672 13 
492.628 13 
673.911 13 
687.54 13 
722.86 13 
793.967 13 
1111.87 13 
542.002 13 
697.337 13 
578.062 13 
454.367 13 
700.458 13 
429.93 13 
460.825 13 
551.189 13 
555.004 13 
650.988 13 
513.052 13 
1021.61 13 
621.54 13 
492.429 13 
666.264 13 
528.668 13 
716.743 13 
428.483 13 
496.721 13 
564.614 13 
531.677 13 
396.073 13 
889.542 13 
550.168 13 
600.518 13 
634.986 13 
639.116 13 
460.612 13 
533.722 13 
901.87 13 
452.137 13 
527.032 13 
666.105 13 
555.151 13 
580.387 13 
772.803 13 
425.646 13 
627.43 13 
479.461 13 
544.477 13 
502.509 13 
519.753 13 
483.448 13 
484.57 13 
497.644 13 
489.789 13 
505.366 13 
470.033 13 
497.209 13 
462.502 13 
1052.89 13 
535.542 13 
611.854 13 
543.456 13 
441.731 13 
536.379 13 
800.805 13 
478.327 13 
427.372 13 
484.889 13 
479.114 13 
454.654 13 
430.058 13 
593.98 13 
860.017 13 
554.565 13 
577.148 13 
561.283 13 
437.032 13 
502.949 13 
478.318 13 
553.642 13 
550.382 13 
589.084 13 
557.419 13 
477.159 13 
456.616 13 
657.111 13 
489.509 13 
392.957 13 
467.903 13 
557.594 13 
446.568 13 
517.553 13 
510.806 13 
497.54 13 
586.248 13 
550.534 13 
487.157 13 
806.198 13 
503.973 13 
510.282 13 
374.922 13 
642.065 13 
456.965 13 
518.194 13 
529.812 13 
456.989 13 
728.727 13 
516.007 13 
474.861 13 
479.91 13 
423.495 13 
561.466 13 
602.687 13 
479.873 13 
650.736 13 
548.796 13 
466.725 13 
506.676 13 
620.718 13 
643.679 13 
461.322 13 
455.166 13 
454.855 13 
507.051 13 
462.905 13 
736.441 13 
403.649 13 
490.867 13 
607.596 13 
560.98 13 
500.767 13 
412.594 13 
506.115 13 
395.061 13 
636.068 13 
464.929 13 
489.165 13 
678.821 13 
428.632 13 
475.542 13 
485.711 13 
523.445 13 
456.342 13 
477.606 13 
496.829 13 
507.456 13 
458.631 13 
430.656 13 
588.426 13 
470.848 13 
429.838 13 
461.371 13 
423.001 13 
506.208 13 
530.842 13 
692.296 13 
397.116 13 
554.809 13 
572.849 13 
587.338 13 
524.916 13 
721.347 13 
454.449 13 
466.173 13 
493.272 13 
400.862 13 
492.684 13 
446.718 13 
499.545 13 
571.794 13 
599.355 13 
515.54 13 
536.921 13 
551.972 13 
438.904 13 
618.02 13 
456.846 13 
424.312 13 
435.631 13 
449.135 13 
739.322 13 
504.311 13 
585.763 13 
511.259 13 
1016.29 13 
440.602 13 
496.732 13 
530.626 13 
462.075 13 
405.64 13 
485.494 13 
1039.11 13 
725.95 13 
438.167 13 
480.067 13 
529.859 13 
462.142 13 
517.916 13 
494.798 13 
457.576 13 
474.949 13 
462.477 13 
373.982 13 
473.925 13 
479.222 13 
504.401 13 
500.04 13 
514.977 13 
451.989 13 
616.983 13 
517.719 13 
489.986 13 
503.855 13 
395.405 13 
454.998 13 
486.765 13 
482.447 13 
436.035 13 
499.56 13 
529.49 13 
436.938 13 
506.255 13 
450.162 13 
509.614 13 
459.9 13 
536.94 13 
535.344 13 
430.287 13 
413.99 13 
454.981 13 
393.967 13 
530.667 13 
474.904 13 
558.956 13 
406.552 13 
520.324 13 
459.332 13 
436.741 13 
501.43 13 
492.515 13 
559.314 13 
453.829 13 
565.467 13 
483.28 13 
410.011 13 
476.884 13 
409.633 13 
443.284 13 
464.694 13 
525.575 13 
429.689 13 
452.882 13 
513.599 13 
467.012 13 
442.2 13 
475.496 13 
456.642 13 
506.423 13 
476.693 13 
675.118 13 
602.188 13 
494.931 13 
488.203 13 
487.952 13 
469.798 13 
514.879 13 
502.386 13 
506.497 13 
479.716 13 
468.011 13 
501.065 13 
467.191 13 
601.762 13 
459.501 13 
474.109 13 
691.024 13 
518.786 13 
530.119 13 
450.984 13 
460.694 13 
446.525 13 
507.422 13 
535.984 13 
444.45 13 
508.756 13 
488.332 13 
545.852 13 
464.499 13 
531.383 13 
414.193 13 
556.993 13 
564.061 13 
449.05 13 
502.945 13 
457.102 13 
535.547 13 
417.729 13 
523.137 13 
514.496 13 
513.741 13 
744.687 13 
462.853 13 
511.534 13 
485.509 13 
742.37 13 
575.486 13 
475.276 13 
532.401 13 
551.694 13 
643.456 13 
562.16 13 
410.018 13 
435.804 13 
589.203 13 
811.83 13 
477.859 13 
513.031 13 
636.498 13 
505.119 13 
685.036 13 
503.947 13 
835.604 13 
613.407 13 
501.253 13 
534.097 13 
558.261 13 
584.221 13 
721.385 13 
547.951 13 
554.728 13 
518.924 13 
461.659 13 
523.374 13 
467.952 13 
542.831 13 
520.808 13 
513.164 13 
576.192 13 
216.965 13 
535.126 13 
568.375 13 
502.766 13 
475.356 13 
447.939 13 
524.804 13 
375.889 13 
437.248 13 
477.705 13 
485.843 13 
438.906 13 
504.133 13 
459.914 13 
491.986 13 
488.103 13 
512.14 13 
519.808 13 
547.44 13 
542.671 13 
446.174 13 
438.862 13 
660.716 13 
557.133 13 
478.01 13 
545.489 13 
472.924 13 
458.029 13 
439.13 13 
529.23 13 
421.723 13 
640.237 13 
529.689 13 
544.905 13 
488.941 13 
535.938 13 
488.738 13 
448.329 13 
477.821 13 
541.265 13 
517.089 13 
508.759 13 
573.716 13 
506.452 13 
618.932 13 
612.218 13 
527.089 13 
434.89 13 
426.916 13 
620.608 13 
569.75 13 
541.353 13 
638.759 13 
921.85 13 
689.224 13 
438.28 13 
499.338 13 
538.185 13 
505.567 13 
417.251 13 
523.424 13 
995.696 13 
521.031 13 
597.321 13 
745.612 13 
790.634 13 
534.002 13 
824.863 13 
467.438 13 
557.235 13 
594.87 13 
506.699 13 
426.364 13 
481.044 13 
449.016 13 
421.518 13 
770.524 13 
740.397 13 
456.675 13 
517.549 13 
538.299 13 
536.443 13 
479.863 13 
540.92 13 
572.875 13 
586.689 13 
454.514 13 
415.468 13 
487.318 13 
504.929 13 
457.571 13 
448.132 13 
530.82 13 
516.765 13 
491.725 13 
276.858 13 
417.618 13 
622.841 13 
581.82 13 
699.748 13 
538.803 13 
565.819 13 
532.506 13 
427.896 13 
612.877 13 
453.789 13 
446.794 13 
492.935 13 
498.531 13 
418.126 13 
510.059 13 
499.702 13 
602.435 13 
496.111 13 
515.627 13 
606.239 13 
526.036 13 
452.916 13 
553.979 13 
392.359 13 
765.033 13 
569.627 13 
687.383 13 
469.171 13 
582.582 13 
768.819 13 
573.406 13 
456.154 13 
559.699 13 
665.693 13 
483.553 13 
436.146 13 
624.709 13 
451.815 13 
579.234 13 
585.391 13 
725.774 13 
611.184 13 
565.358 13 
452.182 13 
362.857 13 
531.587 13 
563.57 13 
466.547 13 
719.751 13 
518.614 13 
498.354 13 
628.459 13 
792.78 13 
590.04 13 
443.538 13 
480.419 13 
533.242 13 
529.087 13 
550.178 13 
454.588 13 
512.287 13 
511.278 13 
440.637 13 
423.179 13 
491.677 13 
455.162 13 
503.134 13 
485.363 13 
562.228 13 
514.017 13 
548.075 13 
514.878 13 
484.238 13 
544.653 13 
458.668 13 
606.593 13 
479.597 13 
474.154 13 
582.696 13 
1029.1 13 
473.133 13 
611.689 13 
718.93 13 
418.329 13 
512.157 13 
258.743 13 
1228.1 13 
574.372 13 
460.298 13 
746.433 13 
539.965 13 
460.367 13 
535.468 13 
538.687 13 
477.819 13 
353.236 13 
507.832 13 
416.908 13 
468.678 13 
508.537 13 
443.72 13 
522.148 13 
483.16 13 
504.405 13 
423.973 13 
412.493 13 
540.307 13 
687.202 13 
594.144 13 
569.701 13 
606.54 13 
709.674 13 
426.198 13 
972.89 13 
563.236 13 
527.116 13 
500.677 13 
430.028 13 
655.48 13 
383.787 13 
800.786 13 
621.851 13 
372.044 13 
426.435 13 
485.433 13 
482.962 13 
562.776 13 
498.531 13 
437.804 13 
504.552 13 
801.622 13 
444.175 13 
461.924 13 
424.465 13 
694.646 13 
462.562 13 
422.541 13 
518.791 13 
637.073 13 
664.448 13 
532.958 13 
496.457 13 
554.58 13 
573.953 13 
464.28 13 
573.974 13 
1012.34 13 
627.344 13 
584.046 13 
432.417 13 
769.728 13 
476.121 13 
421.644 13 
532.967 13 
549.809 13 
481.742 13 
548.337 13 
791.128 13 
477.276 13 
603.294 13 
654.744 13 
516.128 13 
506.758 13 
517.88 13 
405.802 13 
609.854 13 
655.302 13 
555.904 13 
415.673 13 
495.051 13 
471.5 13 
359.416 13 
525.647 13 
681.013 13 
468.139 13 
563.915 13 
478.511 13 
522.633 13 
538.007 13 
493.681 13 
495.061 13 
479.175 13 
447.812 13 
493.138 13 
515.898 13 
793.631 13 
416.224 13 
571.987 13 
570.423 13 
420.059 13 
576.494 13 
562.55 13 
599.19 13 
459.857 13 
674.069 13 
473.419 13 
434.887 13 
843.743 13 
564.809 13 
495.937 13 
481.451 13 
666.056 13 
479.647 13 
512.71 13 
432.512 13 
525.208 13 
561.078 13 
610.745 13 
469.583 13 
401.897 13 
549.973 13 
529.922 13 
561.901 13 
544.4 13 
402.155 13 
513.207 13 
485.886 13 
519.292 13 
430.847 13 
802.991 13 
474.198 13 
527.5 13 
805.512 13 
552.485 13 
644.519 13 
591.87 13 
499.383 13 
503.112 13 
749.071 13 
729.816 13 
412.809 13 
315.576 13 
441.358 13 
438.421 13 
490.032 13 
486.451 13 
469.808 13 
488.937 13 
527.122 13 
572.045 13 
447.204 13 
444.826 13 
489.441 13 
550.437 13 
488.783 13 
554.906 13 
414.892 13 
499.38 13 
1001.53 13 
610.581 13 
474.909 13 
548.814 13 
465.627 13 
634.505 13 
499.202 13 
540.246 13 
711.119 13 
662.909 13 
611.091 13 
368.36 13 
538.21 13 
484.052 13 
496.418 13 
541.354 13 
505.239 13 
578.201 13 
585.408 13 
396.995 13 
382.145 13 
523.208 13 
519.861 13 
502.494 13 
512.46 13 
572.315 13 
498.235 13 
470.435 13 
525.617 13 
556.374 13 
447.193 13 
550.984 13 
266.205 13 
954.22 13 
482.496 13 
535.599 13 
520.425 13 
584.024 13 
555.464 13 
453.995 13 
596.239 13 
479.429 13 
566.365 13 
606.53 13 
500.208 13 
499.637 13 
495.93 13 
587.999 13 
934.467 13 
507.943 13 
484.701 13 
548.988 13 
536.684 13 
533.438 13 
791.494 13 
501.506 13 
606.841 13 
527.083 13 
409.831 13 
566.165 13 
495.955 13 
496.002 13 
525.049 13 
476.483 13 
426.362 13 
494.372 13 
429.902 13 
525.738 13 
433.832 13 
452.903 13 
522.669 13 
523.859 13 
478.255 13 
424.732 13 
460.17 13 
466.377 13 
534.687 13 
480.707 13 
483.95 13 
504.797 13 
638.984 13 
546.774 13 
578.493 13 
543.9 13 
653.363 13 
495.601 13 
446.534 13 
635.297 13 
478.133 13 
532.005 13 
571.831 13 
396.472 13 
534.724 13 
542.204 13 
598.616 13 
593.61 13 
868.291 13 
634.046 13 
528.266 13 
527.534 13 
535.397 13 
543.286 13 
531.132 13 
507.865 13 
526.44 13 
860.123 13 
523.722 13 
573.019 13 
543.02 13 
552.846 13 
564.993 13 
610.377 13 
515.96 13 
467.064 13 
399.586 13 
494.96 13 
487.877 13 
554.913 13 
561.857 13 
576.109 13 
499.596 13 
579.779 13 
504.923 13 
473.588 13 
465.164 13 
413.699 13 
473.723 13 
679.543 13 
609.773 13 
630.714 13 
494.354 13 
514.318 13 
571.717 13 
563.593 13 
585.489 13 
519.851 13 
596.141 13 
438.978 13 
529.089 13 
471.395 13 
611.091 13 
500.625 13 
556.851 13 
485.988 13 
688.723 13 
716.688 13 
451.89 13 
494.405 13 
417.845 13 
566.989 13 
579.326 13 
532.973 13 
478.309 13 
403.491 13 
759.29 13 
833.271 13 
771.169 13 
527.288 13 
480.853 13 
511.996 13 
520.748 13 
595.696 13 
612.592 13 
1126.16 13 
466.27 13 
440.823 13 
717.413 13 
613.348 13 
525.506 13 
671.417 13 
700.485 13 
555.668 13 
534.062 13 
553.605 13 
138.016 13 
463.835 13 
625.851 13 
487.934 13 
496.636 13 
479.509 13 
459.815 13 
544.805 13 
542.1 13 
467.234 13 
424.641 13 
571.435 13 
530.434 13 
595.287 13 
590.375 13 
457.658 13 
507.54 13 
464.974 13 
505.181 13 
393.299 13 
550.971 13 
651.824 13 
465.285 13 
495.861 13 
454.778 13 
543.313 13 
454.4 13 
562.008 13 
485.523 13 
618.559 13 
439.421 13 
469.927 13 
516.867 13 
433.897 13 
536.619 13 
499.743 13 
503.401 13 
426.465 13 
506.967 13 
695.631 13 
690.424 13 
583.332 13 
474.781 13 
539.099 13 
501.257 13 
544.633 13 
442.967 13 
536.711 13 
459.366 13 
555.872 13 
494.874 13 
543.38 13 
554.861 13 
510.288 13 
543.356 13 
576.666 13 
428.274 13 
641.473 13 
476.981 13 
557.47 13 
497.446 13 
517.475 13 
500.687 13 
513.74 13 
529.271 13 
541.401 13 
516.19 13 
544.842 13 
512.117 13 
610.08 13 
366.423 13 
501.992 13 
418.007 13 
512.892 13 
462.755 13 
520.059 13 
758.648 13 
515.317 13 
519.641 13 
448.805 13 
403.583 13 
583.099 13 
432.563 13 
698.102 13 
558.307 13 
451.721 13 
514.033 13 
689.615 13 
428.556 13 
521.745 13 
466.489 13 
483.956 13 
570.151 13 
422.282 13 
531.43 13 
585.147 13 
661.021 13 
636.126 13 
473.657 13 
560.128 13 
488.482 13 
649.8 13 
470.4 13 
520.205 13 
444.83 13 
522.554 13 
605.164 13 
516.262 13 
711.046 13 
695.396 13 
430.366 13 
461.163 13 
586.724 13 
718.495 13 
496.916 13 
596.777 13 
512.019 13 
422.659 13 
622.938 13 
537.417 13 
438.221 13 
414.244 13 
875.761 13 
623.846 13 
530.556 13 
452.505 13 
525.343 13 
471.559 13 
509.789 13 
359.621 13 
385.244 13 
521.233 13 
461.915 13 
520.288 13 
720.041 13 
471.554 13 
701.821 13 
498.552 13 
518.186 13 
505.1 13 
509.144 13 
496.939 13 
479.973 13 
479.601 13 
624.925 13 
760.762 13 
342.503 13 
472.862 13 
518.155 13 
343.271 13 
456.365 13 
429.642 13 
470.437 13 
485.066 13 
466.586 13 
543.935 13 
501.405 13 
769.952 13 
673.937 13 
547.576 13 
433.036 13 
571.839 13 
424.389 13 
473.537 13 
779.313 13 
543.735 13 
522.266 13 
488.242 13 
466.346 13 
421.373 13 
666.133 13 
566.386 13 
454.948 13 
466.894 13 
432.07 13 
636.223 13 
523.041 13 
541.012 13 
619.284 13 
206.692 13 
485.562 13 
573.402 13 
492.33 13 
531.784 13 
864.089 13 
460.261 13 
541.919 13 
419.707 13 
471.214 13 
482.633 13 
521.385 13 
507.835 13 
460.526 13 
783.663 13 
568.019 13 
485.726 13 
548.969 13 
758.275 13 
429.254 13 
484.604 13 
431.974 13 
438.752 13 
437.252 13 
477.697 13 
527.452 13 
769.585 13 
585.878 13 
570.828 13 
564.156 13 
504.823 13 
612.673 13 
801.005 13 
521.88 13 
697.647 13 
543.616 13 
483.904 13 
506.513 13 
506.617 13 
361.613 13 
466.31 13 
764.482 13 
433.842 13 
728.648 13 
454.788 13 
479.222 13 
516.588 13 
362.691 13 
444.215 13 
497.407 13 
575.584 13 
465.891 13 
493.843 13 
571.495 13 
457.741 13 
658.054 13 
449.897 13 
460.533 13 
716.409 13 
503.036 13 
544.878 13 
586.183 13 
786.875 13 
349.054 13 
579.482 13 
675.368 13 
520.229 13 
480.44 13 
408.352 13 
453.645 13 
391.679 13 
437.6 13 
452.937 13 
535.371 13 
512.465 13 
739.126 13 
476.988 13 
651.141 13 
558.509 13 
508.354 13 
488.585 13 
472.402 13 
389.376 13 
582.954 13 
547.286 13 
732.743 13 
554.373 13 
456.083 13 
485.096 13 
413.633 13 
637.109 13 
520.568 13 
392.096 13 
509.016 13 
504.973 13 
405.949 13 
419.442 13 
496.566 13 
524.503 13 
492.371 13 
525.231 13 
534.093 13 
466.714 13 
616.069 13 
490.385 13 
875.51 13 
605.259 13 
423.933 13 
497.998 13 
427.863 13 
434.056 13 
467.19 13 
549.432 13 
656.108 13 
489.921 13 
428.736 13 
567.032 13 
529.457 13 
559.399 13 
539.383 13 
629.975 13 
690.463 13 
518.975 13 
622.003 13 
435.211 13 
623.493 13 
561.769 13 
513.443 13 
551.639 13 
480.415 13 
504.674 13 
590.417 13 
642.345 13 
521.457 13 
541.294 13 
536.249 13 
581.055 13 
507.358 13 
544.728 13 
672.583 13 
478.444 13 
507.683 13 
666.007 13 
459.06 13 
530.439 13 
405.046 13 
496.18 13 
462.067 13 
485.358 13 
473.178 13 
444.407 13 
494.558 13 
519.416 13 
478.358 13 
562.851 13 
483.662 13 
477.632 13 
473.181 13 
478.567 13 
479.31 13 
385.384 13 
453.929 13 
476.428 13 
469.697 13 
478.291 13 
518.947 13 
458.519 13 
483.79 13 
489.565 13 
472.694 13 
686.639 13 
493.086 13 
543.811 13 
466.132 13 
396.68 13 
412.553 13 
521.378 13 
472.587 13 
623.262 13 
456.533 13 
480.346 13 
511.39 13 
461.298 13 
523.461 13 
482.393 13 
474.864 13 
550.103 13 
470.174 13 
485.078 13 
499.198 13 
556.081 13 
415.364 13 
452.191 13 
439.618 13 
421.625 13 
521.792 13 
412.108 13 
489.571 13 
476.992 13 
478.162 13 
464.927 13 
483.355 13 
507.253 13 
430.235 13 
480.148 13 
519.466 13 
493.359 13 
492.152 13 
515.14 13 
518.943 13 
539.751 13 
487.103 13 
425.017 13 
531.491 13 
441.232 13 
569.97 13 
551.697 13 
453.093 13 
518.732 13 
611.532 13 
429.536 13 
553.994 13 
527.506 13 
525.971 13 
967.657 13 
467.782 13 
457.515 13 
461.367 13 
497.956 13 
474.93 13 
480.972 13 
484.895 13 
456.58 13 
585.343 13 
415.144 13 
530.161 13 
513.656 13 
410.824 13 
502.24 13 
588.931 13 
1261.78 13 
478.056 13 
693.733 13 
395.406 13 
457.239 13 
491.746 13 
776.638 13 
516.852 13 
362.86 13 
917.636 13 
545.251 13 
517.915 13 
639.315 13 
460.634 13 
565.256 13 
650.683 13 
471.365 13 
665.818 13 
654.873 13 
579.173 13 
575.84 13 
449.081 13 
444.647 13 
1013.74 13 
471.907 13 
664.587 13 
511.596 13 
507.048 13 
490.577 13 
521.667 13 
466.843 13 
851.893 13 
454.049 13 
575.393 13 
414.924 13 
502.269 13 
333.471 13 
539.668 13 
448.579 13 
404.39 13 
525.867 13 
454.658 13 
609.38 13 
522.299 13 
526.175 13 
526.185 13 
647.335 13 
533.936 13 
623.999 13 
670.075 13 
526.74 13 
365.192 13 
592.471 13 
446.862 13 
540.368 13 
502.612 13 
479.073 13 
547.153 13 
550.394 13 
483.872 13 
482.125 13 
518.222 13 
480.208 13 
605.479 13 
556.201 13 
602.849 13 
605.929 13 
453.261 13 
670.837 13 
478.78 13 
471.696 13 
448.969 13 
562.122 13 
519.906 13 
579.493 13 
433.905 13 
691.434 13 
424.217 13 
534.13 13 
433.6 13 
533.397 13 
462.695 13 
396.995 13 
616.075 13 
556.59 13 
525.277 13 
529.555 13 
462.357 13 
510.573 13 
541.644 13 
487.922 13 
400.438 13 
695.414 13 
485.359 13 
465.517 13 
461.747 13 
668.168 13 
664.987 13 
569.944 13 
510.701 13 
625.951 13 
451.365 13 
566.141 13 
439.339 13 
519.401 13 
466.695 13 
520.358 13 
505.38 13 
467.474 13 
425.633 13 
578.976 13 
490.042 13 
480.841 13 
508.664 13 
746.055 13 
427.13 13 
506.331 13 
380.085 13 
576.846 13 
393.734 13 
855.417 13 
512.354 13 
443.952 13 
496.393 13 
439.893 13 
558.808 13 
473.387 13 
518.867 13 
385.989 13 
386.347 13 
1003.39 13 
553.321 13 
577.321 13 
559.559 13 
512.001 13 
605.998 13 
446.394 13 
554.798 13 
482.431 13 
387.729 13 
498.339 13 
690.197 13 
515.792 13 
387.037 13 
554.541 13 
724.107 13 
449.484 13 
759.884 13 
482.548 13 
528.619 13 
469.844 13 
467.865 13 
513.059 13 
501.607 13 
623.851 13 
563.845 13 
522.082 13 
550.159 13 
724.227 13 
483.019 13 
586.186 13 
436.096 13 
478.458 13 
450.124 13 
434.471 13 
612.737 13 
469.333 13 
483.97 13 
441.37 13 
505.93 13 
386.468 13 
526.15 13 
529.361 13 
466.778 13 
680.555 13 
414.418 13 
614.772 13 
609.651 13 
425.253 13 
615.416 13 
510.8 13 
586.013 13 
382.007 13 
565.538 13 
514.382 13 
540.47 13 
573.629 13 
525.618 13 
534.63 13 
482.268 13 
798.85 13 
385.358 13 
484.663 13 
506.688 13 
530.342 13 
484.998 13 
506.842 13 
459.378 13 
520.893 13 
488.311 13 
488.469 13 
410.766 13 
463.716 13 
701.88 13 
637.042 13 
654.309 13 
457.855 13 
524.76 13 
522.074 13 
591.723 13 
461.622 13 
500.072 13 
503.592 13 
496.636 13 
424.239 13 
591.504 13 
432.559 13 
490.252 13 
594.652 13 
455.621 13 
486.507 13 
622.661 13 
727.531 13 
499.925 13 
443.164 13 
455.235 13 
701.591 13 
534.356 13 
771.738 13 
657.938 13 
517.244 13 
450.753 13 
465.732 13 
490.523 13 
453.472 13 
480.175 13 
488.566 13 
581.021 13 
612.882 13 
621.685 13 
447.951 13 
625.165 13 
402.694 13 
514.427 13 
547.516 13 
531.039 13 
576.484 13 
464.144 13 
572.032 13 
461.859 13 
891.694 13 
894.736 13 
528.082 13 
522.662 13 
495.697 13 
421.86 13 
779.764 13 
741.146 13 
769.19 13 
488.185 13 
616.853 13 
445.399 13 
188.508 13 
452.051 13 
557.534 13 
585.677 13 
521.615 13 
506.515 13 
439.823 13 
534.04 13 
612.575 13 
505.015 13 
545.785 13 
633.785 13 
378.599 13 
673.169 13 
556.531 13 
494.153 13 
603.291 13 
499.31 13 
431.95 13 
519.083 13 
479.906 13 
414.305 13 
442.001 13 
453.861 13 
367.761 13 
500.032 13 
395.753 13 
706.73 13 
413.409 13 
569.258 13 
627.267 13 
475.855 13 
548.227 13 
501.835 13 
513.364 13 
641.317 13 
902.73 13 
418.954 13 
399.704 13 
385.031 13 
638.94 13 
421.611 13 
494.876 13 
539.477 13 
452.294 13 
404.428 13 
542.048 13 
516.695 13 
649.528 13 
523.706 13 
489.373 13 
503.013 13 
489.291 13 
429.206 13 
409.35 13 
463.665 13 
471.275 13 
497.159 13 
454.847 13 
840.944 13 
584.946 13 
504.787 13 
925.031 13 
535.594 13 
794.481 13 
474.95 13 
780.476 13 
611.592 13 
491.472 13 
478.7 13 
506.288 13 
576.929 13 
458.296 13 
419.218 13 
631.721 13 
367.504 13 
485.307 13 
524.683 13 
529.252 13 
517.093 13 
479.345 13 
608.204 13 
485.242 13 
507.218 13 
427.765 13 
421.069 13 
467.082 13 
456.15 13 
557.367 13 
551.526 13 
460.888 13 
477.049 13 
507.551 13 
477.322 13 
563.495 13 
520.731 13 
920.298 13 
498.388 13 
505.274 13 
659.143 13 
605.14 13 
479.953 13 
464.235 13 
666.324 13 
476.062 13 
687.409 13 
549.168 13 
670.588 13 
700.693 13 
470.991 13 
654.041 13 
512.754 13 
693.106 13 
442.323 13 
565.118 13 
515.085 13 
524.509 13 
584.205 13 
533.385 13 
564.278 13 
382.887 13 
553.009 13 
488.068 13 
415.8 13 
506.515 13 
511.548 13 
505.093 13 
542.953 13 
725.381 13 
499.438 13 
458.052 13 
505.661 13 
469.379 13 
862.45 13 
474.247 13 
504.751 13 
531.605 13 
554.576 13 
463.266 13 
494.183 13 
635.654 13 
505.239 13 
485.066 13 
534.718 13 
480.711 13 
533.122 13 
514.442 13 
525.52 13 
471.952 13 
543.08 13 
1340.55 13 
487.554 13 
446.766 13 
421.074 13 
475.182 13 
396.259 13 
473.183 13 
565.4 13 
555.12 13 
508.049 13 
487.355 13 
551.168 13 
642.498 13 
473.59 13 
456.916 13 
499.33 13 
442.927 13 
484.759 13 
493.799 13 
564.593 13 
518.535 13 
464.474 13 
516.249 13 
499.84 13 
540.259 13 
443.329 13 
487.845 13 
494.145 13 
426.488 13 
493.415 13 
507.447 13 
461.341 13 
513.962 13 
566.883 13 
477.875 13 
453.864 13 
555.482 13 
488.72 13 
523.815 13 
491.622 13 
486.764 13 
493.429 13 
522.024 13 
387.756 13 
460.024 13 
544.324 13 
488.363 13 
443.451 13 
469.214 13 
461.498 13 
478.81 13 
518.167 13 
525.977 13 
510.055 13 
405.807 13 
480.671 13 
480.316 13 
454.494 13 
828.693 13 
633.049 13 
451.836 13 
482.136 13 
413.223 13 
520.87 13 
347.436 13 
535.395 13 
540.669 13 
398.93 13 
698.014 13 
550.567 13 
577.246 13 
532.446 13 
486.383 13 
511.736 13 
535.675 13 
516.756 13 
557.624 13 
708.793 13 
467.194 13 
854.484 13 
637.016 13 
532.164 13 
689.586 13 
508.516 13 
457.011 13 
1110.55 13 
720.674 13 
540.699 13 
458.019 13 
693.601 13 
579.093 13 
685.183 13 
465.877 13 
688.398 13 
1171.71 13 
479.336 13 
492.369 13 
473.839 13 
671.966 13 
758.253 13 
504.118 13 
544.266 13 
541.841 13 
470.618 13 
430.887 13 
501.926 13 
455.921 13 
426.723 13 
436.279 13 
450.834 13 
214.335 13 
488.082 13 
548.939 13 
431.502 13 
515.552 13 
512.907 13 
539.597 13 
539.776 13 
475.622 13 
490.832 13 
457.401 13 
598.393 13 
361.817 13 
670.26 13 
544.532 13 
527.023 13 
462.919 13 
463.536 13 
470.56 13 
496.065 13 
450.087 13 
558.944 13 
492.879 13 
540.256 13 
418.508 13 
525.512 13 
464.665 13 
512.655 13 
536.878 13 
659.73 13 
483.433 13 
540.264 13 
517.605 13 
542.4 13 
391.379 13 
403.838 13 
462.109 13 
511.147 13 
394.567 13 
635.943 13 
456.452 13 
443.969 13 
476.735 13 
631.005 13 
400.053 13 
481.27 13 
434.895 13 
500.324 13 
479.164 13 
531.918 13 
453.954 13 
491.999 13 
459.441 13 
601.914 13 
558.115 13 
495.298 13 
521.477 13 
500.559 13 
454.724 13 
524.792 13 
510.92 13 
502.126 13 
509.301 13 
496.874 13 
470.793 13 
649.616 13 
435.009 13 
405.492 13 
512.756 13 
537.218 13 
403.633 13 
516.145 13 
933.894 13 
460.76 13 
490.875 13 
477.164 13 
610.44 13 
453.035 13 
580.1 13 
576.961 13 
514.256 13 
568.555 13 
474.708 13 
493.966 13 
660.813 13 
506.765 13 
452.871 13 
606.833 13 
480.786 13 
514.416 13 
574.674 13 
419.312 13 
603.58 13 
512.263 13 
519.359 13 
481.666 13 
404.378 13 
456.203 13 
462.188 13 
554.284 13 
446.046 13 
631.999 13 
484.166 13 
607.789 13 
518.635 13 
536.282 13 
531.863 13 
481.245 13 
674.847 13 
509.803 13 
379.733 13 
490.133 13 
513.447 13 
485.858 13 
707.873 13 
609.057 13 
530.137 13 
267.595 13 
469.643 13 
470.715 13 
523.606 13 
435.695 13 
418.096 13 
538.433 13 
436.708 13 
653.872 13 
732.207 13 
570.506 13 
426.307 13 
488.436 13 
663.022 13 
593.076 13 
566.37 13 
622.905 13 
380.144 13 
788.641 13 
573.057 13 
768.145 13 
514.393 13 
554.901 13 
407.712 13 
835.524 13 
576.085 13 
551.007 13 
500.506 13 
643.547 13 
469.073 13 
522.926 13 
489.523 13 
642.052 13 
468.375 13 
574.236 13 
402.557 13 
575.727 13 
469.115 13 
432.533 13 
565.65 13 
601.398 13 
443.46 13 
525.426 13 
572.862 13 
569.878 13 
467.659 13 
570.41 13 
502.595 13 
1112.35 13 
547.519 13 
501.616 13 
517.611 13 
490.891 13 
649.34 13 
537.796 13 
533.449 13 
534.778 13 
528.012 13 
404.102 13 
424.494 13 
547.916 13 
516.497 13 
472.903 13 
837.158 13 
1059.3 13 
668.767 13 
918.162 13 
506.329 13 
547.583 13 
787.475 13 
511.653 13 
420.792 13 
419.629 13 
534.717 13 
508.513 13 
562.139 13 
535.849 13 
469.239 13 
492.092 13 
425.605 13 
594.1 13 
471.567 13 
1006.93 13 
422.632 13 
464.254 13 
548.26 13 
521.785 13 
454.61 13 
400.048 13 
432.485 13 
515.063 13 
479.401 13 
430.66 13 
594.992 13 
644.341 13 
644.898 13 
610.291 13 
525.168 13 
541.917 13 
453.693 13 
583.129 13 
441.52 13 
461.339 13 
562.978 13 
523.455 13 
664.162 13 
733.858 13 
459.406 13 
695.41 13 
573.815 13 
476.869 13 
467.742 13 
507.31 13 
484.294 13 
450.681 13 
326.23 13 
412.424 13 
589.762 13 
442.426 13 
386.868 13 
475.091 13 
515.565 13 
515.291 13 
545.256 13 
498.65 13 
699.357 13 
482.623 13 
522.518 13 
572.307 13 
496.685 13 
416.882 13 
458.912 13 
555.059 13 
540.68 13 
706.792 13 
439.51 13 
747.243 13 
461.464 13 
524.319 13 
773.161 13 
639.713 13 
616.896 13 
484.532 13 
648.937 13 
514.198 13 
480.567 13 
536.282 13 
550.061 13 
696.127 13 
687.963 13 
550.577 13 
451.178 13 
703.288 13 
506.476 13 
414.956 13 
464.87 13 
463.539 13 
534.069 13 
535.644 13 
445.745 13 
542.434 13 
350.661 13 
535.751 13 
455.799 13 
455.004 13 
468.561 13 
498.302 13 
735.713 13 
532.416 13 
516.529 13 
522.763 13 
360.043 13 
443.34 13 
504.013 13 
501.056 13 
477.545 13 
510.25 13 
404.976 13 
614.947 13 
517.903 13 
442.773 13 
533.093 13 
599.592 13 
427.008 13 
602.622 13 
275.042 13 
537.234 13 
636.65 13 
603.081 13 
531.549 13 
436.923 13 
512.904 13 
483.166 13 
657.054 13 
705.472 13 
553.948 13 
477.89 13 
595.877 13 
584.764 13 
493.214 13 
531.546 13 
527.444 13 
624.018 13 
497.36 13 
509.231 13 
430.746 13 
605.709 13 
493.302 13 
628.986 13 
671.685 13 
462.54 13 
474.588 13 
497.114 13 
525.536 13 
633.827 13 
621.105 13 
464.137 13 
544.836 13 
441.632 13 
442.156 13 
421.385 13 
771.163 13 
401.468 13 
392.28 13 
503.371 13 
542.982 13 
570.947 13 
707.918 13 
548.045 13 
449.462 13 
462.066 13 
544.924 13 
538.235 13 
484.478 13 
492.605 13 
494.539 13 
509.277 13 
691.039 13 
558.381 13 
457.193 13 
483.32 13 
767.245 13 
492.132 13 
758.123 13 
518.025 13 
468.167 13 
512.394 13 
589.449 13 
522.085 13 
526.095 13 
550.505 13 
506.028 13 
515.282 13 
372.617 13 
433.253 13 
498.29 13 
391.806 13 
482.431 13 
537.404 13 
458.29 13 
506.81 13 
580.677 13 
958.687 13 
982.691 13 
587.868 13 
576.406 13 
479.303 13 
593.743 13 
487.435 13 
493.098 13 
549.471 13 
619.556 13 
525.453 13 
638.684 13 
465.486 13 
572.849 13 
633.55 13 
450.828 13 
476.793 13 
604.856 13 
506.68 13 
551.488 13 
450.19 13 
452.153 13 
399.106 13 
518.201 13 
510.081 13 
408.328 13 
510.117 13 
489.259 13 
462.831 13 
485.607 13 
479.793 13 
446.736 13 
518.241 13 
595.318 13 
406.806 13 
454.921 13 
465.765 13 
449.873 13 
516.926 13 
499.591 13 
561.005 13 
485.555 13 
433.036 13 
519.505 13 
443.35 13 
548.953 13 
433.592 13 
550.415 13 
506.832 13 
457.419 13 
536.443 13 
574.499 13 
458.682 13 
406.865 13 
559.141 13 
486.763 13 
593.712 13 
432.316 13 
489.624 13 
496.241 13 
492.238 13 
329.173 13 
450.469 13 
475.62 13 
490.558 13 
473.909 13 
476.81 13 
535.221 13 
444.76 13 
511.147 13 
462.158 13 
520.932 13 
548.214 13 
542.399 13 
640.52 13 
531.745 13 
566.512 13 
496.628 13 
547.15 13 
427.085 13 
473.13 13 
439.396 13 
504.52 13 
417.891 13 
418.687 13 
296.696 13 
461.87 13 
446.227 13 
482.768 13 
619.952 13 
503.344 13 
455.648 13 
506.939 13 
543.836 13 
561.605 13 
495.024 13 
541.291 13 
377.187 13 
508.131 13 
529.55 13 
484.368 13 
448.129 13 
486.23 13 
516.841 13 
398.883 13 
546.875 13 
516.69 13 
658.855 13 
501.824 13 
396.544 13 
481.153 13 
634.667 13 
390.921 13 
473.613 13 
523.076 13 
428.522 13 
457.885 13 
530.575 13 
474.239 13 
501.719 13 
492.321 13 
527.677 13 
500.75 13 
450.392 13 
440.369 13 
466.015 13 
500.945 13 
431.905 13 
532.211 13 
437.98 13 
417.977 13 
554.853 13 
475.408 13 
521.023 13 
683.621 13 
503.688 13 
497.612 13 
403.153 13 
483.843 13 
470.479 13 
403.073 13 
425.87 13 
523.282 13 
491.988 13 
481.903 13 
597.657 13 
562.132 13 
456.597 13 
694.637 13 
545.72 13 
614.056 13 
691.921 13 
503.59 13 
742.369 13 
397.78 13 
689.227 13 
397.237 13 
536.87 13 
434.923 13 
616.24 13 
526.89 13 
468.804 13 
502.308 13 
470.47 13 
478.858 13 
480.638 13 
762.423 13 
587.31 13 
699.239 13 
438.804 13 
697.632 13 
591.322 13 
682.877 13 
486.025 13 
425.13 13 
478.055 13 
1235.51 13 
462.207 13 
493.435 13 
534.714 13 
507.816 13 
446.037 13 
465.115 13 
427.371 13 
540.527 13 
606.018 13 
573.138 13 
513.332 13 
453.076 13 
387.32 13 
542.11 13 
702.693 13 
539.851 13 
500.99 13 
486.765 13 
463.164 13 
449.07 13 
521.959 13 
486.518 13 
576.16 13 
398.833 13 
863.527 13 
436.684 13 
560.466 13 
576.135 13 
639.612 13 
571.602 13 
518.421 13 
475.486 13 
486.827 13 
685.197 13 
537.353 13 
574.545 13 
526.05 13 
449.112 13 
612.884 13 
935.504 13 
603.931 13 
437.715 13 
489.985 13 
632.343 13 
484.881 13 
432.125 13 
459.875 13 
427.052 13 
530.715 13 
490.408 13 
614.441 13 
455.191 13 
535.147 13 
506.854 13 
528.799 13 
644.961 13 
645.557 13 
542.499 13 
461.6 13 
504.616 13 
818.568 13 
646.359 13 
612.025 13 
499.903 13 
581.904 13 
474.311 13 
554.524 13 
510.104 13 
359.993 13 
474.559 13 
407.344 13 
503.169 13 
598.724 13 
433.9 13 
551.173 13 
560.122 13 
523.366 13 
547.747 13 
483.628 13 
590.93 13 
592.592 13 
485.43 13 
446.952 13 
535.808 13 
500.439 13 
479.869 13 
638.899 13 
516.14 13 
1112.34 13 
763.48 13 
495.137 13 
500.484 13 
502.338 13 
411.695 13 
507.185 13 
641.639 13 
713.786 13 
440.597 13 
471.978 13 
577.17 13 
573.588 13 
833.654 13 
443.325 13 
444.876 13 
516.219 13 
468.323 13 
208.635 13 
487.954 13 
499.485 13 
463.225 13 
632.079 13 
589.469 13 
466.136 13 
297.453 13 
570.783 13 
487.554 13 
538.768 13 
555.938 13 
1347.13 13 
737.266 13 
334.824 13 
553.127 13 
572.833 13 
413.379 13 
541.893 13 
311.29 13 
416.471 13 
455.73 13 
659.385 13 
674.265 13 
686.123 13 
529.358 13 
594.566 13 
825.864 13 
485.573 13 
480.206 13 
466.7 13 
830.898 13 
985.092 13 
476.706 13 
454.051 13 
727.222 13 
735.211 13 
756.565 13 
491.138 13 
430.32 13 
344.14 13 
502.219 13 
432.146 13 
415.695 13 
444.712 13 
485.792 13 
500.912 13 
567.169 13 
528.824 13 
530.672 13 
541.863 13 
441.698 13 
411.738 13 
620.577 13 
568.687 13 
430.78 13 
462.613 13 
528.433 13 
503.256 13 
371.907 13 
560.77 13 
475.456 13 
286.644 13 
396.681 13 
531.212 13 
498.603 13 
532.346 13 
536.263 13 
549.398 13 
466.884 13 
380.353 13 
490.329 13 
843.227 13 
533.393 13 
517.147 13 
545.429 13 
484.784 13 
503.395 13 
456.405 13 
519.708 13 
444.464 13 
515.926 13 
491.079 13 
400.419 13 
528.893 13 
587.183 13 
409.675 13 
488.066 13 
540.019 13 
483.038 13 
640.512 13 
445.433 13 
504.405 13 
492.001 13 
481.187 13 
515.121 13 
510.413 13 
487.068 13 
513.522 13 
392.181 13 
549.313 13 
495.64 13 
466.81 13 
578.424 13 
478.32 13 
527.05 13 
535.848 13 
504.588 13 
520.679 13 
505.38 13 
497.921 13 
390.218 13 
441.05 13 
433.268 13 
500.777 13 
459.906 13 
420.941 13 
622.172 13 
533.627 13 
656.792 13 
602.214 13 
492.996 13 
501.049 13 
372.343 13 
619.995 13 
482.424 13 
555.042 13 
903.882 13 
554.037 13 
506.819 13 
487.352 13 
518.878 13 
540.869 13 
553.527 13 
484.88 13 
508.704 13 
451.167 13 
486.588 13 
455.155 13 
595.598 13 
480.844 13 
456.447 13 
500.912 13 
537.479 13 
757.238 13 
863.543 13 
591.913 13 
484.034 13 
573.883 13 
416.677 13 
442.348 13 
507.576 13 
477.175 13 
822.48 13 
422.436 13 
464.657 13 
545.002 13 
403.489 13 
499.646 13 
592.859 13 
463.649 13 
474.764 13 
436.737 13 
621.899 13 
487.896 13 
485.103 13 
449.257 13 
668.601 13 
607.741 13 
420.592 13 
521.042 13 
510.338 13 
495.384 13 
453.681 13 
547.707 13 
451.24 13 
623.928 13 
480.854 13 
481.362 13 
652.254 13 
451.14 13 
591.897 13 
198.259 13 
141.019 13 
558.462 13 
466.849 13 
541.893 13 
627.179 13 
523.193 13 
601.402 13 
466.437 13 
522.17 13 
497.511 13 
496.682 13 
478.527 13 
929.501 13 
448.639 13 
546.882 13 
512.283 13 
431.108 13 
529.728 13 
431.693 13 
596.41 13 
482.129 13 
492.872 13 
431.237 13 
1695.3 13 
539.7 13 
676.264 13 
460.648 13 
467.45 13 
477.565 13 
394.167 13 
497.088 13 
630.51 13 
663.508 13 
431.178 13 
533.771 13 
384.492 13 
457.744 13 
478.003 13 
855.823 13 
458.598 13 
494.194 13 
551.043 13 
887.152 13 
781.253 13 
404.434 13 
464.723 13 
533.123 13 
512.771 13 
426.691 13 
556.096 13 
609.514 13 
482.499 13 
441.631 13 
473.722 13 
536.568 13 
452.988 13 
358.707 13 
490.125 13 
380.832 13 
690.641 13 
533.427 13 
510.613 13 
440.573 13 
579.506 13 
844.017 13 
506.033 13 
675.743 13 
435.976 13 
462.967 13 
352.33 13 
764.707 13 
714.549 13 
452.659 13 
708.724 13 
540.832 13 
422.034 13 
615.966 13 
489.672 13 
484.53 13 
510.662 13 
372.268 13 
479.551 13 
726.561 13 
380.015 13 
777.598 13 
481.478 13 
450.261 13 
558.973 13 
423.203 13 
568.36 13 
636.304 13 
454.447 13 
539.235 13 
521.37 13 
485.275 13 
530.287 13 
546.597 13 
459.002 13 
444.568 13 
513.237 13 
536.694 13 
489.443 13 
529.43 13 
530.508 13 
453.293 13 
541.245 13 
462.334 13 
399.024 13 
498.626 13 
473.39 13 
548.413 13 
459.352 13 
651.984 13 
450.342 13 
523.263 13 
494.232 13 
566.373 13 
467.072 13 
400.899 13 
285.705 13 
484.669 13 
550.012 13 
644.679 13 
579.703 13 
451.585 13 
560.353 13 
473.933 13 
593.272 13 
492.072 13 
469.146 13 
447.156 13 
293.284 13 
510.439 13 
725.234 13 
600.63 13 
397.206 13 
569.898 13 
567.123 13 
605.181 13 
421.839 13 
446.748 13 
570.102 13 
657.723 13 
79.4459 13 
485.959 13 
454.339 13 
597.542 13 
466.659 13 
499.354 13 
486.249 13 
513.511 13 
602.163 13 
972.664 13 
561.159 13 
390.607 13 
544.051 13 
456.996 13 
480.919 13 
451.721 13 
494.433 13 
504.605 13 
448.475 13 
639.403 13 
522.205 13 
540.841 13 
727.975 13 
495.829 13 
538.586 13 
562.242 13 
438.273 13 
326.035 13 
1085.59 13 
522.079 13 
464.634 13 
515.795 13 
508.44 13 
461.246 13 
503.165 13 
460.885 13 
521.001 13 
509.906 13 
527.361 13 
484.716 13 
425.146 13 
897.314 13 
595.021 13 
470.341 13 
556.35 13 
541.296 13 
543.238 13 
569.058 13 
417.269 13 
420.303 13 
725.693 13 
521.245 13 
476.525 13 
481.546 13 
456.34 13 
531.007 13 
420.228 13 
471.332 13 
490.688 13 
450.915 13 
401.711 13 
391.755 13 
459.202 13 
587.328 13 
498.214 13 
612.101 13 
564.51 13 
504.862 13 
465.467 13 
856.418 13 
508.168 13 
711.404 13 
495.108 13 
605.324 13 
446.859 13 
453.323 13 
595.38 13 
481.369 13 
473.477 13 
519.45 13 
469.28 13 
634.173 13 
484.507 13 
569.049 13 
552.657 13 
470.394 13 
524.695 13 
520.692 13 
556.554 13 
550.672 13 
672.388 13 
483.047 13 
557.142 13 
450.245 13 
483.518 13 
960.599 13 
329.427 13 
734.709 13 
513.527 13 
412.927 13 
443.284 13 
505.941 13 
723.422 13 
441.698 13 
551.834 13 
498.227 13 
461.013 13 
501.673 13 
435.917 13 
501.262 13 
639.789 13 
720.333 13 
543.928 13 
511.183 13 
486.646 13 
504.311 13 
478.958 13 
608.078 13 
514.94 13 
645.846 13 
623.729 13 
505.352 13 
489.613 13 
658.959 13 
518.955 13 
494.714 13 
650.196 13 
428.633 13 
465.012 13 
634.431 13 
382.718 13 
642.941 13 
587.387 13 
471.129 13 
455.443 13 
528.798 13 
653.106 13 
761.271 13 
493.136 13 
565.283 13 
384.42 13 
546.585 13 
553.777 13 
702.417 13 
1213.71 13 
752.704 13 
531.286 13 
461.734 13 
577.267 13 
502.676 13 
612.105 13 
498.016 13 
442.9 13 
515.047 13 
401.487 13 
434.629 13 
492.965 13 
475.344 13 
442.103 13 
498.819 13 
521.52 13 
525.479 13 
595.65 13 
312.623 13 
465.529 13 
800.936 13 
878.603 13 
606.036 13 
540.586 13 
812.293 13 
531.899 13 
432.446 13 
502.401 13 
363.052 13 
602.363 13 
562.588 13 
463.496 13 
562.405 13 
462.513 13 
430.455 13 
654.537 13 
465.225 13 
537.167 13 
463.562 13 
500.947 13 
488.509 13 
494.793 13 
565.386 13 
578.058 13 
411.888 13 
481.913 13 
600.376 13 
483.345 13 
582.156 13 
869.056 13 
604.364 13 
525.027 13 
450.117 13 
603.471 13 
450.236 13 
539.367 13 
1015.69 13 
541.109 13 
598.448 13 
471.416 13 
470.912 13 
714.345 13 
521.564 13 
512.735 13 
484.335 13 
869.145 13 
789.301 13 
452.857 13 
520.761 13 
381.151 13 
486.852 13 
472.948 13 
453.426 13 
444.285 13 
533.518 13 
486.4 13 
493.802 13 
979.887 13 
583.909 13 
478.64 13 
562.53 13 
493.245 13 
394.747 13 
493.993 13 
465.345 13 
424.943 13 
441.419 13 
673.385 13 
475.484 13 
453.363 13 
474.501 13 
536.255 13 
484.805 13 
406.275 13 
472.245 13 
396.219 13 
429.772 13 
189.445 13 
524.645 13 
535.226 13 
586.067 13 
586.727 13 
470.246 13 
476.954 13 
459.02 13 
509.588 13 
669.866 13 
576.949 13 
513.02 13 
421.625 13 
418.113 13 
470.497 13 
830.828 13 
393.352 13 
586.832 13 
475.744 13 
499.233 13 
395.436 13 
457.476 13 
384.049 13 
433.025 13 
477.214 13 
457.054 13 
553.575 13 
539.108 13 
502.797 13 
847.828 13 
755.686 13 
583.961 13 
448.187 13 
590.775 13 
593.711 13 
532.061 13 
542.868 13 
433.353 13 
444.247 13 
603.927 13 
700.064 13 
541.842 13 
385.425 13 
504.99 13 
469.234 13 
461.107 13 
457.603 13 
648.131 13 
498.845 13 
468.74 13 
573.708 13 
429.416 13 
441.422 13 
505.271 13 
491.557 13 
422.381 13 
506.739 13 
493.32 13 
499.432 13 
656.35 13 
382.206 13 
652.638 13 
457.728 13 
546.356 13 
462.411 13 
487.332 13 
576.229 13 
591.402 13 
470.589 13 
495.074 13 
492.048 13 
489.503 13 
597.519 13 
642.376 13 
807.788 13 
548.826 13 
586.603 13 
447.863 13 
573.733 13 
482.027 13 
708.751 13 
476.753 13 
469.575 13 
602.909 13 
495.261 13 
545.437 13 
447.146 13 
637.956 13 
516.444 13 
501.56 13 
504.118 13 
549.771 13 
923.465 13 
433.573 13 
449.575 13 
392.586 13 
529.262 13 
558.343 13 
443.794 13 
550.852 13 
472.149 13 
544.437 13 
531.089 13 
577.718 13 
587.629 13 
495.397 13 
1087.87 13 
834.155 13 
544.495 13 
489.085 13 
465.899 13 
354.622 13 
588.419 13 
565.008 13 
490.875 13 
451.104 13 
489.873 13 
528.656 13 
522.161 13 
517.367 13 
532.296 13 
494.658 13 
445.228 13 
449.788 13 
508.732 13 
492.699 13 
610.784 13 
433.142 13 
502.794 13 
457.168 13 
431.779 13 
462.791 13 
518.18 13 
490.921 13 
540.765 13 
443.883 13 
384.481 13 
487.655 13 
483.428 13 
524.217 13 
470.99 13 
451.302 13 
482.253 13 
566.587 13 
460.52 13 
484.46 13 
454.042 13 
484.685 13 
626.188 13 
497.159 13 
509.578 13 
438.464 13 
399.884 13 
490.179 13 
411.658 13 
443.295 13 
533.187 13 
471.013 13 
549.775 13 
466.69 13 
536.467 13 
509.579 13 
453.839 13 
454.565 13 
517.281 13 
443.722 13 
456.011 13 
452.819 13 
520.537 13 
516.605 13 
395.046 13 
502.001 13 
453.202 13 
549.091 13 
550.168 13 
459.139 13 
465.678 13 
510.629 13 
482.447 13 
480.917 13 
492.673 13 
495.934 13 
536.537 13 
551.977 13 
558.015 13 
749.712 13 
441.345 13 
561.147 13 
406.522 13 
561.228 13 
480.07 13 
706.596 13 
618.651 13 
464.295 13 
457.187 13 
685 13 
502.892 13 
486.734 13 
745.625 13 
501.809 13 
626.46 13 
401.716 13 
462.676 13 
538.737 13 
533.176 13 
439.259 13 
475.172 13 
463.559 13 
607.114 13 
538.914 13 
411.329 13 
492.375 13 
466.828 13 
425.613 13 
504.255 13 
707.214 13 
541.64 13 
503.516 13 
564.258 13 
463.951 13 
445.908 13 
370.07 13 
506.874 13 
499.517 13 
490.98 13 
617.085 13 
498.959 13 
559.184 13 
759.166 13 
478.683 13 
473.639 13 
549.307 13 
441.465 13 
455.633 13 
513.376 13 
525.345 13 
606.532 13 
542.071 13 
489.317 13 
689.43 13 
499.402 13 
634.619 13 
586.466 13 
504.941 13 
414.736 13 
416.432 13 
507.209 13 
537.846 13 
767.627 13 
605.205 13 
506.191 13 
533.702 13 
457.798 13 
639.536 13 
566.24 13 
514.518 13 
539.815 13 
436.676 13 
469.979 13 
405.885 13 
508.283 13 
572.076 13 
468.185 13 
534.443 13 
638.914 13 
503.164 13 
584.952 13 
494.291 13 
739.581 13 
453.851 13 
532.855 13 
475.085 13 
513.261 13 
528.466 13 
568.795 13 
528.23 13 
446.787 13 
557.681 13 
514.022 13 
482.415 13 
450.507 13 
464.257 13 
523.214 13 
681.355 13 
594.263 13 
585.604 13 
455.523 13 
462.329 13 
515.27 13 
492.128 13 
719.708 13 
626.082 13 
490.441 13 
420.468 13 
392.004 13 
432.191 13 
494.247 13 
496.381 13 
872.852 13 
789.011 13 
422.062 13 
577.208 13 
431.584 13 
524.168 13 
409.311 13 
517.054 13 
607.293 13 
599.748 13 
491.253 13 
448.171 13 
504.349 13 
560.234 13 
513.943 13 
486.222 13 
513.853 13 
562.26 13 
512.975 13 
536.543 13 
561.766 13 
773.088 13 
378.484 13 
537.013 13 
451.666 13 
624.812 13 
470.534 13 
549.762 13 
521.745 13 
587.92 13 
371.842 13 
545.169 13 
461.349 13 
741.82 13 
456.93 13 
504.133 13 
513.794 13 
528.432 13 
495.648 13 
544.718 13 
377.975 13 
438.916 13 
502.939 13 
949.583 13 
470.939 13 
511.482 13 
472.838 13 
517.302 13 
546.695 13 
1329.03 13 
510.025 13 
492.746 13 
470.913 13 
978.716 13 
714.954 13 
723.727 13 
561.956 13 
620.403 13 
503.053 13 
415.147 13 
583.15 13 
696.985 13 
428.55 13 
433.687 13 
535.405 13 
505.402 13 
462.46 13 
530.693 13 
530.237 13 
488.868 13 
635.149 13 
494.204 13 
511.487 13 
