1350.21 11 
744.203 11 
1185.88 11 
675.387 11 
1321.97 11 
711.495 11 
1627.61 11 
1307.58 11 
938.597 11 
1239.86 11 
1384.17 11 
1165.2 11 
683.79 11 
1119.16 11 
689.583 11 
1057.01 11 
959.581 11 
1263.54 11 
882.754 11 
372.676 11 
1064.57 11 
1186.92 11 
1022.79 11 
645.578 11 
693.045 11 
1119.25 11 
1244.15 11 
1175.89 11 
1097.67 11 
1058.33 11 
1143.54 11 
828.625 11 
919.484 11 
716.036 11 
746.387 11 
1081.96 11 
1042.7 11 
1042.95 11 
1130.13 11 
1465.25 11 
839.135 11 
909.768 11 
1260.61 11 
1071.16 11 
680.917 11 
1193.11 11 
670.697 11 
1016.09 11 
703.681 11 
1317.38 11 
1037.76 11 
1152.76 11 
792.162 11 
1187.89 11 
814.237 11 
1010.5 11 
1010.51 11 
1216.64 11 
1064.19 11 
1036.11 11 
1210.36 11 
889.792 11 
1290.86 11 
1160.68 11 
1084.98 11 
687.807 11 
984.237 11 
1309.55 11 
1007.18 11 
545.166 11 
589.408 11 
1276.72 11 
1164.24 11 
841.594 11 
1219.2 11 
1027.41 11 
1216.28 11 
1023.66 11 
916.403 11 
1238.03 11 
617.094 11 
1177.08 11 
1136.21 11 
519.596 11 
1318.19 11 
1261.07 11 
1085.07 11 
1354.42 11 
778.276 11 
1037.47 11 
1278.81 11 
1237 11 
1368.39 11 
1199.28 11 
1251.34 11 
906.564 11 
1006.16 11 
1200.75 11 
1152.3 11 
1202.42 11 
1254.5 11 
1398.28 11 
482.397 11 
1278.09 11 
576.947 11 
784.695 11 
1254.67 11 
1280.49 11 
1035.32 11 
810.878 11 
929.321 11 
705.826 11 
1197.92 11 
1183.27 11 
1003.04 11 
712.343 11 
969.34 11 
1160.45 11 
1341.79 11 
1198.62 11 
1331.32 11 
1057.83 11 
912.198 11 
802.71 11 
1289.44 11 
1713.26 11 
924.817 11 
1052.9 11 
859.712 11 
1199.22 11 
959.823 11 
961.628 11 
1362.22 11 
1149.84 11 
1007.75 11 
1248.35 11 
1025.15 11 
1030.13 11 
642.643 11 
680.176 11 
1113.92 11 
654.63 11 
1036.68 11 
908.168 11 
1124.24 11 
887.89 11 
822.927 11 
1264.78 11 
832.561 11 
1172.7 11 
1110.04 11 
1488.76 11 
476.27 11 
1113.92 11 
1391.17 11 
1192.67 11 
882.144 11 
670.827 11 
816.976 11 
941.32 11 
521.723 11 
1084.53 11 
685.421 11 
995.227 11 
943.346 11 
866.241 11 
521.154 11 
1048.85 11 
1356.82 11 
651.957 11 
1196.8 11 
986.871 11 
949.32 11 
1194 11 
986.311 11 
1095.17 11 
1116.52 11 
1148.19 11 
1029.39 11 
1415 11 
762.863 11 
1151.85 11 
770.216 13 
1045.8 13 
1131.23 13 
774.136 13 
980.944 13 
750.829 13 
1004.82 13 
911.271 13 
1123.16 13 
1197.03 13 
1283.31 13 
1249.17 13 
1163.09 13 
1244.53 13 
838.251 13 
678.283 13 
1149.95 13 
889.365 13 
1388.42 13 
1039.34 13 
926.032 13 
1031.46 13 
1302.24 13 
1026.87 13 
1063.8 13 
723.254 13 
545.579 13 
863.706 13 
721.796 13 
1158.76 13 
1337.63 13 
1188.68 13 
1330.62 13 
539.133 13 
867.047 13 
1105.08 13 
1266.95 13 
1127.72 13 
1164.67 13 
758.136 13 
991.896 13 
1205.69 13 
1263.62 13 
995.838 13 
1031.27 13 
1032.86 13 
911.213 13 
1238.03 13 
1357.8 13 
1235.28 13 
929.118 13 
1308.48 13 
1303.27 13 
1383.42 13 
1341.69 13 
1062.77 13 
734.414 13 
1083.76 13 
692.674 13 
1043.03 13 
635.147 13 
1042.07 13 
1172.33 13 
760.057 13 
1110.54 13 
704.543 13 
1267.21 13 
1405.32 13 
679.088 13 
1217.74 13 
1026.04 13 
978.482 13 
936.373 13 
1015.55 13 
1066.26 13 
758.835 13 
875.763 13 
827.86 13 
613.804 13 
861.098 13 
1222.75 13 
1560.83 13 
1100.69 13 
892.856 13 
411.119 13 
1035.48 13 
538.61 13 
912.364 13 
992.238 13 
944.605 13 
1110.53 13 
947.159 13 
1178.82 13 
1175.32 13 
936.228 13 
960.616 13 
589.106 13 
495.245 13 
1164.7 13 
1193.75 13 
950.511 13 
968.648 13 
1514.08 13 
1165 13 
451.417 13 
837.404 13 
619.334 13 
953.324 13 
1284.64 13 
898.654 13 
1164.92 13 
994.09 13 
908.414 13 
658.365 13 
876.411 13 
895.048 13 
1369.62 13 
1010.4 13 
907.396 13 
1282.63 13 
808.257 13 
1038.7 13 
1335.2 13 
1319.3 13 
1202.94 13 
940.933 13 
585.673 13 
1148.21 13 
1055.75 13 
465.74 13 
487.918 13 
915.502 13 
931.458 13 
1179.89 13 
1252.41 13 
1166.19 13 
574.345 13 
1003.88 13 
1236.01 13 
1173.93 13 
1009.19 13 
1288.45 13 
1191.49 13 
1083.93 13 
1000.76 13 
663.543 13 
525.668 13 
1269.97 13 
1189.42 13 
980.786 13 
968.313 13 
920.938 13 
1156.42 13 
791.32 13 
1212.13 13 
1119.41 13 
1134.45 13 
572.008 13 
1134.81 13 
1169.95 13 
1215.1 13 
319.31 13 
1293.71 13 
1229.52 13 
1280.1 13 
1334.07 13 
1191.64 13 
1240.92 13 
1060.69 13 
1163.55 13 
1059.35 13 
816.607 13 
1238.32 13 
937.439 13 
949.934 13 
943.644 13 
1199.02 13 
613.202 13 
1020.17 13 
950.886 13 
575.485 13 
1335.14 13 
1111.02 13 
1115.51 13 
468.809 13 
1175.9 13 
1279.12 13 
1114.23 13 
1031.83 13 
954.861 13 
926.201 13 
1043.87 13 
804.866 13 
772.295 13 
681.133 13 
1263.25 13 
1212.33 13 
1400.8 13 
1000.52 13 
761.151 13 
934.134 13 
356.771 13 
485.588 13 
842.429 13 
819.658 13 
1275.51 13 
597.037 13 
1406.72 13 
625.767 13 
784.474 13 
1264.37 13 
1324.31 13 
1291.87 13 
989.514 13 
1027.78 13 
1124.5 13 
826.702 13 
1314.91 13 
1500.78 13 
1006.47 13 
871.492 13 
1066.4 13 
1173.6 13 
1166.11 13 
863.794 13 
1166.28 13 
1020.45 13 
1190.11 13 
1125.77 13 
934.913 13 
1511.17 13 
1214.04 13 
1268.45 13 
1218.18 13 
1119.81 13 
1110.74 13 
847.618 13 
926.097 13 
953.436 13 
973.675 13 
1315.43 13 
531.638 13 
1056.24 13 
1070.15 13 
