477.623 11 
519.936 11 
359.524 11 
622.582 11 
439.624 11 
514.444 11 
455.636 11 
354.825 11 
450.312 11 
690.48 11 
496.178 11 
779.903 11 
628.622 11 
624.552 11 
592.506 11 
483.318 11 
562.87 11 
683.786 11 
581.709 11 
465.946 11 
499.957 11 
622.736 11 
512.707 11 
725.78 11 
461.091 11 
531.628 11 
422.48 11 
507.529 11 
427.854 11 
515.544 11 
642.732 11 
512.873 11 
399.743 11 
646.827 11 
756.985 11 
496.146 11 
844.685 11 
554.772 11 
536.32 11 
522.922 11 
554.295 11 
390.38 11 
510.025 11 
762.532 11 
456.017 11 
460.506 11 
484.526 11 
464.788 11 
511.68 11 
456.761 11 
481.652 11 
508.578 11 
526.072 11 
472.657 11 
440.323 11 
530.017 11 
594.554 11 
557.979 11 
560.237 11 
660.806 11 
588.98 11 
566.853 11 
421.055 11 
480.346 11 
459.068 11 
545.463 11 
558.369 11 
458.872 11 
437.239 11 
488.688 11 
470.826 11 
504.126 11 
559.088 11 
471.642 11 
475.209 11 
640.621 11 
199.306 11 
597.401 11 
467.097 11 
484.91 11 
392.571 11 
377.235 11 
214.434 11 
400.786 11 
509.472 11 
207.349 11 
698.033 11 
494.279 11 
684.999 11 
493.832 11 
734.783 11 
562.913 11 
458.972 11 
565.233 11 
507.718 11 
574.868 11 
489.872 11 
775.068 11 
726.397 11 
461.787 11 
441.015 11 
429.355 11 
516.575 11 
715.557 11 
511.047 11 
436.194 11 
583.51 11 
514.878 11 
620.519 11 
487.976 11 
389.266 11 
464.811 11 
389.498 11 
489.453 11 
456.036 11 
792.622 11 
467.005 11 
868.132 11 
446.952 11 
355.949 11 
527.114 11 
449.933 11 
718.382 11 
373.694 11 
513.136 11 
522.272 11 
507.824 11 
462.215 11 
466.248 11 
661.957 11 
506.393 11 
423.222 11 
351.16 11 
558.067 11 
669.491 11 
691.781 11 
439.216 11 
549.128 11 
512.513 11 
692.216 11 
616.138 11 
469.984 11 
477.253 11 
550.291 11 
761.927 11 
631.021 11 
651.745 11 
435.333 13 
506.251 13 
318.658 13 
645.667 13 
447.082 13 
470.776 13 
443.063 13 
608.025 13 
424.225 13 
731.802 13 
451.5 13 
382.503 13 
527.849 13 
538.721 13 
504.244 13 
401.679 13 
499.427 13 
490.564 13 
430.554 13 
527.761 13 
399.284 13 
503.241 13 
460.749 13 
525.337 13 
544.292 13 
596.791 13 
627.646 13 
566.868 13 
533.069 13 
462.311 13 
943.267 13 
451.928 13 
557.309 13 
803.95 13 
518.19 13 
607.927 13 
473.412 13 
518.212 13 
568.194 13 
608.694 13 
534.113 13 
651.201 13 
538.231 13 
413.223 13 
491.913 13 
386.731 13 
461.113 13 
518.103 13 
206.776 13 
498.043 13 
543.705 13 
571.335 13 
518.561 13 
398.438 13 
482.725 13 
513.645 13 
414.821 13 
522.31 13 
630.754 13 
419.594 13 
460.796 13 
636.103 13 
842.858 13 
440.05 13 
606.294 13 
439.366 13 
474.122 13 
531.218 13 
381.462 13 
368.08 13 
450.368 13 
147.75 13 
372.597 13 
465.873 13 
766.425 13 
650.089 13 
413.986 13 
529.84 13 
979.677 13 
460.611 13 
471.597 13 
592 13 
518.201 13 
444.579 13 
442.666 13 
539.629 13 
472.644 13 
543.015 13 
419.127 13 
412.833 13 
478.61 13 
554.646 13 
541.45 13 
511.223 13 
488.408 13 
423.759 13 
473.937 13 
527.158 13 
555.146 13 
526.464 13 
725.122 13 
453.483 13 
481.996 13 
650.218 13 
620.307 13 
1197.53 13 
538.062 13 
499.313 13 
466.783 13 
544.005 13 
428.409 13 
652.449 13 
613.72 13 
522.555 13 
564.963 13 
470.701 13 
507.602 13 
722.072 13 
1191.97 13 
640.055 13 
719.751 13 
590.736 13 
494.538 13 
798.933 13 
391.277 13 
478.017 13 
408.546 13 
419.179 13 
500.308 13 
629.48 13 
419.812 13 
551.239 13 
777.402 13 
511.703 13 
495.397 13 
398.853 13 
733.347 13 
423.515 13 
568.822 13 
490.227 13 
411.94 13 
464.906 13 
735.229 13 
410.835 13 
450.187 13 
408.844 13 
782.795 13 
312.517 13 
439.041 13 
500.032 13 
591.064 13 
475.799 13 
496.673 13 
532.25 13 
474.522 13 
575.37 13 
518.438 13 
518.601 13 
473.436 13 
687.087 13 
596.23 13 
491.467 13 
530.851 13 
522.597 13 
438.873 13 
517.97 13 
462.256 13 
946.856 13 
454.201 13 
607.682 13 
407.451 13 
700.398 13 
492.229 13 
578.164 13 
665.622 13 
519.747 13 
552.14 13 
702.372 13 
422.227 13 
488.798 13 
505.811 13 
540.112 13 
647.518 13 
557.534 13 
439.658 13 
633.319 13 
605.549 13 
520.959 13 
702.21 13 
755.314 13 
496.204 13 
447.94 13 
434.173 13 
525.36 13 
535.562 13 
552.516 13 
438.568 13 
369.038 13 
604.471 13 
420.453 13 
479.365 13 
556.927 13 
415.458 13 
469.543 13 
493.237 13 
1033.64 13 
715.12 13 
561.567 13 
581.441 13 
954.238 13 
1029.19 13 
517.172 13 
483.034 13 
530.463 13 
464.162 13 
685.576 13 
