1025.54 11 
814.944 11 
978.954 11 
564.223 11 
1021.17 11 
721.337 11 
1120.98 11 
627.631 11 
660.678 11 
720.078 11 
872.532 11 
519.989 11 
754.667 11 
1109.99 11 
1033.43 11 
1037.02 11 
704.699 11 
654.568 11 
1483 11 
1078.03 11 
977.968 11 
551.771 11 
1080.83 11 
1166.22 11 
1008.62 11 
795.066 11 
1022.6 11 
974.772 11 
964.316 11 
1032.01 11 
716.774 11 
880.048 11 
726.044 11 
1395.85 11 
1019.48 11 
886.8 11 
760.093 11 
1046.19 11 
623.447 11 
976.327 11 
807.78 11 
930.213 11 
903.544 11 
979.966 11 
973.074 11 
941.504 11 
823.21 11 
1010.45 11 
944.607 11 
1293.34 11 
1048.74 11 
1186.26 11 
979.521 11 
1050.62 11 
1025.17 11 
841.569 11 
900.217 11 
846.421 11 
1232.45 11 
852.315 11 
945.265 11 
827.047 11 
967.952 11 
624.779 11 
593.475 11 
767.605 11 
847.952 11 
514.581 11 
1228 11 
698.775 11 
1020.56 11 
761.51 11 
972.332 11 
1011.21 11 
621.917 11 
738.481 11 
860.191 11 
1063.5 11 
957.635 11 
1169.56 11 
1165.7 11 
1038.56 11 
878.286 11 
1055.92 11 
958.684 11 
1199.09 11 
1020.34 11 
759.879 11 
979.159 11 
856.746 11 
774.891 11 
784.019 11 
909.087 11 
711.348 11 
791.242 11 
996.574 11 
926.76 11 
605.551 11 
1019.78 11 
1002.57 11 
952.012 11 
939.445 11 
1000.81 11 
916.433 11 
1086.16 11 
725.876 11 
851.945 11 
934.706 11 
689.81 11 
604.966 11 
943.166 11 
994.135 11 
910.694 11 
676.081 11 
871.955 11 
875.927 11 
911.602 11 
1015.3 11 
806.03 11 
897.074 11 
986.954 11 
706.2 11 
899.238 11 
446.162 11 
986.469 11 
1398.79 11 
941.906 11 
620.982 11 
919.673 11 
1033.63 11 
1027.8 11 
994.418 11 
580.044 11 
830.397 11 
926.234 11 
1008.92 11 
1093.13 11 
628.545 11 
588.553 11 
1255.66 11 
894.036 11 
542.845 11 
866.976 11 
553.775 11 
869.203 11 
865.964 11 
502.174 11 
614.852 11 
912.641 11 
908.144 11 
1033.45 11 
1008.38 11 
850.656 11 
669.792 11 
653.501 11 
849.229 11 
969.028 11 
950.495 11 
845.439 11 
1107.23 11 
946.34 11 
924.724 11 
564.96 11 
804.048 11 
794.84 11 
888.651 11 
782.018 11 
1029.23 11 
992.027 11 
1256.66 11 
1005.27 11 
946.553 11 
909.712 11 
1001.77 11 
827.815 11 
872.357 11 
851.504 11 
396.34 11 
614.135 11 
670.389 11 
998.578 11 
815.744 11 
779.123 11 
1112.96 11 
1000.63 11 
1083.12 11 
873.166 11 
908.895 11 
721.826 11 
990.061 11 
912.055 11 
935.948 11 
937.375 11 
690.399 11 
1411.57 11 
1018.79 11 
964.914 11 
1331.09 11 
953.49 11 
653.448 11 
1202.95 11 
863.787 11 
1067.71 11 
681.48 11 
957.586 11 
987.691 11 
929.922 11 
568.313 11 
957.596 11 
858.418 11 
1091.4 11 
822.075 11 
644.665 11 
993.062 11 
832.926 11 
705.184 11 
566.976 11 
1001.4 11 
283.579 11 
809.557 11 
627.923 11 
1032.89 11 
727.106 11 
831.701 11 
917.854 11 
1054.64 11 
1106.81 11 
691.957 11 
814.081 11 
995.715 11 
929.214 11 
1120.41 11 
730.703 11 
1154.3 11 
741.381 11 
980.678 11 
513.67 11 
1209.02 11 
778.833 11 
926.327 11 
1127.61 11 
681.083 11 
990.643 11 
663.93 11 
943.61 11 
1011.43 11 
1109.08 11 
579.086 11 
566.264 11 
882.774 11 
466.928 11 
688.063 11 
725.312 11 
1022.77 11 
801.952 11 
855.942 11 
740.175 11 
993.968 11 
1015.75 11 
452.95 11 
856.088 11 
902.204 11 
853.286 11 
1095.78 11 
732.975 11 
751.845 11 
996.625 11 
1082.55 11 
896.942 11 
1008.68 11 
1209.02 11 
679.929 11 
1036.01 11 
1079.9 11 
882.049 11 
1287.19 11 
785.74 11 
823.135 11 
714.59 11 
999.691 11 
843.452 11 
1093.01 11 
730.808 11 
996.341 11 
652.641 11 
963.211 11 
1089.06 11 
975.618 11 
1138.53 11 
827.079 11 
633.919 11 
791.951 11 
905.851 11 
807.626 11 
803.93 11 
1229.09 11 
961.007 11 
1050.25 11 
828.591 11 
903.484 11 
968.978 11 
1000.14 11 
891.352 11 
867.539 11 
992.486 11 
840.593 11 
961.343 11 
1044.22 11 
1049.51 11 
1079.12 11 
1031.14 11 
992.877 11 
806.459 11 
525.438 11 
1041.06 11 
1054.59 11 
678.347 11 
942.504 11 
970.888 11 
749.397 11 
872.955 11 
1092.49 11 
1028.09 11 
741.635 11 
796.29 11 
1006.81 11 
965.039 11 
990.171 11 
941.56 11 
641.255 11 
769.516 11 
845.211 11 
1139.25 11 
1055.49 11 
853.966 11 
914.003 11 
1078.11 11 
479.311 11 
1026.47 11 
578.43 11 
979.538 11 
935.209 11 
1026.28 11 
814.863 11 
916.482 11 
798.776 11 
1061.52 11 
568.105 11 
1198.15 11 
844.62 11 
1009.83 11 
966.024 11 
1243.91 11 
877 11 
1402.57 11 
903.079 11 
432.243 11 
950.004 11 
907.07 11 
919.619 11 
938.112 11 
968.932 11 
610.694 11 
1061.31 11 
942.049 11 
983.313 11 
414.498 11 
1024.23 11 
959.189 11 
995.334 11 
1264.15 11 
898.356 11 
921.062 11 
522.336 11 
627.186 11 
870.161 11 
937.841 11 
576.615 11 
685.125 11 
875.155 11 
564.393 11 
927.095 11 
1078.21 11 
770.359 11 
752.333 11 
906.469 11 
760.74 11 
1487.16 11 
595.566 11 
841.295 11 
817.521 11 
497.833 11 
707.445 11 
1013.31 11 
967.835 11 
553.814 11 
740.291 11 
948.713 11 
814.324 11 
873.428 11 
1015.66 11 
994.257 11 
1066.93 11 
1099.66 11 
547.926 11 
972.626 11 
958.54 11 
1131.81 11 
1191.09 11 
1060.58 11 
973.557 11 
1058.07 11 
1035.17 11 
875.35 11 
928.435 11 
865.111 11 
937.426 11 
644.745 11 
1041.94 11 
1007.32 11 
758.396 11 
925.081 11 
885.641 11 
1114.52 11 
941.541 11 
707.552 11 
904.444 11 
938.54 11 
1005.91 11 
896.834 11 
636.066 11 
500.986 11 
783.402 11 
949.144 11 
454.308 11 
989.631 11 
652.634 11 
955.06 11 
871.043 11 
966.811 11 
680.808 11 
441.841 11 
860.566 11 
783.769 11 
611.924 11 
992.937 11 
1032.62 11 
1081.84 11 
784.859 11 
966.144 11 
1056.44 11 
555.584 11 
1087.37 11 
858.704 11 
786.112 11 
1121.77 11 
871.416 11 
867.99 11 
807.562 11 
852.312 11 
882.228 11 
870.343 11 
887.03 11 
445.026 11 
752.068 11 
974.341 11 
892.755 11 
860.472 11 
812.493 11 
986.373 11 
1009.25 11 
884.649 11 
783.142 11 
813.348 11 
978.491 11 
973.031 11 
883.553 11 
934.862 11 
1102.35 11 
474.113 11 
1080.56 11 
1052.58 11 
705.134 11 
858.871 11 
649.481 11 
783.526 11 
653.396 11 
946.482 11 
961.734 11 
736.907 11 
569.593 11 
1057.07 11 
1035.17 11 
520.018 11 
798.007 11 
1018.99 11 
930.036 11 
1127.23 11 
988.161 11 
944.941 11 
868.112 11 
949.217 11 
945.501 11 
482.628 11 
1015.9 11 
1100.68 11 
708.234 11 
693.624 11 
845.715 11 
1077.73 11 
900.259 11 
572.558 11 
653.916 11 
701.108 11 
1147.24 11 
1076.23 11 
1174.53 11 
901.076 11 
980.865 11 
879.656 11 
963.909 11 
974.919 11 
780.688 11 
1020.98 11 
938.911 11 
659.342 11 
810.084 11 
653.334 11 
503.143 11 
402.955 11 
871.093 11 
980.988 11 
960.524 11 
1017.43 11 
804.745 11 
149.444 11 
944.675 11 
733.719 11 
888.502 11 
1225.67 11 
939.232 11 
989.868 11 
866.939 11 
1021.58 11 
1099.5 11 
662.946 11 
882.256 11 
567.391 11 
694.153 11 
1027.07 11 
1036.46 11 
737.034 11 
1016.04 11 
839.638 11 
1278.66 11 
1009.01 11 
664.716 11 
914.214 11 
855.705 11 
977.08 11 
949.77 11 
898.258 11 
1050.27 11 
1048.42 11 
734.873 11 
1159.97 11 
441.188 11 
850 11 
691.507 11 
795.143 11 
825.59 11 
1135.11 11 
916.452 11 
1040.71 11 
806.909 11 
1161.24 11 
977.864 11 
529.833 11 
892.112 11 
946.283 11 
968.264 11 
993.546 11 
840.212 11 
1021.68 11 
1059.94 11 
1079.22 11 
928.493 11 
1170.18 11 
781.415 11 
1229.72 11 
988.725 11 
956.634 11 
857.925 11 
952.581 11 
740.551 11 
951.726 11 
499.531 11 
943.284 11 
975.323 11 
1071.73 11 
1041.89 11 
896.463 11 
1020.97 11 
862.332 11 
702.627 11 
1017.79 11 
873.14 11 
963.419 11 
753.78 11 
904.751 11 
749.65 11 
782.449 11 
953.936 11 
879.154 11 
1019.23 11 
934.553 11 
415.964 11 
774.714 11 
975.382 11 
891.876 11 
1052.7 11 
626.016 11 
988.345 11 
931.637 11 
514.494 11 
536.475 11 
986.849 11 
737.981 11 
938.52 11 
956.443 11 
877.229 11 
943.289 11 
620.158 11 
1118.43 11 
810.502 11 
973.047 11 
1336.4 11 
965.175 11 
1217.97 11 
694.249 11 
859.777 11 
669.091 11 
914.9 11 
1006.45 11 
1092.84 11 
956.768 11 
1052.95 11 
836.672 11 
991.905 11 
470.84 11 
1129.3 11 
974.22 11 
1064.56 11 
747.916 11 
833.958 11 
1281.47 11 
945.945 11 
584.657 11 
998.693 11 
1135.87 11 
955.446 11 
951.494 11 
651.088 11 
979.855 11 
1137.24 11 
828.907 11 
751.577 11 
869.313 11 
653.586 11 
436.868 11 
746.121 11 
1175.78 11 
972.04 11 
887.357 11 
960.857 11 
1110.71 11 
518.524 11 
967.604 11 
421.266 11 
859.152 11 
816.466 11 
959.953 11 
819.247 11 
1065.79 11 
1018.81 11 
873.88 11 
899.616 11 
797.63 11 
657.539 11 
917.771 11 
1025.51 11 
924.467 11 
609.145 11 
886.244 11 
621.635 11 
876.869 11 
1017.69 11 
411.743 11 
875.405 11 
944.442 11 
834.298 11 
709.988 11 
1088.14 11 
961.118 11 
965.15 11 
738.475 11 
960.82 11 
1240.6 11 
876.732 11 
830.064 11 
968.363 11 
858.139 11 
974.966 11 
1123.6 11 
1062.75 11 
945.357 11 
817.972 11 
817.95 11 
870.201 11 
787.21 11 
918.099 11 
1050.13 11 
972.525 11 
770.414 11 
889.154 11 
1092.35 11 
812.337 11 
767.462 11 
861.405 11 
810.557 11 
886.241 11 
670.74 11 
629.368 11 
897.914 11 
936.575 11 
1067.82 11 
736.145 11 
722.432 11 
1016.4 11 
892.443 11 
1067.68 11 
737.056 11 
906.648 11 
817.902 11 
692.287 11 
922.635 11 
718.161 11 
900.189 11 
1150.88 11 
57.4399 11 
897.514 11 
912.007 11 
452.46 11 
907.506 11 
857.922 11 
699.048 11 
407.049 11 
939.977 11 
668.201 11 
1339.49 11 
589.926 11 
421.626 11 
948.83 11 
962.6 11 
941.588 11 
609.749 11 
1294.2 11 
956.109 11 
1030.07 11 
784.05 11 
824.277 11 
994.866 11 
1152.71 11 
873.684 11 
712.367 11 
560.261 11 
1009.22 11 
735.755 11 
960.407 11 
560.979 11 
793.811 11 
1046.94 11 
881.804 11 
644.732 11 
959.382 11 
790.152 11 
886.736 11 
1208.07 11 
999.095 11 
879.279 11 
793.467 11 
1333.25 11 
420.943 11 
1042.37 11 
859.12 11 
654.835 11 
917.06 11 
692.862 11 
990.177 11 
680.246 11 
772.724 11 
1071.32 11 
812.228 11 
927.696 11 
1125.47 11 
1092.9 11 
1069.6 11 
823.523 11 
580.015 11 
926.089 11 
908.407 11 
948.577 11 
654.164 11 
921.49 11 
1048.68 11 
847.91 11 
813.017 11 
545.767 11 
933.747 11 
1077.13 11 
1001.11 11 
874.179 11 
995.884 11 
970.224 11 
716.108 11 
1288.8 11 
998.055 11 
668.843 11 
1025.41 11 
666.371 11 
947.582 11 
679.017 11 
1139 11 
1124.14 11 
928.732 11 
1134.46 11 
1083.49 11 
940.845 11 
486.395 11 
933.67 11 
838.284 11 
1003.52 11 
816.212 11 
989.584 11 
949.789 11 
521.788 11 
1139.9 11 
828.867 11 
867.626 11 
889.957 11 
875.324 11 
981.305 11 
934.199 11 
889.905 11 
905.187 11 
876.202 11 
1076.43 11 
876.489 11 
946.105 11 
872.685 11 
785.82 11 
1164.51 11 
1104.82 11 
637.186 11 
1063.09 11 
924.519 11 
735.286 11 
777.641 11 
1071.8 11 
656.076 11 
812.353 11 
983.203 11 
997.708 11 
955.212 11 
973.983 11 
1036.45 11 
978.073 11 
911.319 11 
1010.59 11 
629.907 11 
1078.08 11 
499.267 11 
938.004 11 
763.054 11 
865.694 11 
1038.4 11 
1010.09 11 
688.723 11 
964.713 11 
909.736 11 
970.579 11 
892.183 11 
1001.52 11 
814.812 11 
716.59 11 
592.287 11 
990.03 11 
741.124 11 
892.518 11 
363.807 11 
1106.61 11 
1027.02 11 
697.692 11 
764.85 11 
655.449 11 
987.007 11 
825.775 11 
1012.82 11 
1247.98 11 
926.666 11 
852.166 11 
344.407 11 
889.828 11 
907.008 11 
969.798 11 
991.954 11 
1003.48 11 
779.286 11 
949.948 11 
1045.16 11 
881.066 11 
650.904 11 
430.367 11 
912.362 11 
873.962 11 
511.674 11 
696.386 11 
818.392 11 
619.661 11 
910.945 11 
1069.37 11 
1002.65 11 
607.069 11 
847.328 11 
985.542 11 
934.406 11 
927.921 11 
768.827 11 
1028.79 11 
1118.21 11 
1014.3 11 
1008.35 11 
976.788 11 
1025.61 11 
1008.9 11 
749.685 11 
1496.4 11 
1007.1 11 
800.257 11 
1163.67 11 
960.615 11 
995.465 11 
809.766 11 
998.778 11 
1238.21 11 
1136.83 11 
960.513 11 
727.581 11 
996.976 11 
1052.21 11 
780.123 11 
956.166 11 
922.416 11 
960.252 11 
474.597 11 
398.386 11 
803.928 11 
712.341 11 
968.819 11 
865.624 11 
705.815 11 
1002.13 11 
988.303 11 
846.05 11 
1148.87 11 
1053.48 11 
800.189 11 
937.071 11 
773.426 11 
1062.4 11 
1839.63 11 
986.519 11 
1155.01 11 
959.414 11 
1041.2 11 
918.143 11 
1126.63 11 
544.481 11 
855.553 11 
967.363 11 
966.513 11 
807.194 11 
813.586 11 
1016 11 
716.552 11 
933.896 11 
1070.41 11 
889.992 11 
984.255 11 
1080.41 11 
717.43 11 
844.745 11 
813.403 11 
666.504 11 
663.772 11 
836.263 11 
808.109 11 
979.504 11 
899.795 11 
1051.61 11 
878.461 11 
924.768 11 
1167.82 11 
947.512 11 
678.994 11 
1033.35 11 
999.216 11 
843.772 11 
980.332 11 
1045.46 11 
867.094 11 
889.765 11 
1116.07 11 
854.479 11 
1026.28 11 
901.29 11 
1022.57 11 
1068.67 11 
441.29 11 
1103.77 11 
881.764 11 
888.499 11 
892.057 11 
836.611 11 
557.711 11 
1069.81 11 
911.565 11 
1110.72 11 
848.008 11 
1036.64 11 
912.362 11 
1107.78 11 
887.118 11 
958.595 11 
945.818 11 
1010.37 11 
988.759 11 
588.355 11 
887.796 11 
965.367 11 
1017.58 11 
876.164 11 
640.692 11 
810.796 11 
910.334 11 
770.725 11 
908.251 11 
885.2 11 
841.79 11 
831.385 11 
1074.41 11 
873.569 11 
990.212 11 
1096.12 11 
961.317 11 
1077.89 11 
695.632 11 
810.337 11 
1040.48 11 
432.284 11 
1119.97 11 
642.336 11 
1018.14 11 
843.168 11 
808.778 11 
893.383 11 
1117.56 11 
568.083 11 
928.963 11 
689.907 11 
1070.26 11 
1016.53 11 
990.579 11 
436.739 11 
968 11 
1008.98 11 
792.005 11 
982.977 11 
871.698 11 
1069.86 11 
978.136 11 
1000.25 11 
1053.9 11 
857.417 11 
817.386 11 
984.647 11 
1107.1 11 
983.608 11 
572.903 11 
989.067 11 
817.46 11 
890.95 11 
967.225 11 
926.499 11 
534.115 11 
741.406 11 
1028.28 11 
540.474 11 
840.224 11 
947.255 11 
849.26 11 
868.913 11 
753.92 11 
821.883 11 
1047.73 11 
603.585 11 
631.196 11 
957.351 11 
921.067 11 
953.417 11 
775.425 11 
903.755 11 
798.091 11 
956.71 11 
980.354 11 
1124.88 11 
955.741 11 
1087.01 11 
1026.16 11 
829.478 11 
960.841 11 
1071.94 11 
604.177 11 
931.383 11 
1096.01 11 
725.244 11 
818.507 11 
919.019 11 
1060.25 11 
1186.16 11 
818.939 11 
1234.36 11 
797.605 11 
969.812 11 
903.582 11 
910.681 11 
967.644 11 
727.503 11 
460.189 11 
715.988 11 
965.273 11 
1068.18 11 
849.182 11 
954.288 11 
546.453 11 
1172.13 11 
985.452 11 
733.366 11 
776.058 11 
638.183 11 
1026.5 11 
986.48 11 
918.32 11 
623.917 11 
946.371 11 
920.364 11 
842.429 11 
1232.44 11 
1096.15 11 
1007.66 11 
639.547 11 
997.732 11 
1030.81 11 
971.753 11 
1091.65 11 
946.356 11 
683.846 11 
659.961 11 
791.816 11 
639.849 11 
763.785 11 
623.225 11 
1022.84 11 
802.969 11 
1116.14 11 
924.457 11 
1170.66 11 
590.35 11 
872.273 11 
997.899 11 
1068.57 11 
1015.27 11 
1140.99 11 
985.807 11 
786.131 11 
901.659 11 
975.875 11 
1026.91 11 
810.196 11 
931.055 11 
878.017 11 
506.253 11 
1039.82 11 
982.049 11 
1017.72 11 
918.204 11 
834.332 11 
693.527 11 
1050.95 11 
1022.71 11 
451.902 11 
1034.33 11 
606.325 11 
1814.28 11 
917.249 11 
1033.58 11 
544.554 11 
757.863 11 
908.82 11 
769.902 11 
524.389 11 
862.683 11 
758.587 11 
639.056 11 
1132.25 11 
1045.09 11 
883.889 11 
994.086 11 
1044.32 11 
1106.75 11 
605.647 11 
962.225 11 
908.208 11 
452.447 11 
1041.07 11 
948.221 11 
1003.45 11 
1090.29 11 
423.051 11 
1097.74 11 
523.857 11 
729.584 11 
968.389 11 
1060.89 11 
927.654 11 
648.307 11 
877.724 11 
904.37 11 
667.599 11 
996.304 11 
951.687 11 
697.338 11 
908.305 11 
693.006 11 
906.482 11 
667.078 11 
1024.64 11 
973.83 11 
941.001 11 
1001.96 11 
878.741 11 
988.674 11 
644.477 11 
802.322 11 
1052.06 11 
1015.24 11 
1038.99 11 
629.615 11 
1111.55 11 
720.58 11 
1021.26 11 
982.62 11 
842.284 11 
759.505 11 
291.337 11 
560.426 11 
490.436 11 
1138.35 11 
560.39 11 
888.312 11 
1001.77 11 
754.115 11 
809.208 11 
907.039 11 
964.94 11 
779.008 11 
1086 11 
1031.03 11 
1035.36 11 
918.516 11 
802.671 11 
1139.05 11 
921.954 11 
1294.9 11 
1051.45 11 
523.277 11 
774.019 11 
1004.94 11 
1126.78 11 
576.512 11 
1119.87 11 
781.316 11 
951.763 11 
1120.99 11 
1051.41 11 
1134.77 11 
785.359 11 
668.377 11 
1110.12 11 
940.902 11 
908.736 11 
647.763 11 
935.051 11 
887.93 11 
942.002 11 
370.116 11 
662.838 11 
942.75 11 
1039.75 11 
911.138 11 
993.205 11 
943.001 11 
737.451 11 
978.754 11 
871.433 11 
970.683 11 
875.467 11 
804.887 11 
786.26 11 
885.198 11 
1275.3 11 
905.121 11 
1052.46 11 
658.522 11 
942.883 11 
986.918 11 
477.068 11 
1085.18 11 
1087.17 11 
910.7 11 
772.87 11 
503.655 11 
951.2 11 
996.893 11 
957.433 11 
1041.25 11 
1013.04 11 
919.255 11 
823.709 11 
656.364 11 
728.126 11 
941.644 11 
627.782 11 
926.455 11 
846.768 11 
806.103 11 
932.714 11 
893.058 11 
992.174 11 
1091.09 11 
910.887 11 
863.905 11 
630.57 11 
926.904 11 
718.482 11 
986.335 11 
962.611 11 
657.343 11 
1052.35 11 
1235.52 11 
626.449 11 
767.735 11 
964.706 11 
1001.03 11 
715.622 11 
1049.58 11 
775.859 11 
738.31 11 
1067.88 11 
531.412 11 
1052.66 11 
1029.67 11 
1021.08 11 
1141.22 11 
861.083 11 
1019.7 11 
939.331 11 
722.943 11 
921.472 11 
944.694 11 
925.355 11 
1121.37 11 
960.921 11 
1200.17 11 
844.262 11 
880.015 11 
1405.68 11 
984.228 11 
894.03 11 
884.772 11 
1040.19 11 
859.821 11 
914.112 11 
1024.57 11 
694.727 11 
1075.54 11 
740.911 11 
934.427 11 
757.803 11 
892.892 11 
920.822 11 
912.671 11 
502.674 11 
464.581 11 
765.902 11 
905.329 11 
715.487 11 
666.197 11 
1103.4 11 
969.038 11 
471.237 11 
831.782 11 
993.257 11 
941.246 11 
1294.83 11 
760 11 
1314.26 11 
680.849 11 
673.267 11 
599.624 11 
821.285 11 
760.062 11 
699.124 11 
464.075 11 
975.121 11 
891.608 11 
685.623 11 
639.092 11 
833.852 11 
706.616 11 
971.972 11 
957.234 11 
887.187 11 
696.494 11 
921.227 11 
1074.11 11 
682.293 11 
813.717 11 
1108.35 11 
1032.56 11 
927.892 11 
568.263 11 
981.727 11 
912.926 11 
962.49 11 
941 11 
1035.87 11 
578.535 11 
1029.92 11 
680.973 11 
863.307 11 
1090.5 11 
944.769 11 
861.764 11 
586.858 11 
903.723 11 
912.108 11 
1000.71 11 
909.138 11 
704.438 11 
1010.11 11 
1016.6 11 
957.637 11 
818.057 11 
1071.61 11 
618.34 11 
782.724 11 
964.219 11 
970.942 11 
810.468 11 
646.724 11 
929.663 11 
450.325 11 
1111.18 11 
1195.43 11 
500.417 11 
980.306 11 
827.926 11 
779.119 11 
608.568 11 
795.356 11 
981.291 11 
963.288 11 
1071.27 11 
959.661 11 
1115.52 11 
1018.57 11 
666.849 11 
1151.77 11 
869.783 11 
924.756 11 
939.723 11 
785.421 11 
870.439 11 
895.374 11 
860.422 11 
701.705 11 
532.043 11 
777.293 11 
957.628 11 
1001.82 11 
876.651 11 
993.56 11 
742.2 11 
884.282 11 
1007.93 11 
806.614 11 
859.362 11 
866.13 11 
778.845 11 
1547.22 11 
888.711 11 
949.537 11 
767.361 11 
1026.76 11 
944.885 11 
1043.6 11 
684.849 11 
586.163 11 
501.428 11 
1115.91 11 
987.654 11 
853.972 11 
802.469 11 
839.744 11 
674.068 11 
959.342 11 
509.324 11 
618.132 11 
915.257 11 
951.872 11 
1099.85 11 
908.984 11 
1013.58 11 
1140.81 11 
1040.65 11 
1038.02 11 
957.795 11 
956.885 11 
996.134 11 
904.6 11 
1003.73 11 
634.015 11 
727.155 11 
914.397 11 
1003.59 11 
880.409 11 
977.962 11 
1159.4 11 
865.856 11 
913.195 11 
1110.21 11 
1520.1 11 
966.527 11 
1161.57 11 
1038.27 11 
901.549 11 
1394.93 11 
705.001 11 
700.558 11 
813.939 11 
730.708 11 
601.57 11 
1262.51 11 
897.878 11 
733.281 11 
969.051 11 
869.023 11 
588.518 11 
849.732 11 
903.917 11 
1073.92 11 
995.296 11 
644.711 11 
920.249 11 
1048.75 11 
779.301 11 
898.336 11 
849.375 11 
1000.16 11 
1078.47 11 
893.313 11 
791.578 11 
947.195 11 
805.711 11 
791.027 11 
902.885 11 
912.701 11 
948.296 11 
811.773 11 
588.128 11 
504.075 11 
612.349 11 
1037.28 11 
655.816 11 
876.926 11 
876.047 11 
974.114 11 
1097.93 11 
937.827 11 
869.285 11 
626.461 11 
520.917 11 
901.723 11 
761.381 11 
750.895 11 
982.814 11 
1113.96 11 
909.363 11 
616.92 11 
870.423 11 
988.553 11 
1015.13 11 
681.328 11 
757.552 11 
916.762 11 
1063.39 11 
878.054 11 
916.67 11 
508.602 11 
718.072 11 
927.673 11 
887.192 11 
862.347 11 
1008.53 11 
807.269 11 
875.136 11 
957.42 11 
881.34 11 
952.753 11 
921.473 11 
865.823 11 
1090.48 11 
374.724 11 
990.101 11 
840.565 11 
1129.03 11 
958.247 11 
917.489 11 
963.742 11 
958.375 11 
806.038 11 
930.124 11 
910.551 11 
785.548 11 
928.191 11 
989.163 11 
1201.54 11 
647.098 11 
944.931 11 
1094.2 11 
1236.96 11 
996.922 11 
918.914 11 
887.901 11 
481.778 11 
986.958 11 
931.509 11 
1230.53 11 
670.148 11 
804.186 11 
895.616 11 
982.626 11 
471.01 11 
1113.3 11 
1124.82 11 
968.807 11 
743.072 11 
620.588 11 
827.865 11 
1040 11 
959.622 11 
827.435 11 
608.138 11 
868.724 11 
1044.47 11 
1201.17 11 
728.3 11 
789.451 11 
714.864 11 
781.029 11 
1271.52 11 
1010.35 11 
1022.27 11 
958.252 11 
923.142 11 
1026.9 11 
949.685 11 
777.866 11 
853.891 11 
525.773 11 
862.309 11 
1153.69 11 
1073.74 11 
618.347 11 
662.109 11 
916.705 11 
1104.83 11 
740.497 11 
815.074 11 
804.832 11 
493.416 11 
798.119 11 
747.112 11 
638.498 11 
845.062 11 
1075.57 11 
1221.84 11 
1035.88 11 
928.5 11 
968.404 11 
552.517 11 
921.571 11 
984.898 11 
1067.21 11 
1073.18 11 
986.837 11 
1000.88 11 
427.832 11 
739.866 11 
976.325 11 
816.34 11 
769.457 11 
485.76 11 
889.761 11 
981.453 11 
1073.88 11 
1055.14 11 
916.192 11 
1157.92 11 
798.167 11 
781.129 11 
680.543 11 
1018.99 11 
944.168 11 
614.962 11 
841.195 11 
1013.68 11 
1138.56 11 
791.335 11 
734.608 11 
949.396 11 
1011.94 11 
913.385 11 
1110.62 11 
606.434 11 
966.858 11 
1012.21 11 
783.521 11 
686.367 11 
520.237 11 
892.2 11 
1443.02 11 
859.955 11 
820.537 11 
1087.63 11 
1040.07 11 
922.698 11 
1093.95 11 
606.04 11 
942.944 11 
525.425 11 
812.61 11 
939.924 11 
969.495 11 
619.372 11 
921.211 11 
720.105 11 
924.133 11 
879.352 11 
854.894 11 
954.375 11 
787.786 11 
832.23 11 
954.403 11 
924.233 11 
580.02 11 
901.166 11 
860.097 11 
956.099 11 
893.011 11 
882.438 11 
963.378 11 
761.184 11 
694.799 11 
717.877 11 
980.847 11 
921.821 11 
854.409 11 
760.365 11 
1019.34 11 
1438.04 11 
662.03 11 
829.427 11 
867.576 11 
1142.24 11 
887.989 11 
1001.35 11 
917.15 11 
883.389 11 
631.705 11 
949.564 11 
956.799 11 
756.484 11 
1077.84 11 
746.156 11 
1031.16 11 
938.039 11 
852.65 11 
990.009 11 
921.552 11 
956.047 11 
962.123 11 
747.406 11 
732.393 11 
1001.75 11 
774.969 11 
1079.57 11 
808.201 11 
839.618 11 
625.823 11 
973.825 11 
728.018 11 
828.361 11 
999.927 11 
899.358 11 
992.663 11 
946.692 11 
938.043 11 
870.098 11 
852.861 11 
693.159 11 
734.09 11 
1031.08 11 
823.722 11 
735.926 11 
1102.92 11 
970.206 11 
968.925 11 
891.657 11 
890.177 11 
660.781 11 
901.759 11 
1068.37 11 
969.633 11 
988.716 11 
946.972 11 
1213.76 11 
1016.66 11 
721.505 11 
1132.72 11 
866.608 11 
1017.03 11 
1080.86 11 
878.18 11 
713.219 11 
854.779 11 
872.909 11 
1015.18 11 
1331.29 11 
789.221 11 
595.754 11 
511.219 11 
976.171 11 
918.466 11 
1034.11 11 
929.98 11 
866.82 11 
798.134 11 
591.566 11 
749.396 11 
631.637 11 
958.67 11 
645.264 11 
1099.74 11 
950.035 11 
1003.38 11 
670.05 11 
924.219 11 
776.961 11 
1085.41 11 
545.104 11 
891.556 11 
924.871 11 
637.174 11 
478.389 11 
676.713 11 
1121.95 11 
714.015 11 
857.569 11 
889.905 11 
492.684 11 
1037.21 11 
958.984 11 
807.503 11 
600.955 11 
868.669 11 
928.526 11 
966.502 11 
449.365 11 
846.908 11 
967.53 11 
1087.74 11 
758.596 11 
901.443 11 
414.972 11 
706.055 11 
966.418 11 
1034.16 11 
508.145 11 
712.274 13 
503.575 13 
508.223 13 
995.891 13 
823.097 13 
1133.44 13 
634.086 13 
1064.94 13 
771.59 13 
992.996 13 
872.896 13 
616.428 13 
985.879 13 
590.885 13 
887.876 13 
916.111 13 
701.732 13 
870.498 13 
1002.51 13 
600.775 13 
740.337 13 
899.793 13 
1144.4 13 
966.813 13 
681.336 13 
413.073 13 
885.269 13 
755.844 13 
1202.33 13 
863.986 13 
1099.61 13 
978.656 13 
767.076 13 
1151.24 13 
667.566 13 
737.813 13 
1037.07 13 
1072.34 13 
1191.57 13 
968.267 13 
974.032 13 
959.98 13 
726.463 13 
1165.09 13 
1068.12 13 
1055.52 13 
1040.2 13 
924.912 13 
934.533 13 
685.04 13 
980.418 13 
802.29 13 
976.284 13 
953.7 13 
996.92 13 
1018.35 13 
711.713 13 
908.304 13 
452.375 13 
703.757 13 
901.062 13 
949.082 13 
607.258 13 
1018.58 13 
834.594 13 
1110.37 13 
959.834 13 
891.199 13 
953.451 13 
1019.86 13 
854.549 13 
947.338 13 
1202.25 13 
906.306 13 
995.095 13 
1293.59 13 
1014.67 13 
1000.06 13 
687.434 13 
1658.49 13 
1069.35 13 
1034.75 13 
575.848 13 
773.118 13 
609.281 13 
913.353 13 
519.318 13 
1532.43 13 
799.906 13 
923.077 13 
944.137 13 
1037.34 13 
770.572 13 
1033.45 13 
845.521 13 
1370.47 13 
975.402 13 
664.152 13 
805.016 13 
471.133 13 
542.087 13 
826.571 13 
1121.42 13 
891.788 13 
1000.82 13 
894.922 13 
886.004 13 
784.762 13 
884.018 13 
876.753 13 
644.336 13 
811.215 13 
552.859 13 
1173.71 13 
935.672 13 
1024.27 13 
729.308 13 
1066.25 13 
1230.35 13 
1089.61 13 
883.983 13 
941.27 13 
1096.7 13 
1096.09 13 
966.485 13 
910.037 13 
1212.27 13 
902.241 13 
921.315 13 
786.867 13 
378.769 13 
915.072 13 
964.06 13 
849.565 13 
922.579 13 
963.255 13 
1060.06 13 
1025.87 13 
752.002 13 
512.9 13 
912.738 13 
1074.7 13 
805.661 13 
726.406 13 
832.288 13 
982.863 13 
623.411 13 
954.591 13 
976.799 13 
908.583 13 
646.17 13 
908.967 13 
982.141 13 
558.738 13 
782.807 13 
903.798 13 
887.022 13 
643.192 13 
1063.75 13 
995.536 13 
1096.63 13 
935.786 13 
885.92 13 
851.66 13 
842.607 13 
1116 13 
461.458 13 
794.239 13 
776.925 13 
1049.16 13 
1014.4 13 
1020.73 13 
794.063 13 
848.968 13 
995.982 13 
607.205 13 
867.063 13 
885.745 13 
1044.54 13 
560.551 13 
969.776 13 
834.405 13 
767.937 13 
894.386 13 
1222.36 13 
1423.54 13 
530.42 13 
805.26 13 
962.967 13 
802.382 13 
934.916 13 
709.67 13 
834.651 13 
1001.4 13 
960.378 13 
869.969 13 
1252.98 13 
1119.35 13 
957.031 13 
583.932 13 
975.111 13 
661.337 13 
886.86 13 
995.259 13 
1116.39 13 
907.7 13 
764.491 13 
606.571 13 
812.664 13 
999.239 13 
961.577 13 
827.563 13 
787.097 13 
1058.63 13 
853.453 13 
1094.38 13 
1006.62 13 
1219.29 13 
971.769 13 
943.979 13 
787.928 13 
978.595 13 
1059.2 13 
1204.76 13 
1189.07 13 
766.509 13 
898.638 13 
990.724 13 
839.838 13 
680.128 13 
997.169 13 
982.395 13 
911.116 13 
1005.72 13 
1590.93 13 
776.727 13 
979.534 13 
953.776 13 
731.658 13 
959.51 13 
880.366 13 
1172.96 13 
904.042 13 
870.056 13 
447.642 13 
876.068 13 
1010.28 13 
650.381 13 
471.301 13 
1019.7 13 
1081.45 13 
791.214 13 
952.17 13 
1055.91 13 
626.585 13 
785.047 13 
730.298 13 
574.884 13 
1030.3 13 
1041.68 13 
1351.36 13 
1262.94 13 
979.64 13 
815.958 13 
1080.74 13 
910.198 13 
910.643 13 
1050.39 13 
639.476 13 
754.996 13 
802.408 13 
1086.26 13 
1045.2 13 
1080.61 13 
1033.85 13 
685.641 13 
857.428 13 
945.449 13 
887.538 13 
905.512 13 
1000.56 13 
1513.97 13 
815.333 13 
977.974 13 
994.588 13 
801.228 13 
1008.36 13 
1015.72 13 
971.667 13 
763.977 13 
845.336 13 
446.078 13 
745.568 13 
1023.07 13 
1005.5 13 
832.577 13 
1025.63 13 
1009.58 13 
1008.74 13 
861.737 13 
1110.36 13 
943.685 13 
965.658 13 
922.162 13 
985.831 13 
1019.29 13 
970.033 13 
809.496 13 
1027.23 13 
634.648 13 
555.657 13 
1170.55 13 
896.236 13 
939.485 13 
747.629 13 
886.042 13 
978.215 13 
586.75 13 
440.022 13 
821.137 13 
891.489 13 
900.921 13 
869.842 13 
750.645 13 
902.97 13 
399.768 13 
955.863 13 
755.381 13 
1181.22 13 
1156.17 13 
658.796 13 
919.376 13 
1021.93 13 
997.218 13 
942.898 13 
936.573 13 
943.266 13 
868.644 13 
906.983 13 
1046.26 13 
965.303 13 
922.279 13 
533.744 13 
1064.05 13 
684.15 13 
880.41 13 
764.955 13 
1033.54 13 
1046.54 13 
679.93 13 
923.638 13 
543.705 13 
840.21 13 
781.283 13 
946.793 13 
1087.34 13 
1027.66 13 
1116.05 13 
874.058 13 
1079.87 13 
1004.01 13 
948.081 13 
953.192 13 
922.243 13 
1011.73 13 
594.517 13 
944.811 13 
954.145 13 
966.894 13 
794.819 13 
787.864 13 
1059.08 13 
795.609 13 
792.662 13 
861.575 13 
929.459 13 
1131.66 13 
1097.36 13 
819.088 13 
735.52 13 
853.504 13 
838.424 13 
564.232 13 
812.54 13 
1023.61 13 
957.433 13 
729.166 13 
658.931 13 
882.856 13 
490.47 13 
937.322 13 
607.945 13 
1063.83 13 
1096.75 13 
919.216 13 
960.666 13 
484.99 13 
1001.71 13 
885.203 13 
961.634 13 
882.487 13 
833.221 13 
996.679 13 
951.97 13 
760.462 13 
793.946 13 
722.252 13 
863.309 13 
753.558 13 
1020.16 13 
1226.93 13 
964.768 13 
1047.45 13 
878.474 13 
903.954 13 
837.216 13 
1101.76 13 
958.791 13 
619.802 13 
817.163 13 
670.774 13 
1087.16 13 
897.836 13 
815.493 13 
942.18 13 
676.349 13 
995.155 13 
897.842 13 
752.734 13 
762.565 13 
441.029 13 
911.718 13 
1037.76 13 
680.465 13 
868.295 13 
968.883 13 
803.782 13 
1070.15 13 
644.449 13 
1187.64 13 
795.227 13 
1006.47 13 
998.711 13 
1004.49 13 
834.819 13 
912.834 13 
909.638 13 
1100.64 13 
1052.74 13 
1223.3 13 
941.358 13 
725.134 13 
994.115 13 
933.696 13 
999.454 13 
755.15 13 
623.325 13 
693.012 13 
1007.86 13 
710.139 13 
1297.97 13 
902.811 13 
832.25 13 
1070.8 13 
1133.21 13 
801.561 13 
908.243 13 
846.876 13 
1502.11 13 
683.246 13 
638.184 13 
1024.36 13 
371.196 13 
1028.66 13 
895.955 13 
943.262 13 
833.224 13 
983.213 13 
856.623 13 
957.336 13 
1177.3 13 
996.517 13 
1057.07 13 
621.809 13 
582.456 13 
1035 13 
1057.92 13 
1265.28 13 
757.165 13 
1061.85 13 
731.403 13 
936.864 13 
1022.89 13 
737.927 13 
508.242 13 
917.694 13 
665.123 13 
669.557 13 
1023.98 13 
804.364 13 
867.76 13 
937.678 13 
899.775 13 
842.94 13 
932.424 13 
1045.05 13 
970.148 13 
985.36 13 
582.946 13 
818.635 13 
1039.11 13 
865.407 13 
933.181 13 
706.101 13 
995.651 13 
569.601 13 
995.794 13 
853.435 13 
530.69 13 
987.412 13 
954.964 13 
814.907 13 
1012.54 13 
1044.18 13 
1009.22 13 
786.959 13 
414.364 13 
822.648 13 
488.31 13 
1160.64 13 
809.828 13 
718.602 13 
953.633 13 
955.862 13 
972.99 13 
792.035 13 
961.41 13 
758.837 13 
956.554 13 
1037.85 13 
723.964 13 
992.06 13 
840.678 13 
586.675 13 
988.032 13 
896.378 13 
1179.34 13 
615.211 13 
887.351 13 
947.336 13 
808.564 13 
745.28 13 
918.708 13 
640.842 13 
966.466 13 
899.269 13 
825.733 13 
971.424 13 
597.11 13 
1104.49 13 
843.37 13 
380.293 13 
887.8 13 
901.282 13 
1027.06 13 
862.358 13 
840.234 13 
464.809 13 
823.027 13 
1356.47 13 
989.174 13 
879.794 13 
809.535 13 
873.728 13 
599.457 13 
731.539 13 
1015.34 13 
1417.57 13 
902.729 13 
1020.72 13 
1135.4 13 
601.873 13 
581.896 13 
826.407 13 
926.997 13 
452.8 13 
1072.22 13 
990.951 13 
1034.23 13 
1115.99 13 
757.695 13 
909.023 13 
1144.89 13 
994.1 13 
1254.95 13 
819.909 13 
1761.55 13 
496.389 13 
886.541 13 
1079.06 13 
1001.32 13 
1038.58 13 
962.819 13 
875.757 13 
640.942 13 
1071.18 13 
1007.61 13 
992.642 13 
896.892 13 
833.606 13 
762.756 13 
1062.58 13 
898.896 13 
769.014 13 
914.273 13 
787.981 13 
603.89 13 
1155.51 13 
845.447 13 
938.752 13 
1348.03 13 
484.263 13 
948.449 13 
728.762 13 
1012.2 13 
1041.82 13 
616.62 13 
1102.98 13 
893.48 13 
834.716 13 
908.568 13 
648.429 13 
1080.86 13 
1002.34 13 
909.194 13 
904.567 13 
878.471 13 
576.942 13 
1003.43 13 
854.966 13 
724.785 13 
720.663 13 
849.201 13 
811.724 13 
912.83 13 
1059.3 13 
699.555 13 
538.83 13 
900.573 13 
887.401 13 
675.772 13 
760.291 13 
940.498 13 
1023.53 13 
1041.88 13 
947.095 13 
859.331 13 
954.493 13 
434.884 13 
1017.63 13 
1020.56 13 
794.522 13 
775.523 13 
1012.82 13 
1006.94 13 
908.498 13 
521.007 13 
850.477 13 
1025.34 13 
716.082 13 
752.97 13 
817.915 13 
1152.4 13 
978.652 13 
881.569 13 
996.01 13 
1109.31 13 
905.133 13 
1059.6 13 
953.768 13 
895.679 13 
823.18 13 
949.135 13 
381.72 13 
610.06 13 
956.205 13 
549.521 13 
882.974 13 
1052.88 13 
902.422 13 
921.04 13 
1013.31 13 
1042.26 13 
1023.3 13 
1049.33 13 
876.102 13 
1140.35 13 
797.126 13 
995.674 13 
464.035 13 
708.756 13 
646.573 13 
932.94 13 
991.914 13 
946.971 13 
568.901 13 
748.317 13 
754.04 13 
977.695 13 
922.913 13 
888.098 13 
1244.1 13 
1060.77 13 
973.234 13 
894.887 13 
1116.84 13 
701.277 13 
971.658 13 
849.646 13 
982.829 13 
906.689 13 
468.831 13 
794.935 13 
758.634 13 
1055.42 13 
1071.88 13 
932.702 13 
749.505 13 
910.98 13 
927.21 13 
574.056 13 
1017.7 13 
808.962 13 
1063.23 13 
794.085 13 
1145.11 13 
955.826 13 
729.05 13 
945.637 13 
908.712 13 
791.988 13 
832.057 13 
708.172 13 
1084.44 13 
983.413 13 
900.451 13 
560.353 13 
666.29 13 
984.72 13 
1017.63 13 
838.177 13 
628.723 13 
1009.5 13 
796.3 13 
713.086 13 
945.363 13 
859.723 13 
1038.77 13 
878.122 13 
1176.45 13 
1021.69 13 
946.62 13 
793.152 13 
1241.48 13 
928.946 13 
941.629 13 
1010.02 13 
972.498 13 
509.277 13 
718.559 13 
922.918 13 
1017.99 13 
1013.38 13 
645.173 13 
518.916 13 
1039.31 13 
730.977 13 
659.986 13 
1205.54 13 
567.39 13 
650.588 13 
1004.03 13 
1041.11 13 
1589.87 13 
836.146 13 
798.492 13 
937.453 13 
994.491 13 
928.669 13 
990.55 13 
838.209 13 
981.493 13 
691.083 13 
949.525 13 
723.272 13 
1060.8 13 
1051.84 13 
866.201 13 
1144.18 13 
969.665 13 
948.717 13 
675.634 13 
879.774 13 
847.712 13 
940.554 13 
1035.51 13 
839.218 13 
1018.16 13 
860.353 13 
476.966 13 
776.446 13 
891.133 13 
718.379 13 
1178.89 13 
867.912 13 
1253.4 13 
978.885 13 
1005.53 13 
488.127 13 
912.902 13 
852.255 13 
986.599 13 
906.627 13 
933.202 13 
1044.53 13 
1076.95 13 
982.313 13 
1005.47 13 
622.142 13 
903.289 13 
1173.66 13 
1063.91 13 
825.561 13 
945.441 13 
970.247 13 
909.406 13 
828.007 13 
932.113 13 
978.597 13 
834.699 13 
890.677 13 
891.485 13 
932.714 13 
973.789 13 
973.434 13 
1035.69 13 
842.474 13 
807.993 13 
946.408 13 
1084.31 13 
1232.25 13 
711.017 13 
995.551 13 
731.57 13 
852.69 13 
963.51 13 
932.408 13 
664.087 13 
662.782 13 
1019.49 13 
859.132 13 
864.669 13 
932.061 13 
1039.81 13 
884.623 13 
1201.39 13 
972.335 13 
925.076 13 
761.787 13 
890.093 13 
683.526 13 
1011 13 
993.529 13 
1121.19 13 
787.475 13 
1070.43 13 
531.568 13 
888.854 13 
1058.05 13 
963.013 13 
900.901 13 
959.249 13 
667.509 13 
967.743 13 
993.485 13 
512.968 13 
747.275 13 
527.84 13 
740.978 13 
477.336 13 
987.929 13 
766.644 13 
968.149 13 
867.619 13 
621.099 13 
959.14 13 
903.473 13 
779.323 13 
1089.42 13 
833.349 13 
464.953 13 
1027.55 13 
1131.89 13 
962.604 13 
522.796 13 
1052.76 13 
467.237 13 
986.016 13 
366.954 13 
883.759 13 
1135.44 13 
857.794 13 
952.236 13 
798.282 13 
695.016 13 
876.739 13 
860.1 13 
1098.28 13 
851.439 13 
754.371 13 
704.297 13 
784.085 13 
996.325 13 
1074.23 13 
1040.58 13 
971.76 13 
1094.09 13 
743.569 13 
875.261 13 
1076.53 13 
1095.46 13 
792.602 13 
1019.28 13 
940.198 13 
1041.82 13 
1081.96 13 
729.318 13 
1125 13 
775.772 13 
1017.2 13 
1110.39 13 
999.423 13 
1028.6 13 
800.315 13 
760.052 13 
1006.72 13 
414.387 13 
826.59 13 
575.658 13 
1068.09 13 
1003.37 13 
809.248 13 
1203.6 13 
838.09 13 
1076 13 
1027.14 13 
1223.52 13 
1017.11 13 
874.52 13 
647.94 13 
947.908 13 
1010.85 13 
689.935 13 
887.453 13 
480.402 13 
808.359 13 
479.822 13 
984.159 13 
889.98 13 
958.489 13 
962.838 13 
688.951 13 
862.157 13 
909.999 13 
1038.69 13 
729.077 13 
1157.1 13 
916.528 13 
786.781 13 
854.572 13 
649.676 13 
927.679 13 
920.924 13 
732.422 13 
890.548 13 
862.247 13 
1099.54 13 
1151.68 13 
646.276 13 
885.905 13 
713.02 13 
919.505 13 
697.569 13 
1010.78 13 
883.719 13 
1022.45 13 
741.728 13 
981.409 13 
1153.56 13 
710.481 13 
846.096 13 
401.631 13 
1026.88 13 
1062.59 13 
748.184 13 
726.713 13 
587.446 13 
976.759 13 
1188.54 13 
1019.45 13 
952.101 13 
795.234 13 
998.628 13 
897.745 13 
1114.81 13 
830.744 13 
534.324 13 
870.557 13 
1255.4 13 
1012.61 13 
711.395 13 
843.579 13 
681.038 13 
1052.65 13 
868.588 13 
614.013 13 
883.231 13 
1001.71 13 
606.184 13 
908.238 13 
853.195 13 
667.939 13 
1071.13 13 
1058.47 13 
956.17 13 
768.917 13 
694.001 13 
906.525 13 
896.365 13 
809.619 13 
841.889 13 
1005.44 13 
991.981 13 
883.386 13 
723.034 13 
950.375 13 
1114.13 13 
966.637 13 
1182.63 13 
1089.02 13 
1472.88 13 
898.261 13 
488.214 13 
985.74 13 
987.188 13 
595.707 13 
784.783 13 
833.432 13 
994.035 13 
870.254 13 
893.807 13 
873.49 13 
806.365 13 
964.892 13 
759.974 13 
906.804 13 
958.184 13 
1014.34 13 
426.969 13 
935.788 13 
707.612 13 
667.321 13 
968.621 13 
566.592 13 
795.795 13 
703.693 13 
1056.04 13 
1099.92 13 
983.923 13 
784.398 13 
928.267 13 
693.635 13 
983.287 13 
843.695 13 
889.892 13 
577.982 13 
795.314 13 
954.165 13 
988.508 13 
1128.54 13 
1058.75 13 
777.242 13 
886.729 13 
1057.94 13 
1342.2 13 
1003.7 13 
1308.1 13 
623.522 13 
488.99 13 
901.532 13 
896.738 13 
1017.95 13 
907.862 13 
525.804 13 
1063.35 13 
690.536 13 
932.317 13 
992.081 13 
883.386 13 
931.43 13 
598.524 13 
1066.06 13 
1056.46 13 
915.327 13 
1200.77 13 
842.3 13 
568.29 13 
1047.83 13 
974.458 13 
1018.41 13 
835.397 13 
945.934 13 
1056.22 13 
999.66 13 
937.66 13 
695.326 13 
969.291 13 
1206.8 13 
948.678 13 
966.584 13 
890.143 13 
1006.97 13 
647.226 13 
1150.74 13 
706.372 13 
1154.18 13 
870.627 13 
1055.22 13 
896.919 13 
938.54 13 
598.657 13 
1024.51 13 
1030.47 13 
738.03 13 
810.845 13 
868.272 13 
858.252 13 
900.073 13 
582.289 13 
907.563 13 
822.766 13 
769.402 13 
637.252 13 
828.022 13 
710.679 13 
756.914 13 
828.355 13 
829.976 13 
722.224 13 
1011.02 13 
446.594 13 
1022.18 13 
944.623 13 
1043.18 13 
1047.7 13 
485.112 13 
1076.64 13 
988.784 13 
863.762 13 
411.004 13 
534.983 13 
1052.49 13 
839.464 13 
1005.31 13 
1058.89 13 
929.023 13 
726.817 13 
997.916 13 
971.885 13 
756.434 13 
1098.81 13 
927.373 13 
752.437 13 
998.94 13 
911.049 13 
957.182 13 
1006.65 13 
1260.62 13 
963.488 13 
552.936 13 
1042.87 13 
1304.35 13 
968.581 13 
920.102 13 
932.316 13 
1044.69 13 
484.817 13 
1229.83 13 
992.538 13 
1053 13 
959.122 13 
1074.91 13 
975.108 13 
850.338 13 
834.921 13 
572.229 13 
997.374 13 
1138.19 13 
974.539 13 
1180.6 13 
948.857 13 
946.961 13 
999.439 13 
651.005 13 
931.534 13 
646.536 13 
1210.67 13 
939.882 13 
917.524 13 
940.773 13 
1001.45 13 
1089.6 13 
1000.49 13 
913.274 13 
865.15 13 
817.407 13 
906.379 13 
938.675 13 
945.344 13 
540.526 13 
1006.27 13 
747.975 13 
878.733 13 
890.091 13 
805.527 13 
1406.03 13 
1001.58 13 
565.28 13 
983.444 13 
658.023 13 
909.769 13 
892.791 13 
505.767 13 
886.325 13 
927.442 13 
895.707 13 
911.634 13 
709.37 13 
1102.52 13 
978.396 13 
1084.42 13 
1139.62 13 
931.483 13 
1504.89 13 
958.932 13 
1146.03 13 
480.251 13 
1032.94 13 
871.021 13 
962.13 13 
918.624 13 
992.61 13 
923.511 13 
1065.78 13 
538.849 13 
536.924 13 
771.232 13 
820.486 13 
1189.07 13 
534.31 13 
871.807 13 
637.354 13 
857.803 13 
662.253 13 
1140.57 13 
647.666 13 
1038.07 13 
1022.85 13 
883.907 13 
906.071 13 
834.104 13 
773.801 13 
965.419 13 
903.445 13 
572.082 13 
1012.34 13 
1106.38 13 
2065.91 13 
1006.04 13 
1042.4 13 
656.977 13 
1051.65 13 
868.517 13 
927.693 13 
1034.48 13 
1005.56 13 
624.923 13 
766.407 13 
1212.62 13 
700.542 13 
971.58 13 
1118.07 13 
739.775 13 
962.805 13 
1023.43 13 
783.957 13 
936.695 13 
949.1 13 
872.415 13 
871.978 13 
909.262 13 
1038.5 13 
733.962 13 
977.707 13 
905.246 13 
750.783 13 
938.897 13 
738.299 13 
663.498 13 
640.785 13 
724.557 13 
861.357 13 
979.546 13 
1078.58 13 
472.387 13 
938.881 13 
834.759 13 
951.832 13 
1109.08 13 
940.508 13 
1039.02 13 
969.251 13 
769.326 13 
990.366 13 
634.784 13 
937.741 13 
1066.45 13 
1242.79 13 
988.252 13 
1070.41 13 
651.3 13 
1033.75 13 
1027.86 13 
729.2 13 
1004.56 13 
829.55 13 
931.393 13 
732.185 13 
566.042 13 
1046.76 13 
941.995 13 
910.858 13 
435.327 13 
768.03 13 
908.766 13 
1069.72 13 
956.806 13 
889.189 13 
928.931 13 
924.028 13 
916.485 13 
1025.97 13 
569.537 13 
1065.59 13 
584.522 13 
929.6 13 
1048.08 13 
1113.96 13 
774.544 13 
873.836 13 
916.896 13 
905.813 13 
998.663 13 
1048.67 13 
1161 13 
1077.91 13 
909.032 13 
900.849 13 
816.956 13 
945.016 13 
1088.16 13 
1075.66 13 
942.892 13 
803.782 13 
1030.07 13 
984.926 13 
614.035 13 
799.969 13 
634.35 13 
1103.54 13 
705.039 13 
1343.86 13 
801.528 13 
807.854 13 
881.633 13 
1455.3 13 
672.482 13 
1060.89 13 
1030.87 13 
950.882 13 
1074.18 13 
1035.15 13 
983.139 13 
1155.53 13 
1073.45 13 
619.289 13 
691.558 13 
923.459 13 
763.171 13 
1077.75 13 
1118.4 13 
832.327 13 
705.18 13 
772.568 13 
963.731 13 
617.563 13 
538.643 13 
301.786 13 
1072.19 13 
1020.96 13 
854.358 13 
667.848 13 
938.337 13 
933.338 13 
1002.98 13 
855.85 13 
1108.86 13 
903.438 13 
478.367 13 
1046.66 13 
1010.29 13 
784.643 13 
772.551 13 
1001.81 13 
1002.39 13 
814.581 13 
937.563 13 
850.219 13 
571.426 13 
799.224 13 
1022.31 13 
676.617 13 
1016.58 13 
724.889 13 
716.002 13 
548.868 13 
1009.48 13 
1282.17 13 
1187.45 13 
632.553 13 
827.783 13 
1148.53 13 
1007.44 13 
958.566 13 
692.148 13 
607.662 13 
1019.45 13 
731.191 13 
663.955 13 
821.575 13 
514.636 13 
854.5 13 
1153.11 13 
1237.64 13 
1102.74 13 
942.603 13 
455.492 13 
1047.89 13 
893.952 13 
1004.91 13 
400.376 13 
1007.23 13 
400.884 13 
1067.97 13 
906.338 13 
923.662 13 
704.367 13 
883.172 13 
629.445 13 
962.917 13 
1155.98 13 
1017.81 13 
796.27 13 
702.643 13 
1096.37 13 
985.252 13 
839.838 13 
651.889 13 
1054.56 13 
645.508 13 
907.903 13 
764.103 13 
643.755 13 
978.911 13 
907.158 13 
917.321 13 
589.273 13 
982.501 13 
1041.14 13 
880.72 13 
677.258 13 
539.515 13 
903.467 13 
722.891 13 
981.491 13 
996.549 13 
647.22 13 
935.378 13 
1099.39 13 
754.371 13 
789.953 13 
1013.09 13 
898.993 13 
593.783 13 
1195.04 13 
787.362 13 
963.848 13 
1025.11 13 
786.702 13 
873.844 13 
698.242 13 
896.167 13 
921.389 13 
1154.7 13 
986.197 13 
643.672 13 
990.592 13 
942.849 13 
581.747 13 
1058.37 13 
539.331 13 
1143.7 13 
873.507 13 
1085.63 13 
1010.97 13 
515.99 13 
738.806 13 
825.107 13 
761.859 13 
707.41 13 
821.364 13 
959.108 13 
1430.43 13 
1052.18 13 
1010.02 13 
644.953 13 
964.216 13 
967.896 13 
1024.17 13 
704.807 13 
1010.94 13 
900.947 13 
843.898 13 
980.271 13 
852.421 13 
783.501 13 
1136.09 13 
699.69 13 
318.044 13 
600.041 13 
796.031 13 
879.85 13 
908.267 13 
1117.38 13 
994.926 13 
769.488 13 
936.048 13 
869.322 13 
925.101 13 
807.385 13 
73.0668 13 
990.994 13 
1094.95 13 
662.477 13 
733.88 13 
927.354 13 
710.002 13 
953.582 13 
1012.02 13 
1024.58 13 
615.796 13 
337.055 13 
953.318 13 
1060.75 13 
791.774 13 
1017.88 13 
848.687 13 
809.142 13 
677.55 13 
1073.58 13 
792.422 13 
763.181 13 
924.934 13 
751.748 13 
1055.6 13 
815.856 13 
892.91 13 
810.577 13 
1098.26 13 
949.355 13 
1002.84 13 
1163.21 13 
494.573 13 
773.227 13 
904.92 13 
767.377 13 
528.48 13 
812.631 13 
1170.69 13 
962.505 13 
554.424 13 
714.767 13 
872.065 13 
890.063 13 
955.504 13 
851.409 13 
711.857 13 
1090.53 13 
1003.16 13 
971.595 13 
952.07 13 
921.271 13 
972.516 13 
770.84 13 
639.513 13 
596.714 13 
947.214 13 
894.997 13 
895.729 13 
962.462 13 
702.727 13 
680.618 13 
1150.57 13 
979.663 13 
821.044 13 
806.717 13 
1200.48 13 
596.14 13 
1116.08 13 
892.523 13 
634.511 13 
468.263 13 
1002.29 13 
683.32 13 
821.773 13 
938.434 13 
875.66 13 
1113.6 13 
974.519 13 
778.292 13 
459.922 13 
859.518 13 
1084.19 13 
624.868 13 
1007.9 13 
1076.02 13 
538.661 13 
1007.19 13 
1023.89 13 
830.677 13 
593.833 13 
974.604 13 
1031.29 13 
878.791 13 
899.842 13 
467.807 13 
955.321 13 
538.911 13 
942.168 13 
915.47 13 
1129.67 13 
991.089 13 
678.594 13 
1933.05 13 
879.924 13 
942.006 13 
859.208 13 
531.564 13 
1097.87 13 
763.724 13 
1072.52 13 
597.534 13 
891.555 13 
1126.28 13 
978.908 13 
900.129 13 
981.754 13 
894.88 13 
888.28 13 
962.901 13 
1009.92 13 
1192.56 13 
995.003 13 
737.431 13 
911.095 13 
1318.87 13 
921.544 13 
922.342 13 
1011.29 13 
976.038 13 
939.188 13 
377.446 13 
382.216 13 
743.903 13 
891.649 13 
885.51 13 
1061.75 13 
814.354 13 
990.984 13 
1281.35 13 
800.001 13 
1110.85 13 
682.66 13 
814.457 13 
961.284 13 
430.589 13 
2178.67 13 
803.159 13 
1124.4 13 
882.702 13 
675.196 13 
1213.02 13 
1031.88 13 
1065.89 13 
946.402 13 
713.217 13 
896.944 13 
624.906 13 
830.352 13 
776.461 13 
413.54 13 
1372.75 13 
988.557 13 
846.479 13 
938.685 13 
839.831 13 
518.66 13 
835.723 13 
564.82 13 
847.392 13 
732.832 13 
723.472 13 
973.068 13 
661.239 13 
890.13 13 
1115.83 13 
1095.85 13 
601.272 13 
892.723 13 
1151.35 13 
866.26 13 
1154.26 13 
832.264 13 
864.443 13 
749.635 13 
1168.65 13 
1000.09 13 
1089.59 13 
495.983 13 
811.114 13 
837.559 13 
808.237 13 
701.832 13 
1286.33 13 
1298.27 13 
981.277 13 
813.083 13 
1103.31 13 
640.57 13 
980.564 13 
1121.69 13 
943.605 13 
978.664 13 
1208.27 13 
820.331 13 
970.356 13 
733.186 13 
867.467 13 
874.891 13 
662.721 13 
838.153 13 
871.35 13 
876.033 13 
972.396 13 
1005.4 13 
681.707 13 
943.005 13 
739.991 13 
791.683 13 
665.815 13 
878.89 13 
1102.05 13 
852.215 13 
991.095 13 
934.825 13 
1061.03 13 
1098.35 13 
410.022 13 
1045.7 13 
1211.42 13 
985.085 13 
847.318 13 
928.66 13 
1239.97 13 
1071 13 
790.815 13 
1141.71 13 
883.974 13 
1042.71 13 
738.472 13 
961.764 13 
1057.91 13 
894.45 13 
900.403 13 
1452.31 13 
914.566 13 
997.913 13 
721.561 13 
1012.62 13 
835.951 13 
1118.03 13 
1055.99 13 
808.416 13 
909.376 13 
891.299 13 
731.954 13 
784.118 13 
761.998 13 
1070.41 13 
992.564 13 
1040.42 13 
881.531 13 
560.044 13 
864.138 13 
1112.92 13 
924.294 13 
832.432 13 
1154.3 13 
855.447 13 
1010.56 13 
1058.31 13 
1237.54 13 
933.627 13 
970.783 13 
1009.1 13 
999.627 13 
1017.6 13 
1097.85 13 
896.452 13 
954.395 13 
999.165 13 
850.437 13 
895.189 13 
898.102 13 
490.087 13 
906.975 13 
631.042 13 
991.18 13 
1075.42 13 
869.294 13 
671.023 13 
830.807 13 
633.266 13 
1121.95 13 
663.748 13 
937.526 13 
746.566 13 
884.989 13 
899.828 13 
779.545 13 
784.717 13 
951.724 13 
988.977 13 
914.732 13 
893.326 13 
690.877 13 
1287.5 13 
950.653 13 
951.351 13 
1025.08 13 
717.269 13 
836.611 13 
713.762 13 
912.739 13 
1651.22 13 
567.027 13 
457.265 13 
1402.34 13 
781.106 13 
796.632 13 
994.941 13 
675.974 13 
791.62 13 
984.629 13 
784.062 13 
865.768 13 
960.349 13 
828.235 13 
935.09 13 
859.629 13 
959.562 13 
675.466 13 
687.097 13 
1047.41 13 
1232.79 13 
1161.84 13 
1166.78 13 
636.892 13 
903.516 13 
1094.65 13 
901.827 13 
680.068 13 
420.683 13 
1024.78 13 
1030.35 13 
949.295 13 
986.094 13 
902.042 13 
746.925 13 
988.93 13 
965.601 13 
706.302 13 
501.773 13 
857.921 13 
725.835 13 
896.956 13 
675.448 13 
964.666 13 
512.545 13 
1246.91 13 
425.518 13 
968.855 13 
493.816 13 
1073.63 13 
609.349 13 
1074.82 13 
876.885 13 
943.96 13 
725.385 13 
770.179 13 
604.023 13 
1015.51 13 
1036.14 13 
1037.05 13 
770.441 13 
998.63 13 
684.592 13 
917.047 13 
257.827 13 
926.842 13 
924.26 13 
990.419 13 
586.486 13 
872.618 13 
1137.11 13 
849.206 13 
770.679 13 
1057.98 13 
414.669 13 
968.064 13 
1001.09 13 
971.119 13 
979.915 13 
913.293 13 
929.361 13 
578.467 13 
979.214 13 
824.472 13 
903.529 13 
863.529 13 
919.557 13 
855.326 13 
1019.53 13 
590.767 13 
1008.22 13 
1224.43 13 
1049.37 13 
919.992 13 
589.107 13 
1000.91 13 
877.504 13 
988.024 13 
1252.13 13 
958.605 13 
703.315 13 
1102.91 13 
1194.75 13 
914.722 13 
756.498 13 
425.847 13 
1013.56 13 
929.389 13 
897.478 13 
977.226 13 
1006.57 13 
543.997 13 
990.97 13 
1130.38 13 
766.009 13 
1017.83 13 
1065.68 13 
695.3 13 
1027.33 13 
475.222 13 
1250.03 13 
822.52 13 
741.966 13 
1201.07 13 
933.297 13 
934.074 13 
1042.27 13 
813.552 13 
1145.22 13 
750.681 13 
830.507 13 
923.778 13 
1077.62 13 
555.106 13 
503.174 13 
704.113 13 
1059.08 13 
978.365 13 
428.602 13 
764.71 13 
829.01 13 
772.093 13 
689.591 13 
567.657 13 
1207.85 13 
953.518 13 
724.739 13 
946.869 13 
1256.62 13 
748.208 13 
939.76 13 
1167 13 
982.957 13 
508.679 13 
878.422 13 
846.022 13 
930.151 13 
893.591 13 
941.264 13 
927.91 13 
826.889 13 
989.778 13 
1461.09 13 
544.59 13 
1091.36 13 
1220.53 13 
871.796 13 
947.809 13 
976.248 13 
1051.59 13 
966.149 13 
1037.57 13 
491.792 13 
1034.71 13 
1063.47 13 
992.691 13 
636.598 13 
888.971 13 
857.786 13 
908.42 13 
854.651 13 
892.666 13 
691.25 13 
1139.32 13 
924.075 13 
706.624 13 
659.196 13 
840.529 13 
928.737 13 
1000.36 13 
699.389 13 
574.468 13 
770.63 13 
914.529 13 
1124.54 13 
1067.93 13 
926.479 13 
800.647 13 
692.392 13 
1281.49 13 
1196.68 13 
945.425 13 
590.134 13 
1088.66 13 
933.36 13 
785.453 13 
860.813 13 
570.222 13 
907.66 13 
997.403 13 
1284.78 13 
921.846 13 
1112.78 13 
1006.38 13 
887.646 13 
988.448 13 
962.27 13 
773.143 13 
754.307 13 
1070.42 13 
719.57 13 
804.939 13 
988.486 13 
746.348 13 
1247.74 13 
921.087 13 
813.912 13 
965.362 13 
763.104 13 
396.069 13 
804.041 13 
650.38 13 
939.796 13 
983.238 13 
996.732 13 
805.587 13 
1069.68 13 
393.096 13 
974.747 13 
762.343 13 
934.766 13 
1067.64 13 
1060.35 13 
707.156 13 
1030.57 13 
1004.67 13 
1031.84 13 
864.824 13 
935.649 13 
863.839 13 
987.685 13 
1090.92 13 
1067.52 13 
961.225 13 
900.161 13 
1120.12 13 
944.779 13 
1167.91 13 
1128.53 13 
750.714 13 
967.051 13 
923.648 13 
880.27 13 
938.412 13 
871.523 13 
935.123 13 
1004.53 13 
866.1 13 
681.247 13 
1054.42 13 
1101.8 13 
980.239 13 
1010.6 13 
918.075 13 
1115.24 13 
969.411 13 
472.723 13 
1207.9 13 
981.704 13 
1012.57 13 
676.278 13 
1129.2 13 
667.353 13 
902.876 13 
881.846 13 
772.323 13 
994.623 13 
351.069 13 
992.691 13 
1309.91 13 
911.235 13 
1072.44 13 
1169.66 13 
903.472 13 
870.14 13 
849.097 13 
1131.29 13 
1115.09 13 
986.929 13 
389.011 13 
1025.26 13 
991.186 13 
715.306 13 
891.148 13 
1166.59 13 
945.139 13 
351.845 13 
1249.18 13 
1112.48 13 
1085.45 13 
500.982 13 
767.067 13 
1143.84 13 
832.561 13 
1089.43 13 
668.516 13 
1283.78 13 
944.784 13 
693.533 13 
691.4 13 
833.714 13 
723.651 13 
857.979 13 
664.695 13 
748.929 13 
973.192 13 
998.358 13 
994.582 13 
696.514 13 
741.363 13 
978.226 13 
777.171 13 
763.09 13 
726.613 13 
1048.73 13 
730.37 13 
961.141 13 
945.197 13 
1265.73 13 
1004.54 13 
1034.19 13 
542.464 13 
986.879 13 
541.955 13 
998.936 13 
959.213 13 
769.694 13 
1256.01 13 
1031.81 13 
1011.55 13 
929.031 13 
821.622 13 
969.064 13 
1005.32 13 
923.325 13 
1057.59 13 
867.825 13 
858.085 13 
1215.5 13 
771.892 13 
764.536 13 
993.071 13 
946.991 13 
731.028 13 
1048.41 13 
1212.83 13 
1032.73 13 
1123.33 13 
837.366 13 
914.259 13 
878.553 13 
409.076 13 
965.655 13 
1046.64 13 
1047.29 13 
1205.29 13 
997.068 13 
538.015 13 
1049.57 13 
669.961 13 
822.067 13 
1056.41 13 
