1506.46 11 
1375.39 11 
1328.85 11 
803.915 11 
715.379 11 
1440.07 11 
864.808 11 
1462.09 11 
1596.93 11 
1111.68 11 
1019.61 11 
734.624 11 
1366.48 11 
1463.47 11 
1408.02 11 
854.213 11 
1067.54 11 
1149.52 11 
1441.1 11 
1443.92 11 
474.06 11 
675.158 11 
454.819 11 
1399.37 11 
875.786 11 
1410.1 11 
1662.79 11 
1246.38 11 
980.504 11 
1385.01 11 
554.176 11 
824.026 11 
1049.62 11 
1112.95 11 
1936.09 11 
1421.34 11 
1912.63 11 
1304.86 11 
1515.14 11 
725.972 11 
713.679 11 
1332.78 11 
1108.15 11 
791.557 11 
1233.68 11 
1213.02 11 
1660.87 11 
1227.2 11 
1354.89 11 
1607.91 11 
924.445 11 
1296.63 11 
1347.7 11 
1650.32 11 
1425.59 11 
1838.15 11 
1331.13 11 
1540.87 11 
874.318 11 
1137.09 11 
939.12 11 
1638.89 11 
1467.05 11 
1201.54 11 
1364.31 11 
1381.5 11 
527.176 11 
1309.04 11 
1418.24 11 
1269.18 11 
1508.19 11 
1258.72 11 
1404.83 11 
1525.94 11 
1432.34 11 
1641.65 11 
1509.56 11 
631.677 11 
883.21 11 
846.221 11 
606.365 11 
775.733 11 
721.656 11 
946.532 11 
889.263 11 
1565.89 11 
1379.61 11 
839.015 11 
1513.84 11 
933.339 11 
1110.24 11 
1332.5 11 
1426.39 11 
1422.37 11 
583.685 11 
1265.72 11 
836.221 11 
1458.13 11 
949.693 11 
1117.68 11 
1147.34 11 
1538.43 11 
802.758 11 
730.151 11 
1456.2 11 
1526.65 11 
1535.82 11 
1672.68 11 
907.359 11 
770.329 11 
524.073 11 
1086.9 11 
801.387 11 
1671.06 11 
1428.42 11 
1628.48 11 
1439.1 11 
1040.04 11 
726.966 11 
1466.25 11 
836.2 11 
1514.56 11 
1404.61 11 
1417.02 11 
804.82 11 
1286.92 11 
990.746 13 
1119.04 13 
829.36 13 
1076.75 13 
1418.03 13 
1547.69 13 
798.652 13 
1426.48 13 
1768.44 13 
321.802 13 
1531.23 13 
2078.25 13 
818.096 13 
1290.18 13 
1232.61 13 
1454.11 13 
961.027 13 
1281.36 13 
739.476 13 
691.053 13 
1407.88 13 
802.667 13 
1692.3 13 
1328.43 13 
1091.95 13 
957.355 13 
1280.09 13 
2066.49 13 
1363.33 13 
1336.43 13 
1533.79 13 
713.983 13 
1556.53 13 
1563.88 13 
960.504 13 
1209.23 13 
1353.62 13 
1258.79 13 
1479.37 13 
1663.08 13 
1548.4 13 
1157.4 13 
1173.18 13 
894.615 13 
981.14 13 
1356.32 13 
905.845 13 
867.273 13 
1178.92 13 
1175.11 13 
1330.15 13 
1418.54 13 
1562.72 13 
1702.89 13 
1569.53 13 
695.951 13 
795.81 13 
1459.18 13 
1008.79 13 
969.561 13 
416.939 13 
731.535 13 
1569.88 13 
1584.93 13 
932.693 13 
1498.51 13 
705.729 13 
1507.76 13 
691.15 13 
1619.84 13 
1146.45 13 
805.148 13 
540.528 13 
1401.94 13 
1448.47 13 
1857.94 13 
856.467 13 
1227.39 13 
1300.51 13 
621.394 13 
1343.42 13 
1287.85 13 
1345.14 13 
1542.99 13 
1446.51 13 
1485.29 13 
708.992 13 
1096.05 13 
701.048 13 
1097.2 13 
1257.77 13 
869.512 13 
1326.72 13 
1153.57 13 
1109.1 13 
596.315 13 
1046.46 13 
455.116 13 
1247.03 13 
1251.11 13 
705.551 13 
789.523 13 
1237.78 13 
1286.11 13 
1684.58 13 
534.894 13 
1595.28 13 
1588.39 13 
1248.69 13 
1367.15 13 
600.774 13 
1467.03 13 
781.578 13 
1617.07 13 
1324.71 13 
991.343 13 
1494.54 13 
1078.96 13 
1361.74 13 
1336.74 13 
791.729 13 
1531 13 
1409.79 13 
1266.9 13 
1582.39 13 
1235.21 13 
1572.49 13 
1718.92 13 
1316.06 13 
1022.03 13 
1576.7 13 
922.026 13 
1079.33 13 
746.71 13 
1239.36 13 
1028.64 13 
1342.97 13 
1046.97 13 
1573.67 13 
743.866 13 
866.458 13 
925.787 13 
745.018 13 
1294.73 13 
678.61 13 
1150.07 13 
622.501 13 
1241.31 13 
645.697 13 
998.285 13 
878.846 13 
891.675 13 
1422.41 13 
1497.95 13 
1049.9 13 
1211.75 13 
1558.86 13 
1392.92 13 
1863.15 13 
1186.21 13 
1054.38 13 
1083.57 13 
