484.804 11 
531.157 11 
364.941 11 
627.653 11 
443.497 11 
504.82 11 
460.72 11 
359.139 11 
455.721 11 
699.047 11 
505.226 11 
795.268 11 
711.358 11 
638.657 11 
629.601 11 
599.065 11 
489.147 11 
575.79 11 
695.083 11 
583.266 11 
472.952 11 
503.074 11 
635.641 11 
524.015 11 
731.4 11 
464.832 11 
538.325 11 
427.327 11 
511.702 11 
456.73 11 
436.237 11 
521.705 11 
821.186 11 
648.518 11 
434.836 11 
627.009 11 
594.606 11 
773.86 11 
504.011 11 
854.721 11 
516.106 11 
541.446 11 
530.564 11 
562.75 11 
394.381 11 
515.632 11 
480.768 11 
770.365 11 
460.543 11 
442.2 11 
493.576 11 
470.032 11 
519.44 11 
460.035 11 
491.16 11 
515.211 11 
529.738 11 
477.707 11 
447.01 11 
534.179 11 
603.562 11 
569.506 11 
567.298 11 
673.209 11 
612.59 11 
395.603 11 
578.061 11 
458.765 11 
425.605 11 
488.569 11 
464.978 11 
625.286 11 
462.97 11 
441.783 11 
497.366 11 
482.502 11 
431.715 11 
511.964 11 
567.806 11 
471.914 11 
480.607 11 
656.162 11 
312.617 11 
472.522 11 
528.974 11 
491.308 11 
401.254 11 
376.764 11 
220.619 11 
403.896 11 
513.061 11 
338.034 11 
706.093 11 
500.801 11 
690.733 11 
501.376 11 
743.755 11 
571.237 11 
466.991 11 
567.937 11 
515.766 11 
582.968 11 
496.223 11 
781.195 11 
732.781 11 
466.651 11 
452.939 11 
445.909 11 
520.767 11 
540.892 11 
718.252 11 
517.232 11 
446.096 11 
590.457 11 
520.544 11 
628.955 11 
492.689 11 
393.82 11 
471.867 11 
394.549 11 
496.362 11 
440.988 11 
461.962 11 
763.227 11 
471.542 11 
472.723 11 
881.732 11 
451.427 11 
336.859 11 
361.618 11 
401.013 11 
534.017 11 
454.372 11 
728.085 11 
463.202 11 
378.338 11 
515.916 11 
526.815 11 
514.588 11 
467.764 11 
470.537 11 
672.324 11 
512.934 11 
427.272 11 
473.112 11 
402.819 11 
562.64 11 
601.33 11 
674.448 11 
702.599 11 
439.616 11 
515.503 11 
713.435 11 
624.823 11 
477.467 11 
486.689 11 
558.017 11 
768.111 11 
640.95 11 
489.89 11 
658.971 11 
448.947 13 
514 13 
315.392 13 
645.263 13 
456.397 13 
478.31 13 
462.568 13 
613.76 13 
937.781 13 
429.204 13 
736.135 13 
457.719 13 
386.361 13 
441.093 13 
533.817 13 
552.74 13 
508.768 13 
404.984 13 
506.882 13 
498.78 13 
436.862 13 
532.51 13 
406.556 13 
511.622 13 
464.265 13 
467.966 13 
533.846 13 
554.859 13 
606.469 13 
631.455 13 
577.173 13 
460.028 13 
466.986 13 
961.109 13 
454.863 13 
560.191 13 
820.534 13 
600.713 13 
615.849 13 
478.837 13 
526.074 13 
573.797 13 
618.121 13 
539.2 13 
663.297 13 
520.771 13 
417.082 13 
499.165 13 
485.204 13 
388.571 13 
468.181 13 
505.072 13 
253.295 13 
502.317 13 
551.525 13 
579.2 13 
524.341 13 
399.745 13 
487.27 13 
524.264 13 
418.56 13 
528.863 13 
639.751 13 
422.023 13 
478.326 13 
645.276 13 
854.361 13 
444.351 13 
615.96 13 
445.825 13 
367.924 13 
480.549 13 
542.584 13 
386.141 13 
536.92 13 
370.796 13 
452.974 13 
196.211 13 
377.608 13 
473.226 13 
771.786 13 
656.975 13 
418.822 13 
536.784 13 
988.099 13 
492.629 13 
475.57 13 
602.506 13 
527.404 13 
445.735 13 
449.685 13 
502.206 13 
446.571 13 
481.871 13 
537.332 13 
426.687 13 
398.975 13 
436.346 13 
554.923 13 
457.928 13 
553.38 13 
517.473 13 
385.846 13 
457.78 13 
473.742 13 
479.377 13 
534.649 13 
555.533 13 
532.203 13 
738.187 13 
462.49 13 
488.401 13 
408.996 13 
357.557 13 
661.672 13 
626.736 13 
596.27 13 
544.009 13 
494.434 13 
473.737 13 
544.192 13 
550.927 13 
437.377 13 
659.842 13 
622.09 13 
445.601 13 
528.962 13 
571.153 13 
475.284 13 
512.436 13 
724.923 13 
1183.47 13 
630.545 13 
725.211 13 
487.9 13 
605.785 13 
500.561 13 
806.445 13 
396.088 13 
481.835 13 
423.482 13 
504.958 13 
638.301 13 
424.546 13 
562.288 13 
785.487 13 
445.117 13 
503.761 13 
740.431 13 
424.848 13 
574.963 13 
494.089 13 
421.193 13 
561.747 13 
470.886 13 
743.809 13 
416.037 13 
496.522 13 
455.413 13 
414.308 13 
506.886 13 
795.157 13 
339.292 13 
444.881 13 
504.028 13 
598.326 13 
783.354 13 
483.098 13 
500.136 13 
540.19 13 
483.357 13 
582.99 13 
525.064 13 
523.469 13 
481.051 13 
680.871 13 
603.596 13 
497.458 13 
536.182 13 
529.96 13 
525.193 13 
467.771 13 
965.232 13 
391.98 13 
549.735 13 
613.712 13 
406.562 13 
707.02 13 
498.3 13 
577.512 13 
673.762 13 
575.607 13 
701.814 13 
428.517 13 
516.428 13 
512.577 13 
546.892 13 
656.808 13 
528.875 13 
452.924 13 
640.335 13 
613.048 13 
526.364 13 
711.228 13 
767.162 13 
409.312 13 
512.5 13 
496.415 13 
452.869 13 
442.853 13 
463.16 13 
539.61 13 
556.62 13 
467.645 13 
372.236 13 
487.808 13 
615.328 13 
434.768 13 
484.198 13 
567.991 13 
426.042 13 
473.788 13 
495.931 13 
722.866 13 
568.703 13 
593.991 13 
974.134 13 
928.849 13 
521.203 13 
486.874 13 
535.983 13 
470.792 13 
892.797 13 
653.836 13 
