492.204 11 
493.439 11 
472.209 11 
779.674 11 
559.32 11 
512.043 11 
727.298 11 
509.802 11 
552.628 11 
619.47 11 
437.095 11 
517.893 11 
485.24 11 
538.14 11 
670.245 11 
503.689 11 
520.988 11 
324.897 11 
459.236 11 
405.556 11 
383.458 11 
471.801 11 
517.797 11 
421.519 11 
559.18 11 
509.488 11 
321.473 11 
475.991 11 
542.701 11 
538.903 11 
503.354 11 
377.711 11 
588.712 11 
469.719 11 
547.65 11 
439.332 11 
639.05 11 
541.587 11 
523.698 11 
524.689 11 
478.198 11 
582.883 11 
659.586 11 
570.231 11 
661.498 11 
828.966 11 
468.105 11 
529.554 11 
546.659 11 
600.538 11 
486.18 11 
490.744 11 
556.645 11 
512.897 11 
608.841 11 
482.17 11 
409.635 11 
561.99 11 
357.58 11 
511.256 11 
478.677 11 
500.632 11 
386.637 11 
571.088 11 
445.939 11 
554.309 11 
512.061 11 
436.694 11 
395.174 11 
439.104 11 
466.755 11 
514.68 11 
651.461 11 
564.368 11 
498.962 11 
555.294 11 
545.445 11 
564.704 11 
529.875 11 
479.249 11 
397.424 11 
464.15 11 
544.29 11 
527.129 11 
479.846 11 
590.173 11 
501.426 11 
511.977 11 
468.362 11 
708.703 11 
436.147 11 
492.724 11 
801.43 11 
408.132 11 
579.636 11 
579.73 11 
491.484 11 
485.406 11 
509.445 11 
466.802 11 
487.711 11 
789.849 11 
622.364 11 
457.257 11 
578.107 11 
547.948 11 
464.849 11 
524.313 11 
477.766 11 
427.395 11 
571.395 11 
394.017 11 
443.134 11 
551.939 11 
498.515 11 
361.248 11 
486.663 11 
607.581 11 
498.709 11 
423.981 11 
418.881 11 
513.617 11 
530.181 11 
484.163 11 
600.514 11 
670.113 11 
631.179 11 
776.177 11 
457.301 11 
532.665 11 
450.421 11 
632.09 11 
430.656 11 
457.202 11 
498.379 11 
456.405 11 
615.65 11 
673.624 11 
651.007 11 
456.323 11 
400.051 11 
483.738 11 
459.841 11 
567.994 11 
803.37 11 
724.99 11 
488.065 11 
491.375 11 
577.064 11 
493.566 11 
485.107 11 
602.823 11 
474.31 11 
602.41 11 
443.705 11 
704.002 11 
675.745 11 
536.188 11 
476.55 11 
502.654 11 
444.615 11 
563.652 11 
656.491 11 
668.403 11 
484.595 11 
515.551 11 
454.371 11 
460.309 11 
483.687 11 
536.727 11 
489.872 11 
644.359 11 
610.454 11 
569.221 11 
541.049 11 
365.991 11 
583.051 11 
505.291 11 
756.083 11 
471.891 11 
463.339 11 
400.197 11 
375.692 11 
546.003 11 
501.838 11 
533.747 11 
413.419 11 
478.197 11 
595.679 11 
544.871 11 
599.758 11 
575.874 11 
446.356 11 
633.753 11 
484.732 11 
952.493 11 
960.615 11 
565.463 11 
808.377 11 
419.922 11 
523.419 11 
399.973 11 
486.474 11 
443.124 11 
433.34 11 
615.038 11 
529.581 11 
689.897 11 
564.129 11 
634.367 11 
671.461 11 
622.171 11 
499.903 11 
487.215 11 
552.466 11 
413.186 11 
479.489 11 
516.516 11 
491.191 11 
1037.35 11 
589.659 11 
528.773 11 
817.885 11 
513.411 11 
489.453 11 
522.237 11 
627.991 11 
452.548 11 
493.285 11 
494.617 11 
440.253 11 
490.688 11 
496.564 11 
489.317 11 
500.073 11 
533.846 11 
409.15 11 
522.746 11 
450.529 11 
507.988 11 
394.162 11 
433.667 11 
436.632 11 
456.494 11 
481.685 11 
430.59 11 
575.66 11 
694.11 11 
456.938 11 
429.542 11 
493.512 11 
559.101 11 
526.609 11 
509.339 11 
471.484 11 
451.05 11 
446.082 11 
425.2 11 
483.009 11 
631.153 11 
653.389 11 
500.454 11 
718.822 11 
1044.92 11 
519.51 11 
462.426 11 
569.584 11 
519.101 11 
557.649 11 
400.518 11 
459.676 11 
520.117 11 
511.878 11 
473.387 11 
458.235 11 
133.577 11 
413.348 11 
503.098 11 
616.135 11 
612.852 11 
587.746 11 
390.551 11 
615.676 11 
524.161 11 
475.301 11 
433.675 11 
464.07 11 
411.634 11 
373.526 11 
744.647 11 
511.207 11 
501.339 11 
606.55 11 
419.847 11 
431.235 11 
385.153 11 
498.404 11 
443.01 11 
538.822 11 
617.197 11 
886.379 11 
396.811 11 
448.533 11 
640.033 11 
521.673 11 
460.678 11 
989.601 11 
496.648 11 
492.286 11 
389.466 11 
665.942 11 
436.542 11 
486.667 11 
688.552 11 
501.44 11 
728.095 11 
541.858 11 
376.273 11 
420.087 11 
899.938 11 
508.987 11 
518.274 11 
949.872 11 
520.393 11 
468.654 11 
558.951 11 
706 11 
435.046 11 
484.689 11 
499.988 11 
453.408 11 
467.972 11 
561.005 11 
482.721 11 
792.755 11 
558.004 11 
339.85 11 
628.833 11 
468.964 11 
455.143 11 
482.694 11 
557.338 11 
465.773 11 
841.918 11 
456.49 11 
590.327 11 
585.316 11 
513.759 11 
574.651 11 
569.466 11 
484.75 11 
640.422 11 
663.363 11 
492.249 11 
505.544 11 
521.663 11 
687.887 11 
494.981 11 
423.298 11 
532.927 11 
484.888 11 
498.867 11 
479.309 11 
561.48 11 
472.694 11 
459.073 11 
493.815 11 
423.428 11 
486.96 11 
513.655 11 
535.011 11 
497.498 11 
498.381 11 
457.169 11 
398.378 11 
557.222 11 
424.173 11 
648.739 11 
445.725 11 
527.525 11 
516.674 11 
453.02 11 
550.768 11 
510.566 11 
492.267 11 
490.463 11 
490.948 11 
475.706 11 
468.418 11 
482.917 11 
542.5 11 
464.392 11 
423.925 11 
561.741 11 
547.179 11 
530.07 11 
478.046 11 
408.849 11 
375.833 11 
507.834 11 
461.447 11 
530.696 11 
402.696 11 
527.131 11 
455.653 11 
966.289 11 
391.217 11 
555.058 11 
506.473 11 
439.709 11 
508.895 11 
733.735 11 
593.157 11 
657.057 11 
858.401 11 
560.956 11 
443.299 11 
560.128 11 
1019.9 11 
344.901 11 
752.912 11 
369.235 11 
683.503 11 
657.726 11 
611.86 11 
536.032 11 
506.755 11 
425.281 11 
429.044 11 
696.05 11 
513.961 11 
498.776 11 
696.044 11 
358.72 11 
469.555 11 
499.381 11 
580.416 11 
872.318 11 
996.644 11 
795.815 11 
597.214 11 
493.629 11 
481.399 11 
455.278 11 
436.33 11 
426.656 11 
501.888 11 
509.128 11 
449.475 11 
470.084 11 
503.874 11 
659.143 11 
505.113 11 
607.199 11 
388.895 11 
368.532 11 
508.975 11 
501.362 11 
630.392 11 
527.597 11 
557.858 11 
571.542 11 
399.062 11 
455.955 11 
432.189 11 
362.263 11 
405.149 11 
801.047 11 
544.68 11 
503.963 11 
615.473 11 
623.066 11 
496.034 11 
444.509 11 
583.811 11 
638.171 11 
479.078 11 
483.164 11 
566.43 11 
483.544 11 
612.521 11 
485.941 11 
465.427 11 
493.634 11 
480.794 11 
533.862 11 
580.974 11 
484.576 11 
723.948 11 
461.035 11 
563.567 11 
814.182 11 
478.563 11 
727.395 11 
540.938 11 
570.235 11 
479.089 11 
372.156 11 
482.684 11 
473.558 11 
517.452 11 
484.676 11 
424.244 11 
448.838 11 
466.408 11 
504.847 11 
475.017 11 
683.931 11 
484.162 11 
601.271 11 
740.127 11 
623.325 11 
595.907 11 
541.652 11 
700.499 11 
481.153 11 
488.427 11 
430.694 11 
597.661 11 
699.55 11 
476.786 11 
379.669 11 
472.754 11 
668.17 11 
535.146 11 
456.872 11 
451.622 11 
453.045 11 
533.572 11 
591.311 11 
497.416 11 
493.195 11 
610.156 11 
572.652 11 
515.163 11 
448.208 11 
966.222 11 
793.757 11 
482.54 11 
562.485 11 
683.517 11 
356.167 11 
537.979 11 
588.486 11 
294.988 11 
470.027 11 
513.629 11 
479.303 11 
542.243 11 
489.113 11 
789.257 11 
503.103 11 
366.309 11 
509.671 11 
597.779 11 
553.114 11 
554.069 11 
691.707 11 
433.751 11 
512.738 11 
571.388 11 
662.299 11 
507.54 11 
491.009 11 
604.647 11 
457.819 11 
533.812 11 
456.603 11 
466.442 11 
889.086 11 
571.297 11 
466.422 11 
599.074 11 
484.077 11 
787.84 11 
507.666 11 
523.185 11 
369.244 11 
689.221 11 
725.749 11 
674.784 11 
517.017 11 
501.592 11 
446.644 11 
416.178 11 
616.407 11 
401.675 11 
500.771 11 
435.176 11 
597.086 11 
564.43 11 
496.936 11 
470.021 11 
827.762 11 
550.757 11 
734.826 11 
955.294 11 
487.823 11 
555.582 11 
482.337 11 
423.63 11 
374.986 11 
447.942 11 
494.934 11 
693.099 11 
520.05 11 
640.109 11 
503.398 11 
378.965 11 
451.36 11 
462.697 11 
510.938 11 
505.325 11 
453.41 11 
511.742 11 
454.598 11 
496.958 11 
421.615 11 
552.336 11 
430.595 11 
515.271 11 
508.608 11 
623.143 11 
641.267 11 
214.395 11 
468.853 11 
670.66 11 
454.131 11 
504.13 11 
474.135 11 
476.896 11 
498.886 11 
500.045 11 
533.152 11 
457.816 11 
517.883 11 
413.4 11 
504.84 11 
967.884 11 
694.896 11 
467.397 11 
499.386 11 
471.194 11 
520.785 11 
556.798 11 
514.358 11 
592.826 11 
467.894 11 
842.034 11 
493.449 11 
532.912 11 
637.084 11 
554.43 11 
528.525 11 
464.245 11 
438.977 11 
460.383 11 
460.012 11 
623.765 11 
562.205 11 
425.374 11 
629.3 11 
522.526 11 
683.292 11 
369.15 11 
553.963 11 
518.311 11 
450.325 11 
466.488 11 
461.254 11 
612.518 11 
515.581 11 
573.246 11 
492.252 11 
452.891 11 
508.88 11 
484.095 11 
645.292 11 
594 11 
523.63 11 
545.27 11 
452.5 11 
472.601 11 
479.851 11 
489.112 11 
480.864 11 
531.81 11 
545.25 11 
437.723 11 
472.813 11 
584.164 11 
549.808 11 
565.606 11 
541.911 11 
396.698 11 
372.426 11 
548.075 11 
485.934 11 
502.262 11 
522.278 11 
547.936 11 
457.774 11 
498.825 11 
436.007 11 
516.82 11 
480.269 11 
443.19 11 
570.596 11 
544.285 11 
538.305 11 
524.443 11 
443.308 11 
498.842 11 
520.318 11 
533.643 11 
513.384 11 
609.907 11 
530.903 11 
421.414 11 
561.143 11 
542.569 11 
409.41 11 
530.842 11 
471.655 11 
520.852 11 
909.713 11 
574.181 11 
455.644 11 
524.543 11 
454.346 11 
650.442 11 
773.445 11 
403.397 11 
516.641 11 
540.104 11 
556.503 11 
488.791 11 
474.301 11 
531.366 11 
619.911 11 
469.075 11 
560.557 11 
579.062 11 
456.042 11 
487.192 11 
522.375 11 
438.206 11 
436.046 11 
1058.24 11 
465.366 11 
656.469 11 
553.508 11 
555.418 11 
556.838 11 
495.739 11 
447.57 11 
535.762 11 
584.34 11 
444.964 11 
496.257 11 
514.046 11 
183.476 11 
486.95 11 
503.237 11 
504.614 11 
487.952 11 
459.982 11 
521.456 11 
757.276 11 
597.698 11 
402.495 11 
998.815 11 
1076.3 11 
411.674 11 
475.662 11 
632.873 11 
518.19 11 
489.33 11 
480.116 11 
469.127 11 
424.813 11 
473.053 11 
523.961 11 
532.716 11 
590.422 11 
460.433 11 
597.753 11 
552.871 11 
505.184 11 
420.211 11 
671.232 11 
512.972 11 
440.267 11 
477.271 11 
562.524 11 
503.527 11 
473.006 11 
631.71 11 
551.606 11 
732.85 11 
744.989 11 
567.05 11 
451.147 11 
480.816 11 
526.246 11 
586.245 11 
493.573 11 
483.285 11 
548.954 11 
934.626 11 
564.788 11 
595.569 11 
682.004 11 
489.874 11 
589.719 11 
592.747 11 
501.011 11 
597.935 11 
395.317 11 
715.924 11 
629.65 11 
674.063 11 
369.291 11 
441.516 11 
686.689 11 
546.846 11 
647.611 11 
715.37 11 
472.092 11 
530.444 11 
560.134 11 
474.549 11 
490.17 11 
363.136 11 
530.946 11 
469.952 11 
597.324 11 
438.479 11 
461.047 11 
490.833 11 
452.643 11 
440.781 11 
499.01 11 
489.447 11 
509.216 11 
497.048 11 
509.124 11 
519.329 11 
485.458 11 
476.801 11 
549.737 11 
448.338 11 
538.519 11 
578.457 11 
572.493 11 
431.594 11 
485.227 11 
486.701 11 
494.453 11 
554.37 11 
463.373 11 
497.608 11 
369.937 11 
421.347 11 
439.161 11 
466.989 11 
559.512 11 
474.775 11 
516.86 11 
388.65 11 
493.939 11 
921.211 11 
516.568 11 
496.738 11 
542.111 11 
509.911 11 
602.871 11 
699.414 11 
449.716 11 
562.155 11 
555.908 11 
611.764 11 
566.748 11 
622.365 11 
455.897 11 
503.702 11 
549.768 11 
498.009 11 
496.376 11 
670.397 11 
786.973 11 
707.974 11 
496.728 11 
584.997 11 
472.943 11 
910.116 11 
495.241 11 
426.446 11 
528.881 11 
696.697 11 
498.975 11 
496.041 11 
590.554 11 
374.584 11 
513.102 11 
486.552 11 
482.04 11 
676.752 11 
427.64 11 
675.798 11 
699.044 11 
435.924 11 
799.581 11 
873.035 11 
542.33 11 
521.916 11 
542.406 11 
722.908 11 
619.705 11 
599.62 11 
489.504 11 
463.464 11 
455.418 11 
598.137 11 
494.62 11 
521.568 11 
615.306 11 
457.278 11 
535.853 11 
962.573 11 
487.585 11 
569.676 11 
605.385 11 
527.115 11 
525.395 11 
495.134 11 
1027.02 11 
325.973 11 
462.714 11 
827.673 11 
435.484 11 
414.45 11 
531.257 11 
474 11 
547.614 11 
402.534 11 
503.758 11 
528.606 11 
527.81 11 
528.624 11 
483.882 11 
575.856 11 
583.842 11 
525.329 11 
407.853 11 
551.333 11 
679.916 11 
273.727 11 
477.439 11 
624.356 11 
509.164 11 
677.075 11 
557.497 11 
703.3 11 
574.598 11 
415.06 11 
461.142 11 
486.127 11 
365.657 11 
558.114 11 
588.393 11 
534.142 11 
498.563 11 
418.697 11 
649.067 11 
426.122 11 
958.042 11 
499.312 11 
465.51 11 
451.82 11 
686.581 11 
547.64 11 
432.507 11 
475.782 11 
504.741 11 
492.559 11 
526.547 11 
587.033 11 
578.482 11 
456.817 11 
672.398 11 
470.068 11 
420.562 11 
539.95 11 
614.056 11 
677.46 11 
570.746 11 
580.382 11 
539.365 11 
576.739 11 
581.214 11 
526.996 11 
638.044 11 
563.379 11 
462.682 11 
400.545 11 
610.283 11 
485.291 11 
619.889 11 
565.753 11 
589.844 11 
421.569 11 
604.15 11 
385.616 11 
382.652 11 
691.769 11 
707.207 11 
492.571 11 
450.074 11 
485.353 11 
613.482 11 
468.784 11 
663.991 11 
438.19 11 
560.424 11 
542.164 11 
594.252 11 
951.661 11 
689.548 11 
567.613 11 
541.001 11 
431.753 11 
648.602 11 
494.769 11 
544.437 11 
505.697 11 
476.107 11 
863.784 11 
410.949 11 
532.112 11 
546.782 11 
533.341 11 
496.767 11 
571.224 11 
539.956 11 
477.382 11 
634.027 11 
477.534 11 
583.892 11 
633.463 11 
484.349 11 
421.285 11 
558.155 11 
435.258 11 
558.273 11 
571.36 11 
616.661 11 
689.381 11 
503.752 11 
677.252 11 
706.115 11 
520.48 11 
444.83 11 
419.719 11 
499.152 11 
424.184 11 
398.847 11 
594.538 11 
549.84 11 
499.578 11 
500.835 11 
568.969 11 
567.717 11 
437.44 11 
514.155 11 
419.445 11 
560.698 11 
543.08 11 
381.026 11 
493.764 11 
453.675 11 
887.492 11 
855.363 11 
450.866 11 
535.111 11 
749.186 11 
749.695 11 
504.276 11 
484.88 11 
503.812 11 
706.2 11 
526.103 11 
481.312 11 
546.188 11 
572.505 11 
826.244 11 
643.446 11 
486.359 11 
372.557 11 
661.208 11 
585.192 11 
505.125 11 
474.002 13 
480.083 13 
546.182 13 
503.491 13 
584.495 13 
697.688 13 
468.961 13 
546.919 13 
488.991 13 
508.116 13 
687.986 13 
144.689 13 
504.077 13 
392.956 13 
457.718 13 
719.55 13 
561.159 13 
519.889 13 
560.707 13 
555.487 13 
535.195 13 
1177.71 13 
503.218 13 
582.345 13 
475.686 13 
516.019 13 
538.922 13 
520.185 13 
735.305 13 
432.801 13 
594.374 13 
760.362 13 
525.764 13 
495.585 13 
486.942 13 
516.559 13 
520.598 13 
492.54 13 
566.548 13 
528.307 13 
535.241 13 
599.223 13 
520.909 13 
851.674 13 
526.473 13 
483.456 13 
670.814 13 
516.118 13 
685.269 13 
498.672 13 
574.748 13 
529.095 13 
406.241 13 
438.979 13 
493.422 13 
585.428 13 
525.289 13 
482.329 13 
429.555 13 
483.413 13 
534.217 13 
476.249 13 
608.558 13 
451.431 13 
507.09 13 
580.85 13 
562.455 13 
473.676 13 
625.846 13 
486.538 13 
419.067 13 
842.51 13 
411.758 13 
450.033 13 
481.531 13 
724.753 13 
639.493 13 
472.56 13 
796.39 13 
405.911 13 
523.107 13 
542.907 13 
511.658 13 
664.157 13 
476.38 13 
554.052 13 
479.548 13 
479.907 13 
551.436 13 
603.755 13 
436.566 13 
493.711 13 
529.996 13 
431.454 13 
674.099 13 
639.205 13 
438.446 13 
450.197 13 
505.355 13 
551.519 13 
486.1 13 
435.842 13 
621.495 13 
509.879 13 
602.416 13 
586.658 13 
471.085 13 
457.779 13 
527.721 13 
499.514 13 
518.807 13 
579.859 13 
442.387 13 
623.391 13 
497.545 13 
547.59 13 
475.009 13 
794.371 13 
652.871 13 
482.672 13 
537.139 13 
494.74 13 
476.539 13 
376.889 13 
689.111 13 
442.134 13 
483.342 13 
492.248 13 
428.508 13 
685.102 13 
556.882 13 
500.157 13 
460.143 13 
403.512 13 
501.268 13 
580.453 13 
539.586 13 
426.355 13 
870.969 13 
427.404 13 
830.041 13 
758.418 13 
519.127 13 
430.307 13 
524.495 13 
468.694 13 
435.789 13 
497.944 13 
466.182 13 
574.853 13 
493.629 13 
512.397 13 
481.442 13 
516.791 13 
531.484 13 
537.064 13 
501.133 13 
510.033 13 
443.669 13 
449.67 13 
423.974 13 
487.793 13 
518.099 13 
555.555 13 
548.507 13 
426.137 13 
480.932 13 
485.308 13 
187.796 13 
556.302 13 
557.261 13 
368.095 13 
544.677 13 
474.167 13 
468.617 13 
642.504 13 
495.491 13 
645.702 13 
659.444 13 
468.691 13 
1078.23 13 
511.371 13 
410.22 13 
818.447 13 
652.22 13 
581.594 13 
447.81 13 
560.586 13 
435.147 13 
550.548 13 
584.233 13 
708.39 13 
518.451 13 
568.441 13 
514.721 13 
378.205 13 
376.145 13 
478.024 13 
510.539 13 
512.902 13 
595.14 13 
595.75 13 
512.389 13 
645.723 13 
384.373 13 
507.169 13 
390.13 13 
698.427 13 
506.797 13 
437.426 13 
428.719 13 
513.695 13 
205.976 13 
500.189 13 
344.762 13 
451.494 13 
493.717 13 
382.451 13 
498.179 13 
502.271 13 
627.392 13 
302.221 13 
521.358 13 
503.502 13 
449.241 13 
607.137 13 
592.809 13 
483.736 13 
729.053 13 
456.648 13 
484.995 13 
465.52 13 
898.305 13 
595.226 13 
1051.06 13 
415.439 13 
445.771 13 
607.216 13 
507.154 13 
547.639 13 
552.643 13 
538.353 13 
549.297 13 
545.037 13 
560.432 13 
470.002 13 
526.654 13 
759.855 13 
708.397 13 
656.246 13 
597.052 13 
478.428 13 
598.016 13 
547.906 13 
373.963 13 
509.747 13 
469.155 13 
475.798 13 
576.848 13 
560.045 13 
337.264 13 
516.399 13 
558.668 13 
508.758 13 
532.971 13 
429.454 13 
412.341 13 
515.867 13 
567.548 13 
521.876 13 
539.22 13 
569.83 13 
472.35 13 
702.212 13 
572.514 13 
443.42 13 
550.294 13 
565.052 13 
538.875 13 
468.948 13 
460.787 13 
470.452 13 
516.953 13 
528.576 13 
424.153 13 
484.28 13 
562.161 13 
512.168 13 
441.382 13 
964.861 13 
492.858 13 
468.703 13 
416.903 13 
587.366 13 
656.196 13 
509.852 13 
757.91 13 
755.546 13 
834.542 13 
675.818 13 
581.199 13 
552.2 13 
400.397 13 
489.978 13 
516.768 13 
479.026 13 
549.864 13 
481.476 13 
611.662 13 
507.547 13 
766.322 13 
694.379 13 
508.658 13 
471.262 13 
482.862 13 
517.136 13 
471.858 13 
774.384 13 
596.508 13 
602.445 13 
464.113 13 
593.132 13 
442.179 13 
431.187 13 
576.169 13 
543.639 13 
558.509 13 
357.514 13 
523.792 13 
415.253 13 
435.207 13 
395.799 13 
864.612 13 
403.186 13 
846.034 13 
540.221 13 
440.615 13 
466.514 13 
424.995 13 
613.258 13 
526.386 13 
766.066 13 
439.748 13 
453.215 13 
620.322 13 
569.846 13 
451.993 13 
385.837 13 
677.028 13 
539.436 13 
404.316 13 
370.702 13 
418.855 13 
477.489 13 
496.014 13 
459.539 13 
507.746 13 
544.905 13 
385.691 13 
506.178 13 
585.481 13 
553.741 13 
482.254 13 
536.947 13 
608.373 13 
587.766 13 
826.71 13 
560.22 13 
528.174 13 
494.677 13 
418.385 13 
670.94 13 
441.731 13 
559.322 13 
619.278 13 
528.207 13 
842.351 13 
554.658 13 
562.603 13 
553.902 13 
478.389 13 
460.91 13 
605.085 13 
218.968 13 
469.554 13 
439.689 13 
578.578 13 
492.98 13 
642.656 13 
388.459 13 
398.36 13 
527.582 13 
1087.02 13 
561.953 13 
536.716 13 
549.117 13 
632.394 13 
758.442 13 
468.269 13 
474.641 13 
724.007 13 
451.418 13 
547.739 13 
553.149 13 
540.157 13 
494.407 13 
476.527 13 
550.77 13 
622.121 13 
474.294 13 
254.119 13 
403.735 13 
377.411 13 
504.012 13 
621.667 13 
413.307 13 
532.026 13 
823.98 13 
668.722 13 
708.249 13 
536.448 13 
630.975 13 
552.274 13 
514.529 13 
413.009 13 
396.873 13 
489.455 13 
781.933 13 
473.343 13 
469.07 13 
518.145 13 
549.996 13 
477.293 13 
594.764 13 
366.001 13 
564.5 13 
548.54 13 
663.53 13 
627.158 13 
355.677 13 
472.73 13 
433.443 13 
469.897 13 
492.263 13 
495.815 13 
412.941 13 
596.678 13 
565.579 13 
501.7 13 
647.728 13 
477.293 13 
457.274 13 
524.338 13 
593.076 13 
594.197 13 
520.413 13 
408.116 13 
554.009 13 
546.854 13 
503.079 13 
511.79 13 
512.2 13 
518.422 13 
201.446 13 
529.678 13 
523.837 13 
778.706 13 
531.754 13 
464.491 13 
830.127 13 
485.67 13 
592.417 13 
516.33 13 
490.875 13 
432.937 13 
352.212 13 
934.925 13 
449.459 13 
494.533 13 
573.681 13 
604.26 13 
515.533 13 
573.315 13 
717.407 13 
534.485 13 
448.99 13 
540.663 13 
478.245 13 
511.093 13 
743.076 13 
586.817 13 
577.883 13 
489.962 13 
908.83 13 
463.244 13 
444.507 13 
466.182 13 
390.471 13 
447.1 13 
664.68 13 
537.51 13 
734.73 13 
561.385 13 
493.484 13 
528.387 13 
435.661 13 
534.653 13 
570.406 13 
335.909 13 
850.717 13 
787.588 13 
428.397 13 
469.038 13 
436.464 13 
458.465 13 
830.86 13 
478.816 13 
538.846 13 
596.251 13 
545.938 13 
804.761 13 
571.383 13 
433.664 13 
681.374 13 
408.435 13 
447.404 13 
451.653 13 
467.046 13 
474.495 13 
401.651 13 
525.525 13 
452.437 13 
495.641 13 
477.935 13 
630.673 13 
488.13 13 
472.994 13 
468.69 13 
431.996 13 
491.854 13 
518.455 13 
557.575 13 
554.956 13 
634.588 13 
492.296 13 
497.345 13 
491.715 13 
548.546 13 
577.173 13 
524.399 13 
384.026 13 
513.175 13 
474.89 13 
453.981 13 
460.239 13 
484.236 13 
511.277 13 
494.587 13 
607.846 13 
454.095 13 
547.477 13 
456.087 13 
539.554 13 
528.846 13 
579.722 13 
514.519 13 
466.792 13 
497.468 13 
358.941 13 
505.53 13 
453.008 13 
544.039 13 
406.837 13 
462.412 13 
486.132 13 
489.231 13 
604.159 13 
415.648 13 
448.884 13 
462.903 13 
471.689 13 
530.197 13 
542.11 13 
554.251 13 
459.495 13 
468.747 13 
422.829 13 
536.952 13 
435.837 13 
513.219 13 
574.77 13 
480.75 13 
583.11 13 
395.079 13 
514.795 13 
497.04 13 
514.5 13 
569.562 13 
626.157 13 
803.44 13 
590.146 13 
451.826 13 
510.512 13 
445.833 13 
446.113 13 
437.188 13 
547.425 13 
705.734 13 
417.169 13 
538.612 13 
581.531 13 
667.079 13 
504.969 13 
556.028 13 
313.305 13 
513.194 13 
584.288 13 
697.082 13 
504.177 13 
424.228 13 
512.037 13 
489.644 13 
512.886 13 
560.799 13 
418.552 13 
528.477 13 
391.089 13 
791.921 13 
515.044 13 
415.955 13 
519.615 13 
343.972 13 
436.986 13 
535.524 13 
626.656 13 
387.196 13 
436.639 13 
585.332 13 
532.781 13 
548.614 13 
420.259 13 
582.233 13 
328.513 13 
475.553 13 
567.686 13 
526.505 13 
533.183 13 
538.786 13 
596.3 13 
560.181 13 
717.655 13 
755.95 13 
498.215 13 
557.562 13 
463.804 13 
338.772 13 
770.279 13 
701.672 13 
597.417 13 
408.396 13 
499.613 13 
730.04 13 
580.41 13 
555.738 13 
592.858 13 
715.735 13 
1035.03 13 
510.886 13 
512.476 13 
531.539 13 
518.942 13 
520.337 13 
436.781 13 
458.806 13 
622.212 13 
527.67 13 
501.259 13 
647.013 13 
419.621 13 
441.255 13 
509.78 13 
683.378 13 
470.091 13 
576.465 13 
456.435 13 
512.916 13 
648.824 13 
758.223 13 
523.625 13 
468.193 13 
463.876 13 
450.476 13 
537.83 13 
462.938 13 
414.254 13 
496.019 13 
661.179 13 
546.407 13 
493.538 13 
536.633 13 
438.25 13 
755.212 13 
418.346 13 
501.537 13 
460.193 13 
613.369 13 
415.508 13 
466.855 13 
790.302 13 
688.855 13 
477.616 13 
484.124 13 
515.179 13 
484.528 13 
483.6 13 
580.651 13 
596.775 13 
476.955 13 
531.106 13 
514.582 13 
502.152 13 
469.667 13 
556.409 13 
572.173 13 
450.013 13 
552.094 13 
583.77 13 
451.518 13 
456.339 13 
463.203 13 
437.436 13 
468.287 13 
433.794 13 
622.557 13 
481.592 13 
829.681 13 
597.483 13 
493.587 13 
473.81 13 
467.483 13 
580.806 13 
446.116 13 
460.912 13 
439.58 13 
699.075 13 
720.075 13 
646.237 13 
701.789 13 
572.198 13 
467.464 13 
579.048 13 
445.647 13 
496.654 13 
430.503 13 
630.58 13 
448.471 13 
611.98 13 
507.223 13 
497.742 13 
709.38 13 
429.425 13 
377.293 13 
693.478 13 
437.558 13 
492.926 13 
441.694 13 
401.294 13 
503.413 13 
445.137 13 
493.317 13 
474.179 13 
723.666 13 
773.487 13 
451.995 13 
510.012 13 
355.011 13 
481.665 13 
456.683 13 
493.281 13 
547.531 13 
580.011 13 
619.099 13 
491.667 13 
680.537 13 
436.166 13 
518.394 13 
482.477 13 
476.363 13 
535.147 13 
514.716 13 
462.505 13 
654.535 13 
508.705 13 
593.578 13 
736.853 13 
557.197 13 
505.886 13 
395.343 13 
505.987 13 
530.642 13 
463.232 13 
612.952 13 
477.002 13 
699.646 13 
499.602 13 
531.847 13 
583.468 13 
496.338 13 
513.483 13 
426.221 13 
370.102 13 
540.738 13 
464.07 13 
614.764 13 
554.19 13 
505.103 13 
466.403 13 
506 13 
596.486 13 
421.371 13 
521.959 13 
567.08 13 
760.408 13 
460.859 13 
512.022 13 
538.792 13 
490.612 13 
393.305 13 
623.477 13 
409.872 13 
672.99 13 
524.556 13 
495.854 13 
521.965 13 
494.904 13 
712.911 13 
499.794 13 
515.369 13 
478.968 13 
469.541 13 
401.65 13 
555.12 13 
453.736 13 
598.737 13 
506.478 13 
609.55 13 
384.701 13 
499.325 13 
907.169 13 
443.616 13 
532.54 13 
568.377 13 
588.677 13 
369.18 13 
506.067 13 
520.363 13 
480.909 13 
476.844 13 
472.986 13 
493.911 13 
375.68 13 
411.038 13 
394.668 13 
521.002 13 
386.282 13 
438.174 13 
455.533 13 
496.301 13 
947.025 13 
407.688 13 
590.651 13 
518.725 13 
470.38 13 
588.093 13 
502.01 13 
522.27 13 
497.714 13 
623.436 13 
440.157 13 
449.951 13 
436.211 13 
443.381 13 
556.598 13 
439.742 13 
496.792 13 
453.281 13 
508.769 13 
502.957 13 
473.62 13 
527.587 13 
541.62 13 
569.704 13 
593.692 13 
495.463 13 
527.609 13 
546.215 13 
493.341 13 
567.127 13 
426.755 13 
397.994 13 
461.593 13 
685.942 13 
441.026 13 
411.758 13 
505.575 13 
477.83 13 
456.721 13 
710.29 13 
605.746 13 
654.409 13 
399.55 13 
509.279 13 
457.962 13 
763.124 13 
514.89 13 
512.804 13 
447.759 13 
485.497 13 
625.642 13 
436.148 13 
572.684 13 
423.812 13 
422.753 13 
396.388 13 
545.902 13 
491.601 13 
635.935 13 
532.074 13 
465.724 13 
907.053 13 
852.95 13 
241.885 13 
476.248 13 
446.789 13 
432.826 13 
449.702 13 
654.365 13 
517.278 13 
360.681 13 
612.478 13 
448.25 13 
528.875 13 
624.526 13 
428.881 13 
612.914 13 
444.925 13 
459.701 13 
683.257 13 
680.344 13 
376.174 13 
548.617 13 
669.372 13 
725.206 13 
410.285 13 
487.924 13 
446.057 13 
639.017 13 
491.91 13 
561.532 13 
488.136 13 
449.882 13 
465.874 13 
844.506 13 
523.987 13 
469.626 13 
531.007 13 
443.41 13 
524.493 13 
540.28 13 
441.092 13 
398.112 13 
812.689 13 
889.388 13 
463.154 13 
508.109 13 
1017.95 13 
654.846 13 
502.889 13 
415.04 13 
528.784 13 
712.845 13 
393.58 13 
375.725 13 
460.153 13 
503.962 13 
487.675 13 
474.965 13 
567.391 13 
480.72 13 
506.219 13 
407.632 13 
656.951 13 
406.725 13 
579.853 13 
452.183 13 
429.021 13 
527.375 13 
469.029 13 
522.877 13 
744.868 13 
574.897 13 
400.495 13 
733.647 13 
608.968 13 
344.718 13 
469.965 13 
481.682 13 
473.989 13 
541.799 13 
482.698 13 
448.839 13 
565.327 13 
477.393 13 
558.189 13 
555.66 13 
503.011 13 
364.243 13 
444.374 13 
452.264 13 
459.659 13 
428.7 13 
540.493 13 
503.898 13 
579.857 13 
450.478 13 
500.254 13 
824.109 13 
535.222 13 
538.405 13 
507.272 13 
556.795 13 
552.236 13 
618.324 13 
386.975 13 
647.029 13 
536.455 13 
417.092 13 
408.165 13 
437.903 13 
573.526 13 
604.887 13 
661.709 13 
459.395 13 
562.064 13 
509.144 13 
492.501 13 
425.626 13 
454.8 13 
443.909 13 
494.803 13 
485.823 13 
467.068 13 
563.91 13 
507.028 13 
389.496 13 
452.618 13 
467.665 13 
495.422 13 
496.328 13 
436.716 13 
501.667 13 
470.633 13 
472.715 13 
488.704 13 
482.171 13 
477.98 13 
178.634 13 
463.216 13 
412.718 13 
491.609 13 
457.381 13 
439.468 13 
558.153 13 
488.879 13 
571.09 13 
521.742 13 
536.205 13 
545.653 13 
395.119 13 
528.255 13 
498.279 13 
767.793 13 
575.994 13 
527.352 13 
495.165 13 
475.768 13 
483.659 13 
550.565 13 
474.16 13 
671.59 13 
398.146 13 
564.405 13 
870.556 13 
555.71 13 
677.042 13 
584.757 13 
826.416 13 
532.989 13 
406.665 13 
603.516 13 
342.792 13 
467.245 13 
427.724 13 
438.02 13 
560.493 13 
334.39 13 
489.842 13 
277.404 13 
591.849 13 
770.814 13 
479.068 13 
943.78 13 
439.471 13 
574.98 13 
751.536 13 
637.366 13 
647.354 13 
484.406 13 
413.832 13 
495.432 13 
507.952 13 
515.614 13 
487.672 13 
542.039 13 
486.103 13 
590.791 13 
587.548 13 
587.472 13 
584.915 13 
470.554 13 
476.318 13 
448.754 13 
532.939 13 
412.141 13 
416.731 13 
435.795 13 
455.435 13 
550.513 13 
558.868 13 
563.534 13 
508.182 13 
532.62 13 
520.917 13 
450.573 13 
490.158 13 
561.783 13 
513.323 13 
421.681 13 
460.131 13 
475.215 13 
438.741 13 
789.275 13 
677.401 13 
542.462 13 
565.935 13 
695.421 13 
588.861 13 
536.462 13 
570.347 13 
1123.26 13 
437.807 13 
454.753 13 
574.278 13 
450.92 13 
507.362 13 
482.803 13 
500.004 13 
590.017 13 
764.483 13 
582.946 13 
476.465 13 
452.587 13 
466.685 13 
502.586 13 
769.457 13 
511.046 13 
655.679 13 
512.33 13 
492.02 13 
429.683 13 
596.531 13 
443.124 13 
528.174 13 
825.244 13 
471.668 13 
831.019 13 
858.371 13 
528.947 13 
490.375 13 
894.802 13 
629.64 13 
430.848 13 
516.953 13 
615.417 13 
1215.23 13 
673.629 13 
610.045 13 
554.43 13 
539.916 13 
526.027 13 
552.974 13 
835.361 13 
637.998 13 
618.279 13 
394.396 13 
617.957 13 
555.319 13 
446.689 13 
507.402 13 
556.244 13 
511.526 13 
547.047 13 
506.954 13 
437.689 13 
867.42 13 
536.951 13 
497.7 13 
542.946 13 
712.875 13 
921.646 13 
421.167 13 
552.568 13 
572.769 13 
386.24 13 
501.638 13 
495.971 13 
493.119 13 
546.364 13 
400.167 13 
467.366 13 
450.931 13 
507.517 13 
496.383 13 
517.442 13 
492.773 13 
521.408 13 
507.309 13 
509.872 13 
469.693 13 
460.347 13 
436.473 13 
602.504 13 
464.875 13 
515.663 13 
520.664 13 
753.145 13 
488.131 13 
501 13 
531.468 13 
397.369 13 
470.516 13 
509.914 13 
534.23 13 
347.757 13 
556.003 13 
428.488 13 
531.096 13 
521.812 13 
495.423 13 
523.879 13 
461.933 13 
523.969 13 
438.255 13 
522.055 13 
581.337 13 
502.483 13 
455.155 13 
478.309 13 
504.904 13 
576.04 13 
429.74 13 
467.305 13 
518.671 13 
458.515 13 
516.543 13 
483.814 13 
422.114 13 
509.091 13 
452.75 13 
496.996 13 
476.873 13 
437.437 13 
515.834 13 
555.331 13 
446.493 13 
525.158 13 
751.66 13 
467.111 13 
503.8 13 
712.241 13 
452.67 13 
448.723 13 
578.237 13 
719.985 13 
564.531 13 
486.432 13 
521.966 13 
489.051 13 
549.968 13 
530.437 13 
517.73 13 
478.739 13 
485.478 13 
671.163 13 
717.552 13 
522.678 13 
626.185 13 
523.406 13 
595.657 13 
568.022 13 
510.598 13 
414.535 13 
532.504 13 
398.204 13 
490.918 13 
511.01 13 
527.735 13 
422.777 13 
521.958 13 
554.954 13 
510.114 13 
481.927 13 
710.369 13 
448.284 13 
1023.17 13 
424.711 13 
512.544 13 
610.711 13 
758.546 13 
463.934 13 
528.607 13 
481.453 13 
421.01 13 
564.113 13 
490.817 13 
450.27 13 
173.832 13 
484.898 13 
421.625 13 
467.169 13 
728.312 13 
470.133 13 
401.708 13 
486.139 13 
544.722 13 
413.113 13 
667.444 13 
508.039 13 
490.843 13 
491.596 13 
531.658 13 
551.374 13 
425.687 13 
413.263 13 
421.751 13 
471.326 13 
493.308 13 
524.236 13 
437.039 13 
567.978 13 
460.385 13 
595.048 13 
558.915 13 
451.604 13 
507.941 13 
499.343 13 
647.31 13 
622.858 13 
404.191 13 
482.566 13 
419.52 13 
441.496 13 
432.647 13 
470.645 13 
516.793 13 
569.965 13 
473.893 13 
520.411 13 
472.539 13 
654.881 13 
437.978 13 
424.062 13 
615.798 13 
551.42 13 
553.523 13 
410.039 13 
561.322 13 
580.438 13 
536.942 13 
819.405 13 
397.764 13 
389.771 13 
498.521 13 
507.523 13 
906.291 13 
344.136 13 
533.729 13 
398.176 13 
595.899 13 
431.737 13 
544.156 13 
621.346 13 
349.896 13 
689.052 13 
487.16 13 
567.8 13 
437.074 13 
482.884 13 
453.799 13 
535.812 13 
561.165 13 
561.429 13 
449.974 13 
467.835 13 
576.385 13 
493.302 13 
729.296 13 
485.355 13 
514.5 13 
720.903 13 
825.026 13 
548.319 13 
879.672 13 
517.313 13 
485.069 13 
622.672 13 
439.424 13 
420.496 13 
597.981 13 
743.309 13 
581.151 13 
534.598 13 
429.751 13 
477.375 13 
598.267 13 
612.829 13 
641.531 13 
405.586 13 
726.364 13 
450.597 13 
475.734 13 
565.43 13 
532.651 13 
526.683 13 
409.554 13 
497.353 13 
509.479 13 
486.614 13 
474.807 13 
734.038 13 
480.966 13 
604.395 13 
562.16 13 
513.677 13 
442.563 13 
496.192 13 
810.104 13 
529.167 13 
536.68 13 
504.194 13 
514.502 13 
528.873 13 
448.133 13 
562.054 13 
432.066 13 
656.314 13 
568.815 13 
487.47 13 
477.645 13 
503.402 13 
498.355 13 
489.669 13 
481.178 13 
493.284 13 
647.096 13 
529.443 13 
569.538 13 
502.686 13 
679.481 13 
658.633 13 
424.922 13 
443.252 13 
680.898 13 
754.652 13 
833.415 13 
425.229 13 
426.574 13 
532.865 13 
410.797 13 
757.99 13 
549.236 13 
470.74 13 
686.969 13 
675.45 13 
483.055 13 
726.17 13 
676.101 13 
487.017 13 
571.7 13 
593.724 13 
633.469 13 
390.56 13 
751.429 13 
487.661 13 
592.923 13 
507.078 13 
451.362 13 
429.362 13 
594.797 13 
397.698 13 
712.456 13 
514.87 13 
523.967 13 
550.724 13 
526.844 13 
492.087 13 
537.174 13 
459.438 13 
427.811 13 
368.916 13 
541.708 13 
758.773 13 
774.93 13 
613.136 13 
540.584 13 
702.416 13 
596.016 13 
531.524 13 
446.311 13 
466.62 13 
449.925 13 
771.503 13 
388.739 13 
560.534 13 
543.007 13 
462.27 13 
626.741 13 
570.226 13 
480.425 13 
601.823 13 
526.748 13 
414.875 13 
364.882 13 
417.974 13 
723.901 13 
1012.36 13 
454.982 13 
537.088 13 
501.671 13 
453.302 13 
335.308 13 
697.46 13 
519.837 13 
446.618 13 
641.893 13 
521.255 13 
829.704 13 
408.376 13 
625.446 13 
553.633 13 
738.158 13 
546.428 13 
506.377 13 
680.818 13 
526.207 13 
528.109 13 
461.223 13 
523.537 13 
527.09 13 
411.18 13 
492.849 13 
431.916 13 
453.168 13 
362.304 13 
446.437 13 
503.76 13 
496.953 13 
495.293 13 
511.08 13 
591.824 13 
472.041 13 
491.043 13 
419.19 13 
422.295 13 
585.312 13 
429.158 13 
612.556 13 
527.461 13 
754.076 13 
534.247 13 
564.58 13 
445.285 13 
664.199 13 
486.978 13 
555.799 13 
378.616 13 
470.889 13 
415.362 13 
605.795 13 
402.472 13 
852.644 13 
504.638 13 
418.359 13 
421.073 13 
569.692 13 
503.049 13 
467.616 13 
477.11 13 
481.666 13 
541.576 13 
619.467 13 
621.569 13 
235.2 13 
469.446 13 
527.316 13 
768.816 13 
589.827 13 
574.975 13 
596.983 13 
455.573 13 
555.618 13 
927.454 13 
468.17 13 
655.677 13 
661.507 13 
402.67 13 
665.867 13 
462.276 13 
570.4 13 
746.68 13 
551.617 13 
466.29 13 
562.543 13 
599.15 13 
530.643 13 
400.855 13 
627.615 13 
483.232 13 
387.17 13 
643.584 13 
501.763 13 
504.925 13 
541.171 13 
423.596 13 
652.917 13 
505.824 13 
614.594 13 
419.374 13 
