451.376 11 
1109.4 11 
1321.96 11 
491.156 11 
1474.42 11 
1615.24 11 
1383.43 11 
371.08 11 
1310.61 11 
1104 11 
1193.43 11 
1540.59 11 
1009.71 11 
1620.84 11 
953.567 11 
1180.14 11 
1316.74 11 
1223.43 11 
677.092 11 
1100.32 11 
922.013 11 
761.227 11 
1035.22 11 
1088.63 11 
1789.16 11 
1724.34 11 
755.525 11 
767.011 11 
628.324 11 
436.665 11 
1187.2 11 
1361.4 11 
1433.96 11 
933.167 11 
1380.53 11 
1396.79 11 
522.903 11 
657.242 11 
1362.61 11 
1571.28 11 
747.761 11 
1250.16 11 
1358.1 11 
1493.82 11 
1304.89 11 
1456.67 11 
1432.96 11 
1387.58 11 
1325.09 11 
1462.6 11 
1330.06 11 
1043.67 11 
1475.08 11 
1042.82 11 
1513.29 11 
1452.57 11 
398.662 11 
1501.6 11 
772.523 11 
1303.15 11 
1188.88 11 
1602.21 11 
1107.46 11 
1060.02 11 
1362.03 11 
672.759 11 
508.423 11 
1409.48 11 
1536.54 11 
669.818 11 
993.243 11 
622.321 11 
1286.9 11 
1643.98 11 
1547 11 
1460.24 11 
1340.04 11 
922.664 11 
1592.34 11 
1356.51 11 
1023.97 11 
1502.26 11 
1342.17 11 
690.858 11 
1288.72 11 
1374.33 11 
1406.82 11 
1496.08 11 
1703.94 11 
1411.47 11 
1287.49 11 
1602.36 11 
1445.01 11 
887.738 11 
1334.73 11 
1076.62 11 
705.018 11 
1243 11 
897.93 11 
1341.69 11 
1960.41 11 
1355.81 11 
1643.27 11 
934.438 11 
722.688 11 
1317.1 11 
968.86 11 
1293.53 11 
1435.37 11 
1136.25 11 
1021.62 11 
854.595 11 
1373.25 11 
1418.4 11 
1090.88 11 
783.871 11 
992.616 11 
1418.76 11 
1360.12 11 
870.115 11 
643.758 11 
1342.58 11 
665.051 11 
1275.92 11 
1285.05 11 
1694.64 11 
1329.19 11 
1546.06 11 
1448.72 11 
1127.16 11 
803.67 11 
734.85 11 
868.589 11 
839.928 11 
1468.23 11 
494.423 11 
549.962 11 
696.54 11 
1512.92 11 
1496.11 11 
1224.38 11 
1646.27 11 
1566.32 11 
1273.18 11 
1183.85 11 
621.667 11 
1534.94 11 
1500.75 11 
670.851 11 
670.529 11 
1122.78 11 
1357.63 11 
1332.28 11 
727.128 11 
1028.4 11 
1371.74 11 
934.424 11 
1453.2 11 
1494.12 11 
1567.34 11 
1308.01 11 
493.995 11 
1062.92 11 
388.032 11 
548.608 11 
1488.11 11 
1374.49 11 
910.422 11 
1294.28 11 
1397.87 11 
901.281 11 
1428.09 11 
670.507 11 
1037.23 11 
1408.06 11 
1045.15 11 
999.978 11 
1444 11 
1347.54 11 
594.847 11 
1391.21 11 
1325.4 11 
1468.78 11 
1116.16 11 
1364.24 11 
796.58 11 
1275.64 11 
801.147 11 
868.544 11 
1109.51 11 
1313.03 11 
1401.78 11 
1597.99 11 
526.168 11 
1547.08 11 
902.724 11 
1314.81 11 
1440.13 11 
1253.41 11 
1161.54 11 
635.43 11 
1359.66 11 
1024.81 11 
1625.52 11 
1081.43 11 
1468.87 11 
1220.09 11 
492.134 11 
920.66 11 
952.763 11 
1449.27 11 
1260.1 11 
1542.97 11 
935.006 11 
1820.24 11 
1063.92 11 
1358.43 11 
1175.54 11 
1336.47 11 
852.4 11 
817.27 11 
1260.74 11 
917.526 11 
1495.67 11 
870.55 11 
1208.59 11 
1557.4 11 
1392.38 11 
939.764 11 
1279.88 11 
1245.71 11 
1537.79 11 
2925.14 11 
1224.29 11 
1129.15 11 
1222.97 11 
1020.24 11 
1263.66 11 
736.516 11 
1357.77 11 
522.052 11 
1316.69 11 
1190.56 11 
849.669 11 
1022.15 11 
808.737 11 
553.951 11 
940.951 11 
1562.2 11 
1032.16 11 
683.844 11 
1436.06 11 
1456.18 11 
1126.07 11 
1443.36 11 
1535.87 11 
1186.69 11 
732.71 11 
1346.14 11 
1480.11 11 
1324.01 11 
1464.75 11 
1189.09 11 
1342.31 11 
1441.48 11 
1185.37 11 
905.937 11 
660.025 11 
1598.4 11 
1098.48 11 
1558.27 11 
643.801 11 
869.414 11 
1190.56 11 
1288.2 11 
780.92 11 
986.303 11 
1651.3 11 
1435.16 11 
1437.69 11 
1376.91 11 
1391.66 11 
852.35 11 
1407.78 11 
167.184 11 
1170.99 11 
1380.04 11 
931.572 11 
1057.76 11 
1437.03 11 
808.014 11 
1221.31 11 
1787.42 11 
1174.35 11 
631.372 11 
1612.97 11 
1408.7 11 
1213.18 11 
1402.66 11 
1446.76 11 
1065.92 11 
995.364 11 
1295.33 11 
1283.46 11 
967.002 11 
1177.67 11 
591.877 11 
895.226 11 
839.598 11 
1482.01 11 
1126.05 11 
937.214 11 
712.74 11 
1162.1 11 
397.067 11 
1313.16 11 
1464.89 11 
1361.74 11 
1183.21 11 
1180.01 11 
1652.71 11 
1176.87 11 
1493.3 11 
1418.73 11 
1245.41 11 
1128.84 11 
1244.12 11 
1034.1 11 
875.607 11 
1352.93 11 
1018.27 11 
1185.46 11 
1025.05 11 
1253.88 11 
1081.62 11 
996.93 11 
1149.86 11 
724.962 11 
1524.5 11 
1405.91 11 
1310.96 11 
691.949 11 
1257.05 11 
1535.31 11 
1922.82 11 
1361.54 11 
1000.65 11 
1341.28 11 
1448.45 11 
1674.02 11 
1034.8 11 
1448.97 11 
1467.7 11 
1470.54 11 
1481.83 11 
1518.69 11 
839.374 11 
1649.2 11 
1506.21 11 
736.015 11 
1227.35 11 
1157.46 11 
1641.88 11 
1054.86 11 
1145.63 11 
1313.73 11 
556.137 11 
1468.7 11 
1430.91 11 
1422.99 11 
448.191 11 
988.627 11 
1444.86 11 
1500.85 11 
1342.81 11 
1441.13 11 
806.987 11 
1234.67 11 
767.622 11 
792.513 11 
1095.07 11 
1524.66 11 
1094.89 11 
1492.11 11 
1332.11 11 
1603.29 11 
1459.08 11 
1484.51 11 
1422.31 11 
666.945 11 
1418.54 11 
1667.49 11 
1564.03 11 
1331 11 
730.748 11 
1014.82 11 
1405.62 11 
1113.16 11 
621.348 11 
1510.05 11 
1520.97 11 
1275.48 11 
877.097 11 
999.553 11 
1568.47 11 
1558.37 11 
1444.6 11 
1075.55 11 
1441.77 11 
642.817 11 
1705.55 11 
1474.21 11 
1438.45 11 
1538.98 11 
793.783 11 
1575.88 11 
1250.22 11 
1010.22 11 
388.851 11 
1175.75 11 
523.003 11 
1367.15 11 
934.068 11 
1586.44 11 
1288.95 11 
636.995 11 
1454.09 11 
1363.7 11 
662.452 11 
1153.57 11 
1898.53 11 
1319.15 11 
1488.76 11 
1491.14 11 
1433.67 11 
991.692 11 
1132.84 11 
1817.23 11 
435.504 11 
551.452 11 
1024.34 11 
1420.04 11 
1083.03 11 
1000.67 11 
874.693 11 
1431.95 11 
1044.82 11 
1631.08 11 
1358.68 11 
1452.97 11 
1180.65 11 
1445.35 11 
1677.18 11 
587.526 11 
1531.29 11 
1249.58 11 
1097.15 11 
1035.71 11 
1504.58 11 
1183.23 11 
1382.05 11 
1502.93 11 
966.74 11 
1435.12 11 
1721.57 11 
1466.21 11 
1160.27 11 
735.732 11 
1450.59 11 
418.47 11 
1041.57 11 
1246.95 11 
917.839 11 
1444.47 11 
545.855 11 
1088.31 11 
1330.17 11 
1067.54 11 
1698.9 11 
1015.11 11 
549.193 11 
498.969 11 
647.228 11 
1419.36 11 
1216.11 11 
1533.78 11 
1335.23 11 
1166.44 11 
1491.07 11 
854.992 11 
1494.27 11 
486.183 11 
1324.74 11 
1077.43 11 
694.811 11 
806.97 11 
1141.48 11 
1379.87 11 
1606.68 11 
1152.75 11 
952.858 11 
1189.71 11 
1721.5 11 
1375.39 11 
1531.2 11 
1458.8 11 
1272.86 11 
725.822 11 
1300.07 11 
1430.1 11 
1227.74 11 
790.514 11 
1588.86 11 
369.531 11 
1528.56 11 
1522.93 11 
1629.43 11 
987.502 11 
692.316 11 
1361.94 11 
1282.43 11 
879.893 11 
1148.65 11 
1037.08 11 
1154.87 11 
626.041 11 
943.382 11 
1471.28 11 
1311.87 11 
568.917 11 
1647.46 11 
630.545 11 
1453.03 11 
1341.93 11 
1481.21 11 
1481.1 11 
1510.69 11 
1264.43 11 
1347.82 11 
1352.35 11 
1436.82 11 
1440.75 11 
1328.65 11 
1487.08 11 
1681.18 11 
1513.2 11 
1227.75 11 
1334.84 11 
1347.11 11 
1378.78 11 
716.14 11 
741.589 11 
1219.72 11 
1487.36 11 
618.063 11 
1564.55 11 
1571.04 11 
1442.11 11 
1058.03 11 
586.174 11 
1361.39 11 
1223.77 11 
1508.61 11 
716.254 11 
1786.14 11 
1081.78 11 
1273.82 11 
923.419 11 
1109.38 11 
1352.94 11 
1065.66 11 
1373.56 11 
1496.46 11 
437.18 11 
750.274 11 
746.703 11 
644.555 11 
1235.65 11 
1403.77 11 
1253.34 11 
1582.45 11 
901.703 11 
1747.41 11 
747.878 11 
1279.14 11 
1097.24 11 
941.283 11 
1420.49 11 
1088.19 11 
577.848 11 
387.921 11 
1356.77 11 
1210.22 11 
1316.42 11 
1091.12 11 
1439.03 11 
1629.04 11 
859.829 11 
1447.6 11 
1183.88 11 
1061.06 11 
1271.6 11 
1591.86 11 
1293.77 11 
1606.06 11 
1612.5 11 
1402.21 11 
1512.73 11 
1138.33 11 
1441.95 11 
1339.98 11 
1337.06 11 
1467.77 11 
913.221 11 
764.944 11 
1027.85 11 
1232.49 11 
1468.75 11 
591.384 11 
1442.25 11 
1391.34 11 
1058.44 11 
1327.69 11 
925.375 11 
882.677 11 
768.889 11 
1164.04 11 
1268.32 11 
895.84 11 
585.06 11 
1485.52 11 
1334.96 11 
1571.71 11 
778.196 11 
1045.61 11 
1529.72 11 
728.167 11 
1522.38 11 
602.389 11 
1417.7 11 
1417.09 11 
1334.2 11 
471.495 11 
1511.55 11 
1319.92 11 
461.259 11 
1475.66 11 
1063.9 11 
1122.21 11 
1300.85 11 
1327.62 11 
1232.71 11 
996.858 11 
766.848 11 
768.452 11 
1302.65 11 
1384.64 11 
1189.29 11 
1121.77 11 
1272.48 11 
1577.8 11 
615.656 11 
1465.06 11 
856.563 11 
1459.04 11 
988.761 11 
1686.15 11 
1517.54 11 
1257.18 11 
1434.23 11 
1295.39 11 
1461.28 11 
1460.01 11 
1461.85 11 
1667.23 11 
515.318 11 
1138.95 11 
1385.84 11 
1555.27 11 
896.36 11 
1163.17 11 
1024.96 11 
1171.4 11 
607.852 11 
1315.4 11 
1595.68 11 
1529.73 11 
1029.93 11 
1152.04 11 
867.576 11 
692.543 11 
1457.34 11 
1468.33 11 
1400.87 11 
904.961 11 
1585.01 11 
869.103 11 
1345.67 11 
1107.45 11 
1266.99 11 
1453.62 11 
1281.23 11 
1496.61 11 
1500.55 11 
1006.92 11 
1016.31 11 
1720.44 11 
871.014 11 
1020.66 11 
1647.09 11 
1441.32 11 
1356.05 11 
1435.06 11 
1282.12 11 
1390.02 11 
1182.95 11 
446.373 11 
587.659 11 
1420.99 11 
721.475 11 
1494.96 11 
2172.83 11 
774.741 11 
1375.03 11 
1812.8 11 
1586.03 11 
625.888 11 
955.081 11 
1419 11 
507.094 11 
1427.26 11 
1320.08 11 
943.322 11 
1032.88 11 
1318.94 11 
1009.25 11 
1268.26 11 
1279.44 11 
1038.4 11 
617.904 11 
871.235 11 
1379.33 11 
559.287 11 
847.393 11 
1244.19 11 
625.442 11 
841.419 11 
1363.85 11 
1154.14 11 
917.027 11 
1163.78 11 
1088.94 11 
738.769 11 
1125.25 11 
1289.1 11 
1538.08 11 
1432.49 11 
1500.59 11 
1405.48 11 
1357.23 11 
1132.39 11 
1633.4 11 
976.822 11 
713.14 11 
1004.41 11 
1488.59 11 
1426.1 11 
882.242 11 
1344.05 11 
929.849 11 
1512.22 11 
1499.78 11 
1416.9 11 
997.283 11 
487.868 11 
1320.16 11 
1568.2 11 
1238.27 11 
1136.76 11 
1282.15 11 
441.259 11 
725.99 11 
1624.77 11 
1233.22 11 
964.039 11 
1241.68 11 
1442.83 11 
930.59 11 
1143.93 11 
893.127 11 
1401.33 11 
1059.63 11 
1358.51 11 
1373.98 11 
1103.84 11 
1303.21 11 
1648.74 11 
1518.14 11 
1420.04 11 
1232.62 11 
1397.53 11 
1317.35 11 
537.032 11 
1275.19 11 
2015.05 11 
648.633 11 
1397.83 11 
790.196 11 
751.597 11 
643.765 11 
1415.41 11 
1086.06 11 
1470.42 11 
1423.31 11 
1395.72 11 
928.956 11 
1119.19 11 
1554.78 11 
983.436 11 
989.089 11 
1057.67 11 
937.766 11 
447.903 11 
659.629 11 
432.345 11 
332.998 11 
1325.42 11 
1592.43 11 
302.646 11 
928.245 11 
299.233 11 
934.133 11 
516.477 11 
1285.89 11 
1119.62 11 
1107.2 11 
1023.51 11 
1210.66 11 
1524.3 11 
1442.18 11 
1559.43 11 
871.333 11 
684.255 11 
1262.08 11 
552.582 11 
877.289 11 
1194.09 11 
512.548 11 
855.897 11 
1391.87 11 
1454.04 11 
935.045 11 
1532.02 11 
1408.2 11 
1490.62 11 
1074.83 11 
1419.6 11 
1205.53 11 
489.98 11 
1097.41 11 
1016.8 11 
1362.15 11 
1372.7 11 
1344.1 11 
733.703 11 
1325.22 11 
1378.33 11 
1048.17 11 
1541.59 11 
1432.55 11 
665.508 11 
1265.78 11 
967.148 11 
1624.85 11 
896.326 11 
1432.54 11 
707.977 11 
1278.59 11 
1014.17 11 
1347.58 11 
1368.55 11 
1229.9 11 
1123.75 11 
978.212 11 
1253.48 11 
1300.02 11 
807.323 11 
507.194 11 
1395.6 11 
1280.92 11 
1545.07 11 
1440.38 11 
563.459 11 
1490.88 11 
935.546 11 
658.132 11 
1222.9 11 
647.864 11 
1406.94 11 
1538.21 11 
1004.44 11 
807.538 11 
1448.87 11 
736.597 11 
1053.12 11 
1203.52 11 
1199.49 11 
1447.14 11 
1624.48 11 
1289.82 11 
1201.35 11 
1523.8 11 
1386.85 11 
1038.69 11 
1306.69 11 
1100.81 11 
589.339 11 
973.337 11 
1004.25 11 
1209.29 11 
1278.01 11 
1340.91 11 
833.187 11 
1409.88 11 
1577.83 11 
1370.88 11 
1336.7 11 
1052.14 11 
1672.04 11 
989.076 11 
1641.97 11 
1046.61 11 
1491.33 11 
1461.25 11 
1703.27 11 
846.695 11 
1228.88 11 
1293.29 11 
831.984 11 
1028.12 11 
1145.84 11 
591.825 11 
888.721 11 
1639.76 11 
1483.81 11 
745.506 11 
768.821 11 
1501.66 11 
1083.2 11 
1114.19 11 
1383.29 11 
711.321 11 
1396.42 11 
1109.94 11 
1235.94 11 
1293.63 11 
947.716 11 
1475.28 11 
1439.74 11 
846.549 11 
1371.89 11 
1428.58 11 
1789.11 11 
1288.57 11 
1382.52 11 
1575.83 11 
1569.65 11 
1370.65 11 
1277.84 11 
1580.69 11 
793.408 11 
762.965 11 
1507.54 11 
1347.69 11 
1343.66 11 
1423.64 11 
938.855 11 
787.719 11 
1302.9 11 
618.549 11 
1275.03 11 
1019.36 11 
1370.03 11 
1260.36 11 
1174.37 11 
1256.92 11 
1514.56 11 
654.483 11 
1362.85 11 
1015.18 11 
1028.28 11 
1434.01 11 
1271.46 11 
1091.57 11 
1347.57 11 
816.955 11 
698.375 11 
1106.15 11 
1238.81 11 
1418.56 11 
1309.54 11 
1488.19 11 
1260.26 13 
1131.43 13 
1306.04 13 
1453.72 13 
772.659 13 
747.027 13 
1400.8 13 
445.493 13 
1258.77 13 
1445.97 13 
477.841 13 
1073.4 13 
1263.7 13 
1005.24 13 
1228.37 13 
1604.07 13 
1500.31 13 
1631.34 13 
1580.78 13 
1177.27 13 
1122.87 13 
1136.75 13 
2023.88 13 
779.955 13 
1078.58 13 
1233.4 13 
1236.14 13 
1227.07 13 
1337.23 13 
1340.43 13 
1052.13 13 
670.147 13 
1228.25 13 
1493.9 13 
1374.82 13 
1440.17 13 
1330.49 13 
1533.69 13 
1498.43 13 
1197.03 13 
441.656 13 
1066.93 13 
1532.69 13 
1676.49 13 
1706.03 13 
728.481 13 
518.916 13 
1578.49 13 
1546.55 13 
1492.74 13 
356.665 13 
787.141 13 
1086.21 13 
1216.22 13 
1441.99 13 
1474.7 13 
1249.07 13 
1715.74 13 
981.894 13 
1431.31 13 
879.77 13 
1228.79 13 
1479.16 13 
1187.88 13 
1487.75 13 
960.882 13 
1433.37 13 
1483.2 13 
1151.49 13 
1399.63 13 
924.95 13 
1504.6 13 
1239.33 13 
1036.27 13 
1444.05 13 
602.031 13 
1427.53 13 
1015.34 13 
1465.73 13 
1535.4 13 
1240.33 13 
926.942 13 
1930.97 13 
1558.42 13 
1236.98 13 
1284.96 13 
995.702 13 
1489.55 13 
1318.6 13 
1399.19 13 
1517.31 13 
1366.71 13 
759.027 13 
1398.92 13 
1115.79 13 
1554.14 13 
1273.11 13 
1630.35 13 
1342.35 13 
762.233 13 
1185.22 13 
949.652 13 
1415.59 13 
1181.14 13 
1173.86 13 
1131.53 13 
2048.19 13 
1415.48 13 
1395.48 13 
999.954 13 
1470.18 13 
753.243 13 
1612.77 13 
1383.69 13 
1257.86 13 
1115.41 13 
1426.25 13 
1561.83 13 
1379.88 13 
822.298 13 
1334.35 13 
1140.86 13 
633.545 13 
1718.38 13 
1305.97 13 
1281.75 13 
885.803 13 
1438.73 13 
1129.61 13 
1235.44 13 
1250.41 13 
1389 13 
1188.79 13 
1442.84 13 
1200.52 13 
974.412 13 
1489.41 13 
986.477 13 
1394.7 13 
1480.18 13 
1718.31 13 
1051.81 13 
1309.68 13 
1353.71 13 
1118.41 13 
1042.01 13 
1240.36 13 
1168.2 13 
1471.29 13 
1494.48 13 
1376.49 13 
1473.58 13 
1119.52 13 
1580.46 13 
1225.77 13 
1538.55 13 
992.29 13 
1151.37 13 
1174.26 13 
473.848 13 
1516.78 13 
954.857 13 
1023.64 13 
976.45 13 
662.971 13 
1413.48 13 
1235.01 13 
1200.18 13 
1217.63 13 
1513.08 13 
1256.78 13 
921.47 13 
1412.62 13 
621.942 13 
1300.92 13 
1274.17 13 
1220.15 13 
1073.18 13 
1543.69 13 
1529.49 13 
645.224 13 
1009.03 13 
1148.61 13 
901.742 13 
550.794 13 
1257.19 13 
1565.07 13 
887.64 13 
1528.16 13 
1549.27 13 
1496.15 13 
1489.39 13 
613.708 13 
665.209 13 
1418.36 13 
1481.92 13 
1242.57 13 
1268.83 13 
776.69 13 
1390.15 13 
1520.53 13 
1021.54 13 
840.458 13 
1183.51 13 
1107.84 13 
498.543 13 
306.934 13 
1033.49 13 
1290.72 13 
1431.17 13 
1544.75 13 
1433.97 13 
1281.09 13 
1381.2 13 
1244.33 13 
894.368 13 
1442.31 13 
1331.77 13 
1372.24 13 
1644.36 13 
973.266 13 
1020.89 13 
900.983 13 
1424.4 13 
1611.13 13 
1194.32 13 
1790.88 13 
1124.65 13 
853.494 13 
1355.04 13 
1267.16 13 
851.362 13 
770.401 13 
1245.03 13 
674.472 13 
752.15 13 
1444.21 13 
1677.33 13 
1134.62 13 
1453.1 13 
1877.25 13 
1538.83 13 
1572.3 13 
1348.56 13 
1247.16 13 
1482.99 13 
1259.75 13 
1922.51 13 
1492.17 13 
1385.93 13 
1072.06 13 
1466.16 13 
1065.92 13 
1319.2 13 
1334.74 13 
1290.24 13 
1045.65 13 
821.262 13 
1411.48 13 
1510.95 13 
1511.74 13 
1195.62 13 
1501.67 13 
875.372 13 
1744.77 13 
1238.18 13 
1061.74 13 
431.04 13 
1477.74 13 
1508.9 13 
1543.22 13 
1156.77 13 
1461.77 13 
1598.54 13 
1415.51 13 
1373.23 13 
1407.55 13 
763.528 13 
1575.75 13 
1431.18 13 
1001.87 13 
839.044 13 
1376.69 13 
1042.76 13 
965.48 13 
929.406 13 
1108.89 13 
1381.01 13 
1009.33 13 
549.007 13 
1322.07 13 
1000.69 13 
1665.66 13 
914.479 13 
1658.43 13 
1559.27 13 
672.833 13 
1261.21 13 
1552.44 13 
1138.49 13 
1103.75 13 
1375.13 13 
985.436 13 
1345.4 13 
943.12 13 
1548.08 13 
1181.23 13 
952.506 13 
1526.54 13 
1048.86 13 
1210.75 13 
1075.58 13 
1421.14 13 
678.956 13 
1228.03 13 
1537.65 13 
726.214 13 
1391.33 13 
875.308 13 
1119.3 13 
641.259 13 
1494.98 13 
871.482 13 
1507.16 13 
1341.75 13 
353.005 13 
1723.89 13 
1353.81 13 
898.652 13 
1111.14 13 
1273.6 13 
634.298 13 
768.134 13 
1539.98 13 
1583.16 13 
1456.26 13 
808.278 13 
1446.48 13 
978.434 13 
729.146 13 
1368.23 13 
1609.94 13 
902.376 13 
1433.29 13 
1649.03 13 
824.932 13 
379.68 13 
1400.74 13 
628.055 13 
1095.84 13 
1439.66 13 
607.113 13 
1618.52 13 
1692.11 13 
1544.94 13 
1435.25 13 
1141.4 13 
1623.11 13 
1481.09 13 
1492.37 13 
1314.99 13 
1386.99 13 
996.509 13 
1532.74 13 
1340.98 13 
1209.3 13 
1435.92 13 
483.39 13 
839.411 13 
1090.79 13 
919.475 13 
1479.68 13 
1312.17 13 
1179.05 13 
1507.21 13 
608.045 13 
1899.94 13 
373.825 13 
784.93 13 
600.047 13 
2003.17 13 
1148.95 13 
1024 13 
652.567 13 
1099.54 13 
1132.07 13 
1344.4 13 
1256.63 13 
818.69 13 
936.796 13 
547.881 13 
1488.09 13 
667.488 13 
1339.52 13 
1337.71 13 
1404.15 13 
1359.11 13 
814.255 13 
467.6 13 
773.394 13 
1467.74 13 
1150.74 13 
566.325 13 
935.977 13 
1301.31 13 
585.95 13 
1547.42 13 
416.296 13 
1399.16 13 
1212.85 13 
1246.96 13 
1523.79 13 
1572.97 13 
1373 13 
1501.14 13 
1409.7 13 
1354.54 13 
1417.55 13 
961.362 13 
1472.46 13 
707.557 13 
1256.97 13 
1603.37 13 
1293.03 13 
1295.84 13 
1203.83 13 
742.28 13 
1084.58 13 
1458.2 13 
955.657 13 
1185.34 13 
679.07 13 
1287.03 13 
1132.43 13 
1449.43 13 
1160.27 13 
622.739 13 
437.486 13 
728.045 13 
1500.04 13 
1552.16 13 
1030.36 13 
1300.42 13 
818.381 13 
1249.1 13 
1510.78 13 
1197.41 13 
972.159 13 
974.474 13 
1194 13 
1046.66 13 
670.159 13 
1368.44 13 
901.157 13 
1384.59 13 
566.071 13 
1178.13 13 
1133.13 13 
1456.95 13 
980.77 13 
1104.77 13 
1378.77 13 
762.534 13 
1483.88 13 
1419.87 13 
1493.5 13 
1344.55 13 
1166.06 13 
1460.74 13 
1383.84 13 
1339.74 13 
1504.6 13 
989.177 13 
1140.98 13 
1533.17 13 
1451.96 13 
1052.21 13 
1329.23 13 
986.018 13 
1339.52 13 
1248.33 13 
860.452 13 
1553.23 13 
596.042 13 
1368.66 13 
657.31 13 
1504.77 13 
1475.81 13 
1289.29 13 
1080.26 13 
1698.44 13 
1387.26 13 
1027.71 13 
2313.36 13 
1007.82 13 
1644.57 13 
1501.46 13 
607.111 13 
479.871 13 
836.725 13 
1545.1 13 
1150.57 13 
1382.7 13 
1558.59 13 
455.238 13 
434.803 13 
1553.3 13 
963.208 13 
1430.25 13 
680.601 13 
1000.41 13 
1317.9 13 
1563.76 13 
1377.24 13 
1510.22 13 
1450.09 13 
1237.49 13 
1418.11 13 
1127.65 13 
1372.6 13 
1057.63 13 
1534.33 13 
1749.22 13 
1174.34 13 
1515.28 13 
1326.9 13 
485.09 13 
1249.52 13 
807.893 13 
1396.97 13 
704.217 13 
675.867 13 
636.359 13 
1577.79 13 
1160.38 13 
940.294 13 
977.551 13 
826.989 13 
971.416 13 
1416.36 13 
1555.41 13 
1599.3 13 
1483.11 13 
884.496 13 
1563.68 13 
1442.41 13 
1206.55 13 
983.88 13 
1477.83 13 
1352.53 13 
788.716 13 
1161.13 13 
1363.61 13 
1158.04 13 
1597.03 13 
1461.1 13 
1364.13 13 
1716.45 13 
649.547 13 
1679.74 13 
1179.63 13 
563.453 13 
1474.91 13 
1454.8 13 
1491.78 13 
999.711 13 
1228.74 13 
1309.93 13 
1189.86 13 
1718.82 13 
677.031 13 
1507.75 13 
1528.5 13 
1062.47 13 
976.657 13 
1443.61 13 
615.886 13 
1028.34 13 
1371.18 13 
850.128 13 
890.962 13 
1001.29 13 
719.8 13 
1565.06 13 
755.154 13 
1233.18 13 
1527.79 13 
1018.14 13 
1049.83 13 
1263.22 13 
1042.52 13 
917.122 13 
1434.01 13 
1015.61 13 
1272.83 13 
656.846 13 
534.649 13 
1022.85 13 
864.445 13 
1532.65 13 
1259.31 13 
891.072 13 
1309.46 13 
882.798 13 
1344.17 13 
1335.53 13 
1194.72 13 
971.471 13 
666.722 13 
614.479 13 
1442.25 13 
1389.92 13 
1469.83 13 
765.275 13 
1441.04 13 
1329.24 13 
636.03 13 
1204.24 13 
1359.43 13 
1417.08 13 
1493.03 13 
594.413 13 
1394.65 13 
1138.73 13 
1350.4 13 
1198.16 13 
905.334 13 
873.499 13 
1522.97 13 
1534.76 13 
1408.59 13 
1444.84 13 
1019.48 13 
1328.44 13 
999.515 13 
731.007 13 
1383.63 13 
1045.4 13 
365.224 13 
1407.14 13 
1444.92 13 
1594.81 13 
902.985 13 
1475.89 13 
1273.03 13 
1023.66 13 
978.349 13 
663.647 13 
1235.14 13 
1210.64 13 
1464.8 13 
1429.98 13 
846.202 13 
598.397 13 
788.901 13 
1495.21 13 
1162.43 13 
1212.42 13 
1410.25 13 
817.505 13 
1475 13 
854.455 13 
1437.34 13 
1417.96 13 
542.723 13 
665.487 13 
510.582 13 
1446.86 13 
665.847 13 
1473.61 13 
1221.35 13 
1204.24 13 
1087.44 13 
1335.87 13 
1242.55 13 
797.714 13 
1332.76 13 
1354.36 13 
1379.98 13 
1448.4 13 
1209.5 13 
1584.45 13 
1601.51 13 
1646.55 13 
1978.63 13 
1161.69 13 
1307.07 13 
1365.5 13 
1263.62 13 
1525.33 13 
1385.98 13 
572.118 13 
839.043 13 
1345.65 13 
1378 13 
672.743 13 
840.685 13 
1262.04 13 
876.001 13 
667.315 13 
2022.72 13 
1388.4 13 
781.628 13 
1278.3 13 
1482.14 13 
1405.52 13 
1121.46 13 
1347.86 13 
1304.23 13 
381.179 13 
1328.99 13 
1370.14 13 
2046.59 13 
1282.67 13 
1411.22 13 
1460.66 13 
906.573 13 
1087.71 13 
1258.9 13 
1269.37 13 
586.341 13 
450.761 13 
954.039 13 
770.718 13 
768.277 13 
1687.21 13 
1290.83 13 
1433.41 13 
1276.64 13 
1008.88 13 
1348.26 13 
868.462 13 
1458.7 13 
1269.35 13 
1526.2 13 
1423.41 13 
646.698 13 
1280.9 13 
807.906 13 
1292.36 13 
1382.11 13 
649.836 13 
626.572 13 
838.008 13 
1215.4 13 
1397.51 13 
731.188 13 
956.574 13 
590.017 13 
1237.72 13 
1453.54 13 
1654.58 13 
631.487 13 
1362.79 13 
1224.44 13 
1349.7 13 
1474.89 13 
1427.92 13 
530.071 13 
1019.99 13 
696.973 13 
1421.68 13 
963.573 13 
635.373 13 
1421.16 13 
781.722 13 
891.791 13 
1490.78 13 
1346.59 13 
879.274 13 
787.496 13 
1188.56 13 
878.676 13 
970.605 13 
973.996 13 
1638.89 13 
820.792 13 
1459.37 13 
635.46 13 
972.612 13 
1155.23 13 
1495.95 13 
725.028 13 
669.583 13 
1299.52 13 
1109.51 13 
794.118 13 
1502.91 13 
1198.72 13 
1478.76 13 
1324.75 13 
748.881 13 
876.553 13 
1495.21 13 
1352.08 13 
1262.14 13 
1347.77 13 
1560.27 13 
1159.3 13 
1413.64 13 
488.296 13 
993.436 13 
1485.34 13 
1889.49 13 
1572.13 13 
786.017 13 
762.191 13 
1435.99 13 
1446.05 13 
1615.98 13 
1277.38 13 
1133.39 13 
1404.49 13 
1589.4 13 
1000.11 13 
1372.51 13 
1521.75 13 
1271.82 13 
1552.29 13 
1828.03 13 
1155.06 13 
1468.39 13 
1260.64 13 
1819.4 13 
376.094 13 
1319.49 13 
1120.15 13 
1038.37 13 
335.288 13 
1595.19 13 
1429.07 13 
1452.26 13 
1501.6 13 
1213.08 13 
789.512 13 
1094.52 13 
1418.73 13 
1353.44 13 
1487.11 13 
796.848 13 
1143.24 13 
1513.18 13 
590.9 13 
1215.44 13 
1497.72 13 
1396.5 13 
445.192 13 
1453.08 13 
1510.12 13 
1315.93 13 
1219.89 13 
1444.39 13 
1306.84 13 
704.816 13 
726.065 13 
1286.36 13 
852.645 13 
1048.82 13 
820.315 13 
1371.33 13 
565.384 13 
497.549 13 
1427.46 13 
912.919 13 
1498.01 13 
550.565 13 
756.97 13 
827.171 13 
1259.49 13 
804.658 13 
1014.5 13 
1324.47 13 
1554.44 13 
788.65 13 
1397.99 13 
1211.14 13 
1477.31 13 
1330.84 13 
1323.14 13 
768.966 13 
1295.48 13 
791.961 13 
1244.3 13 
1200.7 13 
961.974 13 
1402.52 13 
1132.03 13 
1502.69 13 
988.588 13 
1227.06 13 
693.554 13 
1420.01 13 
1348.23 13 
1284.67 13 
1790.2 13 
1265.55 13 
1324.04 13 
1387.2 13 
1204.79 13 
1240.23 13 
941.166 13 
1102.98 13 
875.438 13 
1813.76 13 
729.114 13 
1072.58 13 
1232.09 13 
1756.72 13 
1373.63 13 
1177.66 13 
638.786 13 
574.25 13 
1768.17 13 
1397.74 13 
1256.4 13 
721.287 13 
886.695 13 
863.809 13 
787.576 13 
707.79 13 
534.501 13 
1524.28 13 
1707.53 13 
1131.45 13 
1420.35 13 
680.918 13 
1283.84 13 
1351.23 13 
1505.71 13 
1543.76 13 
744.056 13 
1620.85 13 
1259.56 13 
978.937 13 
1520.58 13 
895.188 13 
1648.65 13 
1357.02 13 
1571.03 13 
1625.22 13 
1932.39 13 
873.419 13 
1090.24 13 
1652.07 13 
846.041 13 
1475.17 13 
1180.96 13 
1393.06 13 
1693.19 13 
1339.64 13 
629.579 13 
1491.46 13 
553.688 13 
1288.66 13 
1676.9 13 
1027.16 13 
1078.29 13 
1486.41 13 
915.172 13 
1236.7 13 
1472.08 13 
514.188 13 
1052.8 13 
836.75 13 
1406.75 13 
1535.76 13 
1270.31 13 
1216.35 13 
1120.57 13 
1101.69 13 
723.504 13 
648.564 13 
488.044 13 
393.55 13 
740.043 13 
1450.46 13 
923.637 13 
1562.82 13 
1484.45 13 
1405.13 13 
1336.42 13 
1149.17 13 
788.839 13 
1161.86 13 
1546.76 13 
1037.09 13 
1470.9 13 
1122.99 13 
1059.65 13 
669.507 13 
1049.83 13 
1326.72 13 
1631.38 13 
1182.6 13 
951.404 13 
1675.12 13 
871.084 13 
926.203 13 
1311.31 13 
1014.01 13 
1378.23 13 
1291.13 13 
1204.11 13 
953.691 13 
851.385 13 
1212.02 13 
1492.41 13 
1202.38 13 
1240.31 13 
1574.74 13 
581.39 13 
593.928 13 
1184.84 13 
1042.86 13 
1232.88 13 
1391.13 13 
1378.88 13 
917.121 13 
982.082 13 
1012.34 13 
1323.13 13 
1677.16 13 
1460.15 13 
1111.29 13 
1838.06 13 
985.84 13 
584.977 13 
1437.52 13 
1540.78 13 
654.057 13 
1274.46 13 
1008.63 13 
1410.8 13 
1015.3 13 
1278.92 13 
1166.72 13 
687.314 13 
1349.28 13 
789.076 13 
1440.23 13 
1594.06 13 
1450.36 13 
1232.57 13 
554.587 13 
581.105 13 
1471.78 13 
774.917 13 
1244.83 13 
1547.5 13 
695.357 13 
1345.41 13 
785.428 13 
1101.15 13 
1281.11 13 
1232.4 13 
827.222 13 
1501.93 13 
693.161 13 
1271.08 13 
1240.89 13 
1555.01 13 
1345.94 13 
1037.15 13 
630.121 13 
929.146 13 
1251.08 13 
650.544 13 
1288.24 13 
1113.72 13 
571.366 13 
501.536 13 
1134.65 13 
1490.68 13 
1046.99 13 
885.146 13 
1001.69 13 
1436.88 13 
590.378 13 
1358.41 13 
1277.42 13 
1307.69 13 
1348.63 13 
1503.05 13 
632.566 13 
962.047 13 
1046.68 13 
1234.08 13 
1309.99 13 
1480.49 13 
1351.8 13 
849.77 13 
608.117 13 
1423.35 13 
1434.04 13 
1460.11 13 
1491.2 13 
516.454 13 
733.672 13 
1619.92 13 
760.767 13 
1443.84 13 
1419.68 13 
431.062 13 
1496.68 13 
1218.99 13 
453.515 13 
1380.19 13 
1475.97 13 
1342.7 13 
1176.16 13 
1274.55 13 
1462.97 13 
1078.72 13 
1816.53 13 
1341.66 13 
1142.55 13 
1310.91 13 
1293.79 13 
1166.03 13 
1225.42 13 
1458.15 13 
1341.07 13 
1197.45 13 
1611.16 13 
1304.95 13 
1003.49 13 
1552.66 13 
1399.53 13 
1377.63 13 
1477.78 13 
536.89 13 
877.76 13 
1707.35 13 
1042.8 13 
1410.5 13 
1528.53 13 
1424.53 13 
1197.46 13 
1026.4 13 
1372.79 13 
1055.98 13 
1524.08 13 
681.237 13 
1124.31 13 
1544.43 13 
929.016 13 
1414.08 13 
907.572 13 
868.209 13 
1657.94 13 
1161.07 13 
664.937 13 
1298 13 
1126.94 13 
1304.94 13 
1321.53 13 
1415.69 13 
1354.4 13 
813.638 13 
773.598 13 
1150.49 13 
1064.29 13 
1075.89 13 
1357.4 13 
903.266 13 
1009.79 13 
525.524 13 
1168.97 13 
1420.42 13 
560.687 13 
968.628 13 
1022.12 13 
1347.8 13 
1508.69 13 
1494.55 13 
1126.16 13 
1087.32 13 
1445.85 13 
1013.69 13 
470.959 13 
1023.3 13 
1112.22 13 
1409.72 13 
1074.12 13 
1342.79 13 
662.998 13 
1207.97 13 
1331.9 13 
826.427 13 
1728.44 13 
1528.5 13 
1109.65 13 
1322.2 13 
673.37 13 
1341.24 13 
1360.22 13 
827.127 13 
737.477 13 
1221.86 13 
1033.07 13 
752.44 13 
799.463 13 
1338.01 13 
1404.67 13 
1367.15 13 
1547.72 13 
1065.65 13 
687.964 13 
691.069 13 
1181.3 13 
1533.35 13 
1421.49 13 
1471.32 13 
1038.94 13 
779.64 13 
1113.52 13 
893.236 13 
865.147 13 
1493.07 13 
714.471 13 
1385.87 13 
1214.88 13 
1420.31 13 
979.637 13 
1277.1 13 
1612.78 13 
791.005 13 
1247.94 13 
1272.94 13 
1619.29 13 
1337.79 13 
1316.13 13 
451.368 13 
1009.95 13 
354.946 13 
798.736 13 
1402.78 13 
1269.55 13 
1663.47 13 
1105.1 13 
1391.09 13 
1539.38 13 
1446.85 13 
642.28 13 
1394.89 13 
1012.03 13 
1006.43 13 
