901.486 11 
898.162 11 
668.587 11 
825.32 11 
890.379 11 
759.82 11 
1246.37 11 
956.183 11 
1236.11 11 
850.04 11 
811.064 11 
648.614 11 
842.016 11 
874.111 11 
533.857 11 
1384.1 11 
524.389 11 
955.6 11 
836.353 11 
1036.05 11 
923.593 11 
1025.96 11 
905.527 11 
810.956 11 
755.162 11 
963.937 11 
505.462 11 
1007.88 11 
336.604 11 
950.482 11 
950.223 11 
780.176 11 
956.921 11 
530.54 11 
538.284 11 
858.066 11 
982.628 11 
956.772 11 
914.919 11 
892.93 11 
1047.06 11 
585.132 11 
990.683 11 
713.988 11 
1034.61 11 
756.596 11 
721.975 11 
947.393 11 
956.204 11 
1090.43 11 
953.456 11 
713.19 11 
763.281 11 
773.357 11 
473.63 11 
510.111 11 
866.14 11 
699.547 11 
781.158 11 
1036.1 11 
726.426 11 
754.515 11 
451.777 11 
978.928 11 
599.508 11 
875.569 11 
1139.08 11 
1035.66 11 
1099.01 11 
658.488 11 
862.191 11 
867.21 11 
1079.39 11 
1002.84 11 
1052.29 11 
1028.8 11 
615.73 11 
409.918 11 
1014.23 11 
890.526 11 
769.556 11 
685.117 11 
883.241 11 
888.583 11 
1123.71 11 
1077.41 11 
610.131 11 
529.977 11 
647.454 11 
968.64 11 
1049.99 11 
1001.59 11 
605.673 11 
1570.33 11 
771.641 11 
926.911 11 
905.558 11 
963.875 11 
423.872 11 
890.381 11 
1397.96 11 
601.021 11 
1144.8 11 
699.662 11 
891.668 11 
1159.57 11 
951.696 11 
935.7 11 
913.295 11 
772.446 11 
789.575 11 
987.163 11 
835.52 11 
719.352 11 
838.391 11 
552.803 11 
1302.61 11 
801.334 11 
827.31 11 
1086.16 11 
727.808 11 
1113.22 11 
1093.42 11 
1067.95 11 
955.678 11 
1153.84 11 
873.967 11 
927.081 11 
705.465 11 
901.505 11 
636.576 11 
817.97 11 
834.485 11 
680.805 11 
495.687 11 
1287.66 11 
890.126 11 
451.926 11 
893.74 11 
1072.54 11 
568.143 11 
903.303 11 
973.969 11 
592.697 11 
807.734 11 
1042.35 11 
439.579 11 
897.235 11 
696.458 11 
1061.65 11 
1166.01 11 
1063.01 11 
763.224 11 
777.803 11 
756.182 11 
1096.32 11 
1188.61 11 
1008.18 11 
745.989 11 
1017.34 11 
823.828 11 
1025.23 11 
1166.69 11 
411.294 11 
1009.92 11 
929.75 11 
796.169 11 
780.732 11 
861.377 11 
1058.43 11 
842.775 11 
967.021 11 
822.253 11 
807.964 11 
948.584 11 
828.17 11 
948.089 11 
1038.7 11 
1060.04 11 
1062.26 11 
926.692 11 
1064.95 11 
1125.57 11 
1005.35 11 
671.039 11 
1363.82 11 
866.466 11 
850.252 11 
945.629 11 
763.594 11 
789.954 11 
881.928 11 
700.503 11 
854.624 11 
790.288 11 
883.018 11 
944.523 11 
552.022 11 
907.074 11 
848.422 11 
1050.08 11 
886 11 
841.761 11 
627.899 11 
969.092 11 
971.868 11 
613.644 11 
1209.96 11 
1248.61 11 
944.68 11 
930.863 11 
732.675 11 
744.396 11 
740.338 11 
819.494 11 
972.575 11 
923.39 11 
964.737 11 
941.326 11 
623.091 11 
878.885 11 
794.083 11 
874.448 11 
1283 11 
903.47 11 
1006.69 11 
901.548 11 
514.264 11 
943.615 11 
1008.35 11 
733.304 11 
561.597 11 
857.249 11 
740.708 11 
969.593 11 
837.211 11 
880.061 11 
982.044 11 
899.427 11 
760.355 11 
1167.86 11 
1158.75 11 
1106.76 11 
1006.16 11 
1050.47 11 
985.484 11 
1034.94 11 
1168.12 11 
777.858 11 
1044.06 11 
1161.23 11 
916.094 13 
1157.15 13 
831.557 13 
984.937 13 
1068.95 13 
1044.84 13 
940.24 13 
673.74 13 
954.423 13 
1006.71 13 
1126.52 13 
830.137 13 
942.75 13 
792.94 13 
562.259 13 
826.257 13 
846.384 13 
1006.49 13 
956.537 13 
938.978 13 
746.805 13 
596.294 13 
893.813 13 
1108.31 13 
664.89 13 
928.15 13 
873.79 13 
1034.68 13 
996.786 13 
561.937 13 
975.493 13 
432.088 13 
893.57 13 
853.232 13 
707.933 13 
753.375 13 
458.534 13 
641.718 13 
907.274 13 
946.641 13 
953.667 13 
975.064 13 
787.87 13 
816.82 13 
1064.66 13 
879.57 13 
1319.57 13 
853.766 13 
1098.25 13 
1134.61 13 
1038.45 13 
648.057 13 
830.919 13 
1048.28 13 
601.96 13 
726.408 13 
927.974 13 
1008.11 13 
894.429 13 
1148.67 13 
783.638 13 
693.223 13 
1137.71 13 
1623.33 13 
657.334 13 
917.57 13 
971.75 13 
1072.11 13 
743.859 13 
959.954 13 
899.673 13 
798.057 13 
1102.76 13 
883.989 13 
851.826 13 
882.237 13 
888.553 13 
737.36 13 
660.824 13 
820.996 13 
960.862 13 
951.875 13 
927.821 13 
879.632 13 
992.845 13 
967.015 13 
760.484 13 
1107.02 13 
902.824 13 
848.401 13 
399.087 13 
940.035 13 
919.628 13 
933.658 13 
654.636 13 
550.462 13 
907.379 13 
1203.51 13 
924.594 13 
673.259 13 
1036.52 13 
761.21 13 
1033.01 13 
1066.48 13 
1485.36 13 
483.608 13 
420.076 13 
598.401 13 
868.5 13 
1035.24 13 
1062.99 13 
1092.42 13 
953.694 13 
552.325 13 
1077.82 13 
1059.52 13 
1378.32 13 
991.392 13 
937.077 13 
905.015 13 
1087.02 13 
696.943 13 
924.846 13 
692.357 13 
1014.34 13 
862.355 13 
774.552 13 
859.466 13 
829.082 13 
780.513 13 
689.977 13 
890.93 13 
658.352 13 
603.892 13 
812.973 13 
638.984 13 
843.599 13 
1048.34 13 
772.455 13 
658.198 13 
934.502 13 
1063.62 13 
1009.68 13 
1000.32 13 
955.217 13 
980.473 13 
745.461 13 
1059.45 13 
1165.45 13 
1002.98 13 
1022.22 13 
957.123 13 
764.026 13 
884.702 13 
693.572 13 
638.252 13 
880.37 13 
948.478 13 
919.188 13 
956.554 13 
533.272 13 
974.424 13 
742.904 13 
1040.85 13 
865.058 13 
1106.52 13 
1086.94 13 
969.957 13 
972.537 13 
511.801 13 
905.281 13 
917.903 13 
960.334 13 
922.664 13 
751.926 13 
1030.43 13 
555.114 13 
858.581 13 
1165.26 13 
1208.23 13 
694.457 13 
997.626 13 
1025.83 13 
1103.17 13 
802.039 13 
954.148 13 
986.77 13 
671.435 13 
932.908 13 
736.565 13 
992.93 13 
795.868 13 
965.74 13 
1176.28 13 
887.306 13 
902.856 13 
800.944 13 
805.243 13 
550.729 13 
980.474 13 
1082.34 13 
1127.69 13 
757.379 13 
1063.69 13 
949.94 13 
988.344 13 
782.137 13 
901.093 13 
985.269 13 
1072.78 13 
889.634 13 
867.4 13 
929.349 13 
558.07 13 
920.185 13 
997.239 13 
619.228 13 
756.372 13 
979.65 13 
803.795 13 
900.487 13 
968.891 13 
1407.03 13 
786.045 13 
994.506 13 
923.226 13 
1099.77 13 
1084.72 13 
611.445 13 
946.522 13 
735.13 13 
1040.35 13 
883.142 13 
1202.15 13 
1141.76 13 
854.043 13 
1013.47 13 
957.561 13 
787.475 13 
872.592 13 
758.611 13 
853.492 13 
653.837 13 
991.004 13 
919.789 13 
765.519 13 
715.002 13 
883.757 13 
829.311 13 
559.393 13 
1093.07 13 
560.248 13 
827.564 13 
947.626 13 
739.758 13 
828.856 13 
1076.3 13 
687.93 13 
888.776 13 
978.777 13 
716.88 13 
1008.14 13 
955.273 13 
1016.03 13 
559.632 13 
914.787 13 
705.103 13 
1054.19 13 
989.839 13 
