918.557 11 
684.258 11 
1353.06 11 
1176.76 11 
1104.87 11 
1259.34 11 
1219.89 11 
847.81 11 
1061.4 11 
1247.42 11 
824.55 11 
963.21 11 
855.062 11 
1133.26 11 
1145.75 11 
1086.87 11 
1412.83 11 
1326.51 11 
306.535 11 
1037.65 11 
1239.36 11 
1228.15 11 
1102.57 11 
1150.13 11 
898.979 11 
1228.86 11 
1301.54 11 
1043.77 11 
1257.08 11 
1285.47 11 
1190.28 11 
1139.5 11 
1169.31 11 
1287.22 11 
907.612 11 
1456.68 11 
1270.08 11 
1217.61 11 
1218.82 11 
729.993 11 
1195.35 11 
1201.27 11 
1163.16 11 
963.875 11 
1251.78 11 
1313.83 11 
759.251 11 
1064.43 11 
1306.21 11 
405.188 11 
1248.63 11 
571.461 11 
471.823 11 
1260.76 11 
1259.8 11 
931.795 11 
1270.58 11 
801.592 11 
947.944 11 
1327.11 11 
448.978 11 
821.671 11 
1229.53 11 
1274.6 11 
1063.44 11 
1392.54 11 
1054.32 11 
1292.87 11 
1018.61 11 
1174.14 11 
728.91 11 
728.599 11 
970.5 11 
649.073 11 
469.323 11 
582.168 11 
981.976 11 
1380.07 11 
1191.94 11 
1346.09 11 
687.263 11 
1214.47 11 
1294.62 11 
830.42 11 
1192.96 11 
646.764 11 
454.526 11 
1195.86 11 
926.354 11 
1302.97 11 
782.992 11 
693.887 11 
1164.29 11 
651.419 11 
1100.04 11 
1465.19 11 
576.419 11 
673.742 11 
802.713 11 
1358.22 11 
1230.56 11 
1216.59 11 
1135.1 11 
540.062 11 
894.341 11 
1333.3 11 
984.779 11 
940.371 11 
997.946 11 
505.478 11 
1305.99 11 
1314.32 11 
906.429 11 
1105.34 11 
852.182 11 
1073.3 11 
1311.43 11 
847.921 11 
1499.32 11 
362.489 11 
1126.65 11 
867.057 11 
1074.42 11 
1546.58 11 
1393.49 11 
1059.38 11 
1162.59 11 
626.795 11 
1351.39 11 
246.208 11 
634.372 11 
600.781 11 
1352.54 11 
1177.26 11 
545.085 11 
1658 11 
1033.77 11 
626.13 11 
1636.17 11 
1064.12 11 
1032.39 11 
1082.88 11 
921.257 11 
1211 11 
696.343 11 
755.166 11 
580.914 11 
1171.05 11 
1059.05 11 
1078.98 11 
1130.54 11 
893.274 11 
1225.34 11 
846.082 11 
1129.86 11 
686.236 11 
1152.49 11 
1005.74 11 
908.792 11 
460.379 11 
1276.47 11 
573.352 11 
459.472 11 
633.236 11 
1220.18 11 
1311.18 11 
774.44 11 
1119.65 11 
1191.33 11 
1150.92 11 
1404.95 11 
1116.79 11 
1309.9 11 
956.892 11 
713.277 11 
1293.53 11 
1293.54 11 
1030.87 11 
970.558 11 
727.545 11 
1222.74 11 
1017.54 11 
1172.74 11 
957.252 11 
1033.52 11 
1227.8 11 
1212.31 11 
646.97 11 
1465.18 11 
462.504 11 
702.397 11 
1252.56 11 
1007.85 11 
1085.82 11 
1069.57 11 
1307.61 11 
1298.03 11 
910.969 11 
722.523 11 
746.197 11 
1471.19 11 
1570.53 11 
1345.15 11 
1291.15 11 
637.379 11 
989.331 11 
1356.92 11 
1293.18 11 
1019.76 11 
602.403 11 
1347.28 11 
1173.46 11 
1048.79 11 
1275.85 11 
1034.3 11 
645.381 11 
1086.81 11 
1140.19 11 
830.866 11 
1157.46 11 
1246.85 11 
793.763 11 
838.228 11 
1428.79 11 
970.831 11 
1125.03 11 
1084.79 11 
1379.54 11 
1199.47 11 
711.805 11 
1285.9 11 
950.42 11 
1344.79 11 
1098.23 11 
1189.28 11 
784.454 11 
632.489 11 
1221.26 11 
623.902 11 
1071.83 11 
1238.03 11 
942.899 11 
849.034 11 
1071.38 11 
1293.11 11 
549.94 11 
1132.96 11 
991.011 11 
574.616 11 
724.56 11 
1340.44 11 
1016.16 11 
1231.91 11 
686.596 11 
713.521 11 
1207.22 11 
504.238 11 
1251.97 11 
855.918 11 
1350.4 11 
1313.41 11 
1232.02 11 
1286.23 11 
1148.69 11 
1221.22 11 
1123.94 11 
1366.68 11 
540.549 11 
805.928 11 
1103.74 11 
1170.77 11 
1310.05 11 
700.417 11 
899.119 11 
1297.13 11 
1436.1 11 
1248.27 11 
1443.23 11 
696.349 11 
676.654 11 
712.546 11 
921.472 11 
789.845 11 
1239.05 11 
447.894 11 
989.897 11 
628.764 11 
1195.72 11 
1161.77 11 
1270 11 
1256.93 11 
1451.41 11 
954.874 11 
1256.73 11 
1211.51 11 
1317.39 11 
1018.76 11 
1331.52 11 
651.144 11 
1334.31 11 
1261.84 11 
1182.17 11 
1413.04 11 
1145.34 11 
1257.07 11 
637.277 11 
1263.89 11 
918.984 11 
765.649 11 
1286.43 11 
1306.63 11 
665.716 11 
895.423 11 
957.555 11 
1044.67 11 
1239.45 11 
611.778 11 
864.559 11 
1027.2 11 
1099.63 11 
983.169 11 
1283.44 11 
556.621 11 
977.616 11 
1337.06 11 
611.343 11 
786.105 11 
793.287 11 
1029.54 11 
571.033 11 
1054.08 11 
1145.72 11 
1111.72 11 
1142.27 11 
1178.91 11 
682.657 11 
1172.97 11 
1030.69 11 
843.481 11 
1241.21 11 
1072.14 11 
1194 11 
1012.99 11 
998.98 11 
558.117 11 
981.524 11 
698.963 11 
1206.76 11 
910.413 11 
1017.04 11 
1363.97 11 
984.619 11 
969.942 11 
1026.65 11 
1174.9 11 
955.808 11 
1129.43 11 
1446 11 
744.698 11 
1151.92 11 
1790.89 11 
897.11 11 
755.81 11 
861.144 11 
1105.23 11 
911.746 11 
981.894 11 
1170.67 11 
1174.34 11 
979.319 11 
729.044 11 
1259.5 11 
987.368 11 
1262.97 11 
930.368 11 
1251.81 11 
1194.54 11 
1240.08 11 
1158.05 11 
1060.36 11 
1275.34 11 
998.053 11 
1284.17 11 
527.827 11 
1047.53 11 
868.79 11 
978.864 11 
448.875 11 
1295.5 11 
1040.1 11 
1392.19 11 
1190.66 11 
519.862 11 
992.97 11 
852.314 11 
561.136 11 
1081.92 11 
1202.65 11 
988.918 11 
359.413 11 
1225.37 11 
1293.39 11 
1342.13 11 
1137.14 11 
1220.41 11 
1227.19 11 
1099.71 11 
549.048 11 
1302.8 11 
1117.04 11 
1392.79 11 
1151.23 11 
948.453 11 
751.28 11 
632.243 11 
296.028 11 
972.063 11 
1237.42 11 
1201.37 11 
1086.66 11 
1453.4 11 
981.442 11 
1262.04 11 
695.67 11 
1179.07 11 
1301.55 11 
1191.74 11 
1072.73 11 
1241.77 11 
1259.54 11 
1027.83 11 
1298.1 11 
1025.46 11 
1019.35 11 
1251.85 11 
840.06 11 
904.378 11 
1251.76 11 
578.228 11 
1121.81 11 
1079.85 11 
1181.54 11 
1217.18 11 
831.225 11 
405.175 11 
1023.15 11 
1226.21 11 
1110.02 11 
1099.16 11 
1299.96 11 
1326.8 11 
1263 11 
1092.62 11 
819.094 11 
1232.84 11 
1133.11 11 
550.457 11 
1343.21 11 
1215.92 11 
1304.53 11 
1296.6 11 
1269.45 11 
511.44 11 
1294.03 11 
1301.77 11 
717.573 11 
902.83 11 
660.855 11 
1217.18 11 
559.233 11 
1139.91 11 
1360.08 11 
1435.51 11 
806.051 11 
575.043 11 
1168.22 11 
1428.65 11 
516.54 11 
1210.07 11 
513.751 11 
1080.75 11 
984.45 11 
984.488 11 
1146.71 11 
835.838 11 
1105.55 11 
1324.86 11 
1218.14 11 
649.761 11 
962.863 11 
518.26 11 
653.158 11 
627.342 11 
480.581 11 
1327.97 11 
610 11 
951.892 11 
913.548 11 
765.549 11 
1391.88 11 
661.707 11 
593.899 11 
1057 11 
1032.01 11 
1246.7 11 
993.306 11 
441.469 11 
1191.41 11 
1388.04 11 
1254.71 11 
1205.84 11 
658.896 11 
749.183 11 
946.175 11 
996.305 11 
1110.99 11 
1212.46 11 
767.522 11 
1338.57 11 
1237.74 11 
1207.14 11 
986.21 11 
1003.58 11 
984.606 11 
654.97 11 
993.736 11 
1241.31 11 
872.578 11 
881.076 11 
1087.71 11 
1123.68 11 
746.005 11 
1265.7 11 
1196.97 11 
901.451 11 
823.305 11 
1167.58 11 
1087.96 11 
1209.44 11 
1320.48 11 
1183.75 11 
1307.98 11 
1258.23 11 
905.319 11 
1149.21 11 
1155.02 11 
1135.43 11 
1019.93 11 
1135.97 11 
1058.63 11 
1281.77 11 
1469.64 11 
945.339 11 
597.688 11 
1139.54 11 
600.103 11 
384.709 11 
1533.52 11 
1292.58 11 
1108.22 11 
746.878 11 
1141.96 11 
1152.15 11 
780.03 11 
1010.49 11 
1202.6 11 
1140.19 11 
1199.76 11 
1129.24 11 
1116.86 11 
1067.24 11 
862.939 11 
778.491 11 
694.251 11 
918.404 11 
1148.87 11 
1223.1 11 
1334.84 11 
841.751 11 
1008.84 11 
879.905 11 
707.766 11 
536.098 11 
1254.22 11 
1067.39 11 
1140.5 11 
1042.61 11 
1196.91 11 
1196.64 11 
968.906 11 
818.676 11 
1223.07 11 
968.895 11 
932.226 11 
1242.36 11 
805.296 11 
1172.31 11 
1470.35 11 
508.895 11 
1165.56 11 
1295.97 11 
961.234 11 
560.196 11 
1374.71 11 
712.269 11 
1359.2 11 
1277.39 11 
976.514 11 
813.735 11 
923.019 11 
910.288 11 
1244.71 11 
1125.24 11 
1089.59 11 
937.481 11 
1115.52 11 
1064.38 11 
1272.75 11 
1210.33 11 
1016.57 11 
1162.05 11 
479.836 11 
1113.45 11 
981.867 11 
1209.27 11 
414.048 11 
337.261 11 
1213.87 11 
1106.26 11 
1230.21 11 
1218.87 11 
985.68 11 
872.321 11 
1003.95 11 
1365.29 11 
1062.32 11 
1293.76 11 
949.576 11 
1130.76 11 
1150.46 11 
842.508 11 
1071.34 11 
968.932 11 
802.496 11 
1124.81 11 
846.719 11 
665.299 11 
1304.08 11 
600.672 11 
533.068 11 
945.011 11 
1064.22 11 
1302.59 11 
1423.05 11 
1242.19 11 
1110.62 11 
1087.2 11 
1316.48 11 
786.812 11 
871.554 11 
1137.91 11 
993.852 11 
1262.85 11 
1303.39 11 
770.428 11 
1211.85 11 
893.028 11 
949.899 11 
1298.68 11 
1111.79 11 
1198.52 11 
1309.12 11 
1107.8 11 
693.96 11 
1166.63 11 
1304.19 11 
893.672 11 
1100.57 11 
804.029 11 
999.271 11 
1338.1 11 
947.544 11 
671.994 11 
1290.08 11 
1052.39 11 
1082.07 11 
1240.48 11 
574.356 11 
1308.56 11 
1198.54 11 
1024.06 11 
1304.26 11 
1089.3 11 
1423.87 11 
1059.15 11 
660.745 11 
1209.69 11 
1250.83 11 
1524.25 11 
1594.58 11 
863.642 11 
1437.95 11 
1155.56 11 
900.427 11 
1310.46 11 
1131.05 11 
1283.11 11 
1169.37 11 
621.341 11 
1192.49 11 
1000.47 11 
879.861 11 
699.54 11 
1233.19 11 
850.476 11 
1179.05 11 
628.896 11 
1297.64 11 
1201.05 11 
1077.05 11 
1293.26 11 
947.072 11 
1131.31 11 
1217.9 11 
1223.48 11 
859.993 11 
493.393 11 
620.552 11 
704.601 11 
922.713 11 
791.034 11 
1025.56 11 
830.468 11 
1151.6 11 
776.478 11 
1122.16 11 
430.583 11 
915.714 11 
989.297 11 
463.995 11 
762.198 11 
1240.8 11 
1173.57 11 
1362.58 11 
879.399 11 
1348.09 11 
1316.57 11 
987.038 11 
1204.76 11 
942.831 11 
609.462 11 
1248.97 11 
1154.47 11 
990.649 11 
859.554 11 
1073.65 11 
1171.25 11 
1215.91 11 
755.071 11 
1164.58 11 
1031.33 11 
765.638 11 
1132.44 11 
1157.55 11 
1321.85 11 
938.474 11 
1157.26 11 
1000.69 11 
1133.59 11 
1147.33 11 
428.823 11 
933.028 11 
1112.16 11 
1383.3 11 
1022.64 11 
552.516 11 
739.747 11 
931.787 11 
771.621 11 
440.634 11 
1499.12 11 
306.952 11 
1243.71 11 
1235.4 11 
1214.11 11 
1255.4 11 
1144.3 11 
1257.66 11 
1158.18 11 
1268.58 11 
869.566 11 
1299.58 11 
855.981 11 
925.93 11 
1004.39 11 
725.443 11 
1252.62 11 
1490.18 11 
608.504 11 
1258.06 11 
1395.24 11 
996.475 11 
851.737 11 
1198.8 11 
1337.74 11 
850.383 11 
1156.45 11 
1394.6 11 
1191.63 11 
1365.11 11 
1331.31 11 
647.031 11 
799.623 11 
892.846 11 
1307 11 
661.098 11 
1097.38 11 
837.457 11 
937.031 11 
872.303 11 
1237.98 11 
1275.49 11 
1167.55 11 
1340.14 11 
1016.52 11 
700.524 11 
1191.38 11 
906.122 11 
958.025 11 
780.761 11 
788.481 11 
957.749 11 
1060.41 11 
1116.62 11 
1157.46 11 
959.835 11 
1281.07 11 
1435.13 11 
1279.1 11 
1342.49 11 
1064.57 11 
534.832 11 
595.13 11 
1028.5 11 
1200.12 11 
1149.22 11 
1391.86 11 
1062.06 11 
1081.7 11 
981.585 11 
779.051 11 
1053.32 11 
1066.55 11 
983.771 11 
993.787 11 
1237.79 11 
1238.79 11 
1208.82 11 
1200.59 11 
1281.65 11 
1083.78 11 
884.508 11 
1251.82 11 
794.141 11 
922.901 11 
1155.64 11 
1465.47 11 
738.527 11 
893.578 11 
1147.5 11 
988.835 11 
1045.44 11 
1349.41 11 
1147.76 11 
751.575 11 
749.739 11 
1197.79 11 
1170.54 11 
1143.95 11 
535.222 11 
603.86 11 
795.078 11 
1265.26 11 
1205.62 11 
1248.39 11 
971.493 11 
1179.85 11 
1191.31 11 
1303.77 11 
547.404 11 
1120.96 11 
1296.96 11 
485.938 11 
1261.45 11 
1032.29 11 
1236.67 11 
1209.02 11 
1049.23 11 
1243.9 11 
641.324 11 
956.134 11 
689.31 11 
1253.15 11 
1440.81 11 
1280.6 11 
1309.33 11 
1139.39 11 
1397.26 11 
671.875 11 
1202.78 11 
1125.76 11 
732.63 11 
1300.91 11 
1335.28 11 
1281.84 11 
1339.63 11 
1165.44 11 
672.459 11 
1165.35 11 
521.164 11 
1321.41 11 
1267.58 11 
1151.59 11 
541.973 11 
1074.03 11 
935.817 11 
1157.36 11 
990.883 11 
1398 11 
1372.35 11 
448.202 11 
1364.66 11 
562.078 11 
1113.46 11 
730.848 11 
1170.48 11 
793.932 11 
1126.11 11 
1340.12 11 
734.197 11 
1312.41 11 
899.609 11 
1156.66 11 
1131.05 11 
845.019 11 
1226.96 11 
1287.7 11 
882.071 11 
683.662 11 
1033.81 11 
798.577 11 
1169.39 11 
1225.03 11 
1150.35 11 
757.42 11 
931.329 11 
1209.84 11 
859.752 11 
756.551 11 
1202.13 11 
820.94 11 
1105.37 11 
387.16 11 
829.911 11 
1207.71 11 
1000.41 11 
1183.83 11 
1030.21 11 
525.989 11 
1023.78 11 
978.324 11 
1268.18 11 
1169.76 11 
852.985 11 
1300.57 11 
742.549 11 
1179.19 11 
1212.48 11 
260.779 11 
1430.44 11 
544.627 11 
975.802 11 
1201.01 11 
607.92 11 
931.165 11 
629.536 11 
1146.03 11 
1212.04 11 
1149.95 11 
1125.12 11 
1359.15 11 
1204.58 11 
1009.47 11 
1247.57 11 
1041.42 11 
1217.3 11 
1416.48 11 
674.291 11 
1033.86 11 
1392.99 11 
479.201 11 
1045.06 11 
770.061 11 
1122.09 11 
1044 11 
1106.85 11 
1319.06 11 
758.419 11 
1105.65 11 
1193.46 11 
1258.41 11 
559.965 11 
1090.86 11 
1276.72 11 
1182.07 11 
653.111 11 
1179.57 11 
1202.6 11 
1440.7 11 
1161.52 11 
846.022 11 
1255.05 11 
1168.01 11 
1104.01 11 
1295.4 11 
798.187 11 
1281.9 11 
678.603 11 
1107.84 11 
1150.75 11 
1240.03 11 
1126.43 11 
1108.63 11 
895.971 11 
1135.38 11 
1278.07 11 
757.21 11 
1145.38 11 
659.686 11 
635.967 11 
702.387 11 
1291.15 11 
966.459 11 
1242.11 11 
1176.28 11 
836.301 11 
1300.42 11 
865.077 11 
1343.63 11 
1408.94 11 
720.37 11 
809.9 11 
1460.35 11 
549.802 11 
1242.29 11 
535.761 11 
1237.13 11 
1176.48 11 
1308.18 11 
1236.53 11 
1219.1 11 
735.892 11 
1015.8 11 
850.929 11 
1418.49 11 
1077.83 11 
1201.72 11 
1043.8 11 
1103.81 11 
892.89 11 
1191.39 11 
1088.26 11 
338.778 11 
1240.94 11 
1363.21 11 
1062.41 11 
906.048 11 
876.052 11 
1307.66 11 
1374.49 11 
1344.72 11 
1101 11 
1039.5 11 
1095.24 11 
1146.06 11 
1124.02 11 
1112.13 11 
937.613 11 
1391.34 11 
1251.49 11 
1544.77 11 
1219.48 11 
1653 11 
1266.51 11 
912.686 11 
1149.42 11 
1383.55 11 
1145.99 11 
754.726 11 
436.975 11 
1121.72 11 
1244.78 11 
1393.29 11 
808.178 11 
938.625 11 
1482.01 11 
1485.35 11 
844.515 11 
1248.33 11 
959.386 11 
1331.18 11 
641.683 11 
1064.79 11 
848.766 11 
1374.02 11 
949.417 11 
1356.33 11 
1309.99 11 
859.576 11 
1129.95 11 
1123.57 11 
677.947 11 
783.848 11 
453.899 11 
1217.26 11 
1232.86 11 
1370.46 11 
1223.26 11 
947.402 11 
785.329 11 
963.177 11 
667.174 11 
1003.76 11 
982.475 11 
1214.9 11 
1077.33 11 
1044.82 11 
1271.94 11 
1290.83 11 
1249.44 11 
919.285 11 
734.081 11 
1159.82 11 
748.241 11 
989.188 11 
1309.28 11 
1226.27 11 
1333.89 11 
1203.63 11 
848.878 11 
1111.64 11 
796.936 11 
400.011 11 
1038.57 11 
1203.46 11 
1002.46 11 
1227.51 11 
437.767 11 
861.924 11 
689.935 11 
478.565 11 
1197.51 11 
1279.89 11 
1143.13 11 
602.433 11 
767.975 11 
1318.66 11 
1118.36 11 
1253.27 11 
702.204 11 
1217.52 11 
1254.91 11 
886.228 11 
1347.42 11 
1166.71 11 
1134.9 11 
1583.54 11 
545.95 11 
1322.05 11 
1086.58 11 
1188.44 11 
1378.45 11 
1158.99 11 
1140.46 11 
1241.01 11 
1838.49 11 
1029.34 11 
1074.96 11 
1221.95 11 
1201.56 11 
1298.87 11 
1411.05 11 
1428.44 11 
1065.27 11 
1346.28 11 
1109.87 11 
935.591 11 
942.676 11 
1342.26 11 
1290.82 11 
1057.42 11 
1275.39 11 
828.993 11 
1337.5 11 
1293.51 11 
1125.38 11 
1291.24 11 
1031.08 11 
907.256 11 
563.441 11 
750.984 11 
903.206 11 
1232.86 11 
1205.5 11 
1253.77 11 
1215.98 11 
1135.11 11 
1361.99 11 
885.679 11 
1114.51 11 
885.821 11 
1230 11 
705.494 11 
1278.2 11 
1038.54 11 
1174.47 11 
1354.93 11 
1132.94 11 
1373.21 11 
1096.67 11 
602.959 11 
522.779 11 
1004.81 11 
1003.96 11 
1131.1 11 
1762.4 11 
707.154 11 
1010.17 11 
981.149 11 
1344.25 11 
1140.11 11 
1306.24 11 
904.553 11 
1224.8 11 
918.857 11 
993.763 11 
933.345 11 
1162.37 11 
1287.53 11 
1232.25 11 
1127.18 11 
1039.84 11 
1215.63 11 
1297.33 11 
1098.69 11 
1098.85 11 
1283.78 11 
655.886 11 
790.039 11 
1002.68 11 
1248.76 11 
1358.35 11 
1101.05 11 
1014.28 11 
1473.48 11 
950.657 11 
1352.2 11 
1422.16 11 
1137.06 11 
1056.61 11 
859.453 11 
1052.01 11 
1218.91 11 
775.968 11 
821.656 11 
1021.37 11 
592.704 11 
1273.25 11 
1414.29 11 
1267.95 11 
1378.51 11 
1175.13 11 
637.11 11 
1244.59 11 
137.99 11 
1349.23 11 
1271.08 11 
1002.37 11 
1162.37 11 
912.974 11 
1146.93 11 
1124.03 11 
1317.46 11 
1061.25 11 
1270.92 11 
649.63 11 
1024.8 11 
1368.05 11 
1283.23 11 
846.605 11 
1223.63 11 
886.473 11 
635.45 11 
1292.4 11 
1076.98 11 
1248.02 11 
1075.72 11 
732.261 11 
1232.28 11 
833.291 11 
1271.29 11 
1234.4 11 
1120.68 11 
1149.52 11 
644.191 11 
1117.97 11 
712.122 11 
768.67 11 
643.288 11 
666.749 11 
1071.6 11 
573.018 11 
1220.14 11 
1073.9 11 
1101.38 11 
429.618 11 
1078.78 11 
945.555 11 
1228.59 11 
1241.37 11 
868.657 11 
451.171 11 
1083.52 11 
812.789 11 
1252.25 11 
1383.43 11 
752.729 11 
676.566 11 
505.964 11 
933.893 11 
1138.89 11 
999.326 11 
1411.64 11 
1292.13 11 
1184.49 11 
628.809 11 
858.707 11 
1172.12 11 
981.436 11 
989.437 11 
1013.67 11 
519.632 11 
1101.53 11 
1275.87 11 
1369.95 11 
936.077 11 
1074.61 11 
770.657 11 
1115.18 11 
717.303 11 
509.002 11 
542.128 11 
938.134 11 
1116.71 11 
1358.01 11 
1307.49 11 
1087.3 11 
1175.14 11 
1280.88 11 
1352.29 11 
1155.17 11 
802.577 11 
1135.05 11 
738.56 11 
1114.62 11 
635.388 11 
1286.22 11 
1473.32 11 
1180.89 11 
1126.5 11 
1118.41 11 
1214.79 11 
1135.1 11 
1289.89 11 
1394.12 11 
1127.79 11 
1230.58 11 
1341.23 11 
1209.15 11 
1079.24 11 
685.3 11 
1355.55 11 
1025.99 11 
1362.73 11 
1191.2 11 
1394.11 11 
1329.99 11 
1359.92 11 
775.061 11 
1236.59 11 
1016.09 11 
649.768 11 
847.856 11 
1187.43 11 
1466.63 11 
1269.32 11 
822.868 11 
1354.27 11 
900.251 11 
1134.87 11 
1305.39 11 
937.468 11 
1091.13 11 
1366.79 11 
1023.88 11 
964.344 11 
1177.99 11 
1192.71 11 
954.939 11 
828.246 11 
1177 11 
885.41 11 
591.552 11 
548.432 11 
1221.13 11 
1099.68 11 
1161.58 11 
1263.42 11 
1449.51 11 
1222.21 13 
639.353 13 
1245.88 13 
726.198 13 
1255.87 13 
1343.37 13 
1284.48 13 
971.078 13 
1238.67 13 
1181.65 13 
1228.66 13 
866.721 13 
1281.42 13 
1145.09 13 
571.568 13 
1253.58 13 
1597.51 13 
1057.57 13 
1176.5 13 
1215.37 13 
1316.63 13 
1182.62 13 
590.79 13 
1266.33 13 
894.73 13 
913.919 13 
615.254 13 
944.614 13 
1064.19 13 
934.13 13 
1226.5 13 
557.481 13 
1127.52 13 
995.839 13 
1231.33 13 
943.042 13 
1080.62 13 
1206.2 13 
819.279 13 
1172.79 13 
984.373 13 
628.018 13 
1299.61 13 
1145.79 13 
1057.63 13 
1385.98 13 
1238.46 13 
1109.6 13 
1269.26 13 
1213.7 13 
1112.07 13 
1080.02 13 
711.01 13 
1176.73 13 
1000.69 13 
787.799 13 
1179.86 13 
876.868 13 
577.455 13 
1168.62 13 
1066.99 13 
1394.75 13 
964.377 13 
906.96 13 
1363.07 13 
1210.06 13 
887.389 13 
1153.37 13 
423.745 13 
1397.72 13 
1323.84 13 
1464.14 13 
960.759 13 
1366.24 13 
1217.51 13 
656.305 13 
1188.43 13 
983.733 13 
1328.59 13 
1331.43 13 
933.944 13 
1060.12 13 
1224.91 13 
1397.25 13 
1244.83 13 
1421.63 13 
1242.96 13 
1101.4 13 
492.484 13 
1309.01 13 
1230.88 13 
1293.18 13 
1185.36 13 
1120.35 13 
1261.42 13 
1089.88 13 
1283.89 13 
1178.7 13 
745.932 13 
1229.66 13 
1430.32 13 
1404.92 13 
1315.3 13 
1526.13 13 
1055.69 13 
750.72 13 
1112.19 13 
1189.22 13 
1189.29 13 
1269.87 13 
1144.02 13 
1149.82 13 
1342.67 13 
869.448 13 
859.308 13 
1046.93 13 
1212.28 13 
1235.42 13 
1261.17 13 
643.286 13 
988.721 13 
739.041 13 
1336.2 13 
1021.74 13 
1321.55 13 
637.255 13 
1145.99 13 
759.096 13 
1454 13 
638.014 13 
870.093 13 
1227.9 13 
1055.83 13 
1113.33 13 
1241.09 13 
479.575 13 
996.129 13 
796.951 13 
1276.69 13 
1331.23 13 
978.459 13 
946.442 13 
1025.74 13 
1141.27 13 
1294.57 13 
433.372 13 
1217.44 13 
926.57 13 
644.584 13 
719.007 13 
1144.51 13 
1354.59 13 
1340.98 13 
1158.22 13 
1307.21 13 
1368.21 13 
1165.03 13 
823.207 13 
1168.19 13 
1294.41 13 
964.269 13 
1013.29 13 
988.308 13 
1208.23 13 
1299.28 13 
1324.24 13 
1465.14 13 
1133.54 13 
942.993 13 
1129.11 13 
1093.34 13 
983.815 13 
561.027 13 
1422.39 13 
887.543 13 
1046.41 13 
1030.24 13 
940.658 13 
944.813 13 
1192.49 13 
700.526 13 
1099.73 13 
1230.39 13 
1178.91 13 
734.976 13 
1146.65 13 
796.276 13 
1377.01 13 
1410.85 13 
898.334 13 
712.563 13 
1313.73 13 
986.181 13 
1120.77 13 
1207.77 13 
1114.18 13 
1368.82 13 
1027 13 
1211.12 13 
177.379 13 
738.228 13 
344.13 13 
1153.76 13 
993.23 13 
1028.85 13 
1282.37 13 
1242.98 13 
1328.89 13 
657.19 13 
1205.46 13 
792.875 13 
433.96 13 
487.686 13 
870.839 13 
1131.19 13 
1113.56 13 
1405.22 13 
553.611 13 
1270.74 13 
827.139 13 
1113.34 13 
1166.6 13 
1149.99 13 
1258.4 13 
1142.64 13 
1002.87 13 
889.233 13 
1010.33 13 
1489.27 13 
1085.64 13 
946.053 13 
1039.25 13 
1160.3 13 
735.011 13 
640.69 13 
973.982 13 
451.809 13 
891.885 13 
937.558 13 
1290.73 13 
1449.78 13 
647.681 13 
1192.16 13 
1137.75 13 
603.491 13 
1132.47 13 
1106.35 13 
909.913 13 
1187 13 
1291.7 13 
904.775 13 
757.114 13 
1122.1 13 
1226.87 13 
1048.63 13 
1010.4 13 
1194.55 13 
1149.76 13 
1320.44 13 
1160.44 13 
1016.67 13 
681.855 13 
1208.42 13 
930.409 13 
1329.69 13 
1193.11 13 
635.293 13 
981.297 13 
721.753 13 
808.047 13 
1144.54 13 
1247.82 13 
997.895 13 
1359.11 13 
802.568 13 
1010.62 13 
996.214 13 
1128.4 13 
932.163 13 
937.981 13 
1000.03 13 
1293.1 13 
781.12 13 
871.303 13 
1060.1 13 
954.47 13 
970.243 13 
1140.33 13 
1126.14 13 
1240.19 13 
1238.07 13 
955.638 13 
1202.19 13 
726.986 13 
1017.14 13 
739.956 13 
1079.88 13 
1174.42 13 
1171.83 13 
1215.91 13 
847.737 13 
946.004 13 
821.445 13 
1341.18 13 
1202.02 13 
1618.59 13 
1059.44 13 
885.868 13 
930.567 13 
1261.23 13 
1005.74 13 
1265.81 13 
1318.04 13 
792.173 13 
1252.48 13 
1192.71 13 
1003.07 13 
1248.98 13 
1198.04 13 
784.592 13 
1373.7 13 
872.703 13 
771.621 13 
1119.87 13 
1179.7 13 
1331.8 13 
730.342 13 
919.762 13 
1112.15 13 
580.509 13 
1186.55 13 
733.751 13 
1338.43 13 
1200.72 13 
1211.83 13 
1034.21 13 
982.059 13 
534.755 13 
1079.13 13 
423.904 13 
653.776 13 
920.097 13 
1184.02 13 
1187.26 13 
1325.37 13 
787.351 13 
966.946 13 
732.669 13 
1271.13 13 
835.86 13 
974.247 13 
1093.56 13 
1153.8 13 
477.875 13 
676.374 13 
912.796 13 
1205.23 13 
1122.19 13 
693.808 13 
838.579 13 
1247.74 13 
1064.96 13 
629.512 13 
948.499 13 
777.873 13 
1174.82 13 
1167.9 13 
1210.36 13 
788.649 13 
1325.19 13 
502.074 13 
391.055 13 
1200.1 13 
917.581 13 
662.531 13 
922.406 13 
1202.47 13 
1137.74 13 
1396.61 13 
937.263 13 
633.75 13 
1092.76 13 
1186.69 13 
560.665 13 
1014.67 13 
1336.27 13 
1232.45 13 
877.604 13 
907.721 13 
889.321 13 
435.324 13 
493.985 13 
1225.43 13 
1097.29 13 
1325.81 13 
1306.94 13 
1269.1 13 
950.858 13 
1284.12 13 
804.465 13 
1015.17 13 
1169.64 13 
1002 13 
1166.63 13 
982.18 13 
867.432 13 
1300.79 13 
1096.78 13 
1109.18 13 
1006.78 13 
897.581 13 
797.823 13 
1158.2 13 
1150.17 13 
858.046 13 
1153.16 13 
1063.05 13 
804.235 13 
646.319 13 
838.9 13 
1290.26 13 
1036.31 13 
851.321 13 
1283.89 13 
1251.49 13 
1056.08 13 
671.293 13 
830.464 13 
1188.07 13 
1156.36 13 
1015.63 13 
1152.54 13 
576.771 13 
722.271 13 
691.529 13 
1264.23 13 
1249.86 13 
1289.71 13 
795.797 13 
1033.84 13 
1215.69 13 
471.661 13 
1121.35 13 
975.284 13 
1132.49 13 
1055.61 13 
1277.97 13 
1034.68 13 
714.852 13 
1212.25 13 
1301.19 13 
1270.06 13 
1120.27 13 
1106.46 13 
540.826 13 
950.408 13 
1232.17 13 
1331.58 13 
1474.45 13 
1207.46 13 
1280.58 13 
1329.69 13 
1254.28 13 
1265.55 13 
499.945 13 
414.797 13 
1183.86 13 
818.133 13 
1319.83 13 
1347.6 13 
1278.2 13 
1261.46 13 
1195.33 13 
1232.45 13 
1179.93 13 
1188.19 13 
801.615 13 
1240.39 13 
1263.51 13 
847.559 13 
1023.31 13 
887.786 13 
1144.2 13 
1666.71 13 
1335.4 13 
1416.81 13 
1208.25 13 
1172.15 13 
924.643 13 
796.171 13 
821.331 13 
1064.81 13 
803.722 13 
639.132 13 
712.388 13 
893.187 13 
842.19 13 
693.239 13 
1119.26 13 
514.451 13 
1184.45 13 
1328.86 13 
1068.8 13 
1490.05 13 
1162.48 13 
987.755 13 
1274.9 13 
949.79 13 
796.454 13 
1417.9 13 
797.618 13 
725.372 13 
518.544 13 
1191.66 13 
1075.2 13 
1207.66 13 
1615.04 13 
1103.1 13 
1311.89 13 
632.575 13 
1051.62 13 
1148.15 13 
1228.56 13 
1228.03 13 
1299.61 13 
1320.37 13 
1301.24 13 
1279.14 13 
1156.68 13 
1092.06 13 
863.183 13 
1227.02 13 
1072.55 13 
1309.63 13 
1288.76 13 
1265.23 13 
1358.94 13 
1095.35 13 
747.53 13 
970.264 13 
971.272 13 
1175.95 13 
1088.89 13 
660.269 13 
1114.52 13 
829.408 13 
1142.01 13 
1036.02 13 
1281.16 13 
1013.14 13 
1561.26 13 
909.713 13 
1052.92 13 
441.123 13 
875.999 13 
905.815 13 
1141.19 13 
509.101 13 
792.083 13 
1054.01 13 
836.05 13 
394.907 13 
936.866 13 
1399.11 13 
714.263 13 
1006.31 13 
1227.35 13 
1321.86 13 
1120.81 13 
880.681 13 
901.242 13 
846.033 13 
1010.34 13 
1071.21 13 
1346.72 13 
1121.65 13 
1241.42 13 
1143.37 13 
1354.44 13 
987.774 13 
1217.77 13 
1443.8 13 
1292.86 13 
715.243 13 
556.06 13 
1129.96 13 
1420.3 13 
1082.58 13 
864.566 13 
1091.27 13 
747.159 13 
1482.82 13 
1074.8 13 
1000.26 13 
1109.8 13 
1298.32 13 
1244.83 13 
1048.34 13 
1363.04 13 
1225.12 13 
1324.34 13 
831.417 13 
1129.44 13 
1167.31 13 
715.767 13 
1168.85 13 
1208.86 13 
666.237 13 
650.244 13 
1409.46 13 
757.201 13 
1263.06 13 
1034.92 13 
886.503 13 
1178.42 13 
1130.66 13 
1279.14 13 
1118.28 13 
673.366 13 
1398.33 13 
976.025 13 
726.382 13 
1235.95 13 
944.02 13 
1060.27 13 
960.716 13 
1004.68 13 
1603.1 13 
949.343 13 
1069.18 13 
651.744 13 
1273.03 13 
1155.73 13 
892.825 13 
1375.95 13 
1170.28 13 
1256.01 13 
1218.18 13 
1039.47 13 
1260.71 13 
1229.57 13 
1145.51 13 
1048.27 13 
577.786 13 
1252.93 13 
828.103 13 
1419.07 13 
441.368 13 
1369.2 13 
646.081 13 
1009.06 13 
888.323 13 
970.242 13 
1192.88 13 
1401.82 13 
1305.42 13 
817.462 13 
922.2 13 
1448.32 13 
935.735 13 
984.755 13 
1178.55 13 
1196.17 13 
1072.16 13 
1307.29 13 
1172.48 13 
937.738 13 
1197.09 13 
1226.55 13 
907.712 13 
1232.84 13 
703.626 13 
926.178 13 
1019.89 13 
1370.24 13 
1109.96 13 
935.248 13 
680.773 13 
1158.92 13 
666.378 13 
856.292 13 
928.896 13 
1461.22 13 
1193.72 13 
1358.86 13 
1078.32 13 
1232.7 13 
1000.06 13 
568.884 13 
718.391 13 
521.864 13 
890.131 13 
1385.49 13 
1295.61 13 
1149.33 13 
868.153 13 
1142.46 13 
1325.6 13 
856.342 13 
1247.73 13 
515.773 13 
715.304 13 
1048.48 13 
851.961 13 
802.366 13 
1175.83 13 
826.474 13 
808.359 13 
1038.65 13 
711.42 13 
1177.06 13 
1304.5 13 
565.833 13 
529.742 13 
1225.15 13 
816.603 13 
1183.39 13 
1300.95 13 
1207.42 13 
820.5 13 
824.367 13 
1048.11 13 
1428.62 13 
962.666 13 
617.284 13 
661.495 13 
1312.88 13 
1250.35 13 
583.396 13 
989.854 13 
1088.11 13 
1046.06 13 
1404.36 13 
1368.84 13 
1219.41 13 
762.744 13 
932.238 13 
1141.91 13 
1000.99 13 
624.247 13 
637.311 13 
460.464 13 
929.391 13 
1288.66 13 
1123.48 13 
872.999 13 
733.361 13 
1136.65 13 
1074.82 13 
1002.18 13 
1296.43 13 
1548.62 13 
1298.99 13 
903.93 13 
639.946 13 
997.681 13 
790.896 13 
937.758 13 
1122 13 
1065.5 13 
1232.77 13 
869.737 13 
1010.78 13 
1063.52 13 
1329.18 13 
596.155 13 
1255.31 13 
1196.1 13 
824.88 13 
507.214 13 
1363.71 13 
1166.12 13 
1032.31 13 
1075.63 13 
959.032 13 
1184.63 13 
1220.94 13 
810.589 13 
1309.2 13 
1070.35 13 
1176.97 13 
1190.87 13 
1220.17 13 
944.427 13 
1394.59 13 
1241.76 13 
1228.5 13 
566.512 13 
525.08 13 
1270.89 13 
776.874 13 
1052.26 13 
634.044 13 
1128.65 13 
1411.09 13 
1465.7 13 
1081.41 13 
1069.07 13 
1120.6 13 
1210.41 13 
513.186 13 
1277.61 13 
721.902 13 
1318.32 13 
1066.63 13 
1311.65 13 
968.098 13 
809.147 13 
1156.86 13 
1093.3 13 
589.771 13 
1277.4 13 
720.722 13 
783.11 13 
1278.33 13 
1324.32 13 
1117.75 13 
553.324 13 
934.142 13 
1223.55 13 
1162.9 13 
486.591 13 
1252.4 13 
1251.46 13 
1204.33 13 
1167.2 13 
1329.37 13 
1383.51 13 
1157.16 13 
862.696 13 
750.822 13 
1259.02 13 
1335.42 13 
1299.76 13 
1317.48 13 
1377.78 13 
1067.75 13 
937.329 13 
747.294 13 
1287.88 13 
1001.97 13 
1017.23 13 
812.077 13 
818.565 13 
1106.26 13 
1091.87 13 
1414.41 13 
1023.68 13 
968.275 13 
893.597 13 
1223.48 13 
1196.58 13 
1238.04 13 
1233.21 13 
1222.93 13 
1087.27 13 
1226.58 13 
1083.07 13 
1383.61 13 
1202.6 13 
443.187 13 
1141.48 13 
1289.69 13 
1279.83 13 
1241.95 13 
1022.66 13 
556.796 13 
1389.52 13 
1127.53 13 
1067.54 13 
1277.99 13 
1103.05 13 
930.675 13 
1074.49 13 
808.205 13 
1199 13 
1054.75 13 
1376.07 13 
1369.07 13 
1144.31 13 
979.011 13 
1155.51 13 
981.892 13 
1196.84 13 
1109.49 13 
1143.74 13 
1127.16 13 
1296.41 13 
1200.14 13 
1108.22 13 
1238.25 13 
1137.58 13 
1213.66 13 
1178.89 13 
1040.12 13 
1197.99 13 
1308.56 13 
1240.71 13 
1366.04 13 
1061.96 13 
1068.92 13 
1373.04 13 
961.494 13 
1223.83 13 
1170.41 13 
1228.88 13 
1320.39 13 
1014.34 13 
1174.86 13 
704.216 13 
1312.69 13 
454.117 13 
309.931 13 
436.388 13 
1151.86 13 
1173.53 13 
1139.84 13 
556.575 13 
1324.77 13 
1251.93 13 
1047.9 13 
1099.18 13 
1154.19 13 
1200.29 13 
1096.3 13 
1256.89 13 
836.315 13 
1057.05 13 
832.017 13 
1312.03 13 
981.482 13 
925.415 13 
1386.02 13 
818.702 13 
1007.65 13 
1216.62 13 
953.31 13 
1274.16 13 
1314.42 13 
1107.03 13 
920.788 13 
1144.88 13 
1084.71 13 
836.034 13 
1329.68 13 
925.207 13 
955.958 13 
705.159 13 
598.277 13 
630.209 13 
1162.29 13 
1245.98 13 
810.889 13 
893.578 13 
860.116 13 
1426.22 13 
1173.14 13 
955.841 13 
1131.94 13 
1403.55 13 
1155.02 13 
1441.12 13 
1327.27 13 
808.621 13 
668.096 13 
1127.42 13 
1318.08 13 
1482.62 13 
1273.47 13 
504.735 13 
1146.17 13 
1481.48 13 
1196.03 13 
1092.61 13 
734.715 13 
817.389 13 
857.519 13 
1316.31 13 
959.975 13 
1339 13 
846.591 13 
1092.63 13 
868.072 13 
538.561 13 
1247.41 13 
1226.24 13 
1158.8 13 
938.056 13 
949.556 13 
1172.32 13 
1229.04 13 
533.403 13 
1258.93 13 
1214.32 13 
678.56 13 
1075.45 13 
726.26 13 
426.687 13 
1187.23 13 
995.395 13 
1245.27 13 
488.165 13 
967.348 13 
941.724 13 
390.496 13 
1297.55 13 
726.291 13 
1191.4 13 
864.135 13 
743.465 13 
1289.43 13 
1176.99 13 
1521.09 13 
609.677 13 
1103.22 13 
1005.75 13 
1097.93 13 
1234.91 13 
668.758 13 
1248.53 13 
1101.45 13 
1170.72 13 
746.016 13 
1080.2 13 
1389.65 13 
619.565 13 
1433.49 13 
1024.47 13 
899.141 13 
648.553 13 
1259.56 13 
1126.44 13 
661.845 13 
1047.11 13 
794.207 13 
960.388 13 
522.692 13 
1403.18 13 
1370.82 13 
529.726 13 
1382.17 13 
626.171 13 
949.28 13 
1311.15 13 
851.715 13 
1367.77 13 
1082.45 13 
673.516 13 
1095.01 13 
577.192 13 
1087.41 13 
1076.72 13 
563.08 13 
1274.06 13 
1142.12 13 
1261.03 13 
1322.08 13 
1215.46 13 
631.83 13 
1366.84 13 
1288.18 13 
1124.89 13 
1253.34 13 
809.554 13 
1158.81 13 
1580.2 13 
1213.01 13 
1203.83 13 
958.59 13 
1181.8 13 
847.534 13 
501.696 13 
1245.86 13 
934.739 13 
987.233 13 
1256.21 13 
1036.41 13 
731.222 13 
870.51 13 
940.786 13 
745.84 13 
638.382 13 
400.181 13 
888.42 13 
1262.39 13 
1383.92 13 
1054.04 13 
945.432 13 
1176.54 13 
969.476 13 
888.35 13 
990.849 13 
1378.52 13 
1035.45 13 
770.972 13 
796.779 13 
376.441 13 
1358.9 13 
1480.26 13 
1119.13 13 
490.836 13 
1190.6 13 
718.862 13 
900.299 13 
722.645 13 
1316.13 13 
932.253 13 
930.686 13 
1288.41 13 
1171.96 13 
1051.26 13 
713.307 13 
1711.06 13 
634.549 13 
1390.77 13 
1023.56 13 
1056.06 13 
1367.82 13 
603.162 13 
1468.47 13 
1191.22 13 
987.776 13 
1303.55 13 
1327.05 13 
714.746 13 
1150.06 13 
665.077 13 
1042.99 13 
1360.03 13 
1602.74 13 
786.378 13 
1199.89 13 
1043.61 13 
571.488 13 
1072.66 13 
1219.25 13 
1149.01 13 
1020.68 13 
1344.1 13 
1183.9 13 
772.026 13 
1195.46 13 
1084.77 13 
1149.1 13 
1190.11 13 
1004.47 13 
1268.67 13 
1263.33 13 
825.162 13 
752.003 13 
1289.45 13 
1187.14 13 
965.547 13 
1367.92 13 
1231.55 13 
812.911 13 
1296.11 13 
613.614 13 
774.512 13 
1219.17 13 
837.088 13 
1256.42 13 
1231.36 13 
1337.63 13 
759.454 13 
839.592 13 
1221.44 13 
683.462 13 
1093.66 13 
1128.27 13 
969.094 13 
1378.77 13 
523.397 13 
1487.46 13 
1266.32 13 
1262.56 13 
1258.13 13 
1053.66 13 
1248.71 13 
586.79 13 
1295.65 13 
916.286 13 
761.867 13 
1119.83 13 
1328.81 13 
930.069 13 
728.886 13 
1269.12 13 
909.998 13 
1021.75 13 
1130.15 13 
932.172 13 
1244.09 13 
1106.19 13 
790.726 13 
1128.27 13 
1035.66 13 
1547.13 13 
1196.72 13 
1340.48 13 
1263.07 13 
1071.31 13 
1054.1 13 
1289.17 13 
1266.08 13 
887.89 13 
1162.78 13 
941.265 13 
755.751 13 
499.594 13 
597.045 13 
1289.76 13 
905.115 13 
839.101 13 
1345.43 13 
1133.35 13 
753.703 13 
1136.62 13 
1285.96 13 
1249.02 13 
1143.02 13 
955.674 13 
590.231 13 
1093.05 13 
1145.82 13 
677.611 13 
825.229 13 
1187.27 13 
1152.66 13 
1425.89 13 
1075.95 13 
1169.66 13 
932.051 13 
1057.49 13 
727.576 13 
1549.1 13 
563.762 13 
1214.55 13 
751.073 13 
1216.02 13 
1227.26 13 
805.318 13 
1074.51 13 
723.383 13 
828.673 13 
488.85 13 
1073.97 13 
1099.8 13 
1243.88 13 
1188.83 13 
1446.41 13 
1224.04 13 
710.917 13 
1136.33 13 
1310.19 13 
1343.48 13 
1457.95 13 
1059.18 13 
1281.14 13 
1038.81 13 
1086.75 13 
1276.26 13 
680.521 13 
1316.94 13 
1180.1 13 
1085.85 13 
1216.21 13 
992.888 13 
1192.84 13 
1504.86 13 
494.755 13 
1034.15 13 
507.359 13 
1224.75 13 
1532.93 13 
1342.43 13 
1289.78 13 
578.026 13 
857.412 13 
888.547 13 
1150.09 13 
671.521 13 
1079.66 13 
1229.28 13 
991.354 13 
1398.28 13 
554.978 13 
1165.75 13 
368.557 13 
1410.62 13 
915.641 13 
1009.99 13 
1258.71 13 
509.857 13 
356.076 13 
1223.69 13 
1094.82 13 
913.953 13 
1109.53 13 
494.199 13 
985.299 13 
1071.02 13 
1137.63 13 
1338.51 13 
1214.52 13 
466.798 13 
1049.79 13 
1137.28 13 
1141.94 13 
1269.15 13 
1209.62 13 
936.697 13 
1136.28 13 
1098.44 13 
1107 13 
1294.04 13 
912.824 13 
1317.89 13 
479.185 13 
1292.14 13 
1400.63 13 
1504.91 13 
1166.18 13 
1356.11 13 
1158.1 13 
981.171 13 
1113.5 13 
1202.31 13 
1279.16 13 
1111.23 13 
1218.4 13 
1188.74 13 
1302.71 13 
540.829 13 
1127 13 
940.107 13 
1015.91 13 
1163.34 13 
1127.21 13 
1144.8 13 
1084.32 13 
1014.88 13 
1089.51 13 
1131.67 13 
1232.55 13 
615.58 13 
1175.44 13 
1364.61 13 
1265.92 13 
1166.1 13 
1257.17 13 
1088.99 13 
929.594 13 
1201.88 13 
547.266 13 
1277.25 13 
825.283 13 
1265.28 13 
867.247 13 
967.46 13 
536.537 13 
624.378 13 
487.124 13 
1180.65 13 
575.387 13 
602.081 13 
779.841 13 
833.966 13 
1023.34 13 
1274.07 13 
799.007 13 
667.626 13 
1188.01 13 
1098.6 13 
717.183 13 
1125 13 
876.461 13 
1246.06 13 
1357.35 13 
583.798 13 
557.087 13 
1783.58 13 
801.619 13 
623.773 13 
1331.37 13 
624.591 13 
1197.58 13 
1020.41 13 
788.795 13 
937.152 13 
869.217 13 
1170.61 13 
1209.12 13 
1403.03 13 
1218.44 13 
834.117 13 
1267.99 13 
1086.55 13 
816.703 13 
985.982 13 
1448.29 13 
869.038 13 
981.553 13 
982.551 13 
1257.37 13 
814.154 13 
1091.49 13 
1349.5 13 
1135.48 13 
918.492 13 
1006.46 13 
1348.14 13 
1262.17 13 
943.865 13 
1290.47 13 
1182.4 13 
1123.48 13 
1244.78 13 
1036.8 13 
592.787 13 
1080.04 13 
1181.93 13 
1214.09 13 
768.712 13 
792.791 13 
1288.21 13 
1393.69 13 
572.058 13 
858.529 13 
950.103 13 
1357.08 13 
1353.53 13 
505.016 13 
1155.1 13 
828.705 13 
907.988 13 
692.745 13 
1046.78 13 
894.65 13 
1124.75 13 
964.404 13 
960.268 13 
1235.03 13 
747.55 13 
1059.48 13 
1375.52 13 
1208.79 13 
727.655 13 
598.753 13 
1157.5 13 
1102.76 13 
755.071 13 
224.141 13 
743.369 13 
1114.25 13 
1116.43 13 
1221.03 13 
833.784 13 
1310.15 13 
1255.54 13 
607.617 13 
777.708 13 
1195.33 13 
1350.93 13 
1238.05 13 
1262.85 13 
1212.69 13 
1345.95 13 
789.455 13 
571.914 13 
1094.54 13 
1067.78 13 
715.386 13 
1151.19 13 
986.108 13 
1246.38 13 
1219.32 13 
990.202 13 
1687.3 13 
855.858 13 
1088.77 13 
1026.89 13 
1259.1 13 
1122.74 13 
607.526 13 
981.328 13 
759.039 13 
1158.32 13 
790.463 13 
1152.94 13 
1251.23 13 
1144.79 13 
832.897 13 
1209.64 13 
923.314 13 
1208.35 13 
917.851 13 
1134.83 13 
1141.55 13 
1121.8 13 
1335.74 13 
956.032 13 
1195.25 13 
955.532 13 
1350.01 13 
1154.63 13 
1374.03 13 
1330.53 13 
1261.6 13 
1259.2 13 
1180.56 13 
578.89 13 
894.078 13 
425.116 13 
1215.84 13 
969.788 13 
1305.78 13 
1172.3 13 
829.301 13 
1322.42 13 
975.603 13 
1004.55 13 
1048.39 13 
1238.79 13 
709.637 13 
1097.04 13 
1391.3 13 
1203.96 13 
1272.48 13 
1105.92 13 
1174.2 13 
1292.04 13 
1238.07 13 
634.771 13 
539.47 13 
1436.93 13 
1210.95 13 
868.314 13 
1617.68 13 
689.919 13 
1173.44 13 
957.92 13 
1344.15 13 
1282.22 13 
1058.34 13 
1261.73 13 
1297.12 13 
972.8 13 
1188.67 13 
1042.46 13 
879.724 13 
1214.61 13 
930.177 13 
763.13 13 
48.3239 13 
908.697 13 
1058.07 13 
801.041 13 
1223.12 13 
1319.99 13 
1360.06 13 
788.047 13 
1284.39 13 
1357.43 13 
1241.17 13 
1382.05 13 
1116.42 13 
1311.25 13 
665.417 13 
879.72 13 
1206.33 13 
1048.14 13 
1162.2 13 
1277.78 13 
1173.86 13 
1302.67 13 
1126.87 13 
1345.43 13 
1008.36 13 
1075.33 13 
1157.49 13 
1070.9 13 
1476.81 13 
1529.54 13 
890.121 13 
1113.91 13 
789.33 13 
761.083 13 
1219.42 13 
854.564 13 
1188.78 13 
1134.91 13 
941.269 13 
1165.81 13 
838.682 13 
999.266 13 
1177.26 13 
1164.56 13 
1033.05 13 
1229.78 13 
1614.68 13 
1097.62 13 
645.505 13 
700.822 13 
1338.46 13 
1012.07 13 
752.947 13 
1047.85 13 
1283.25 13 
1119.69 13 
785.124 13 
1131.67 13 
1568.51 13 
1175.5 13 
981.347 13 
807.501 13 
1271.39 13 
887.48 13 
993.442 13 
1048.41 13 
541.752 13 
809.592 13 
1253.5 13 
1202.64 13 
1361.47 13 
911.907 13 
931.287 13 
950.7 13 
1186.91 13 
1291.29 13 
1117.73 13 
1025.88 13 
834.744 13 
996.531 13 
1114.46 13 
939.708 13 
1165.32 13 
993.842 13 
1427.88 13 
518.904 13 
603.816 13 
1354.88 13 
1279.77 13 
1269.55 13 
1183.04 13 
1000.92 13 
1234.74 13 
1283.09 13 
1050.46 13 
1058.9 13 
724.744 13 
753.013 13 
813.458 13 
714.929 13 
1008.96 13 
1104.88 13 
1042.15 13 
876.684 13 
601.674 13 
1211.1 13 
1375.38 13 
1026.05 13 
1141.42 13 
993.76 13 
837.622 13 
1106.81 13 
1162.46 13 
907.857 13 
1251.08 13 
1820.65 13 
1073.61 13 
1205.73 13 
826.433 13 
1059.21 13 
1145.51 13 
944.368 13 
1263.47 13 
987.938 13 
731.978 13 
841.281 13 
1227.39 13 
909.233 13 
915.283 13 
546.53 13 
1352.95 13 
1400.89 13 
1221.7 13 
1151.5 13 
1084.01 13 
745.641 13 
1263.09 13 
1073.84 13 
1230.15 13 
1171.41 13 
1110.4 13 
1406.68 13 
1052.3 13 
1354.65 13 
1292.05 13 
954.096 13 
1329.87 13 
1252.02 13 
832.596 13 
957.143 13 
725.149 13 
986.17 13 
1146.75 13 
384.255 13 
1031.19 13 
1268 13 
1323.74 13 
860.167 13 
1014.28 13 
1251.56 13 
1290.9 13 
964.693 13 
1139.88 13 
541.325 13 
1288.65 13 
913.415 13 
1133.16 13 
1166.09 13 
1255.31 13 
1137.55 13 
1123.85 13 
772.578 13 
1325.44 13 
603.014 13 
1139.83 13 
1219.46 13 
873.793 13 
1324.46 13 
1300.05 13 
868.139 13 
1023.76 13 
633.036 13 
1512.41 13 
1361.4 13 
1182.71 13 
941.391 13 
1195.89 13 
1142.95 13 
625.025 13 
839.983 13 
1201.6 13 
1155.16 13 
800.176 13 
858.328 13 
1138.12 13 
1214.56 13 
943.042 13 
842.091 13 
1168.16 13 
609.688 13 
1085.58 13 
1264.72 13 
818.585 13 
1163.45 13 
556.766 13 
995.178 13 
1188.12 13 
1274.9 13 
915.644 13 
1445.54 13 
941.254 13 
777.954 13 
1305.21 13 
1183.85 13 
1135.29 13 
536.744 13 
894.424 13 
1427.77 13 
1398.86 13 
1277.54 13 
1326.96 13 
1177.94 13 
1139.17 13 
1038.15 13 
1252.59 13 
1249.37 13 
1390.56 13 
1096.87 13 
1135.01 13 
705.505 13 
1411.34 13 
1325.63 13 
1082.8 13 
1046.59 13 
1101.52 13 
586.134 13 
446.159 13 
1443.54 13 
1245.35 13 
1237.18 13 
1326.27 13 
547.256 13 
562.309 13 
1136.58 13 
882.571 13 
1076.58 13 
676.294 13 
1235.26 13 
1078.2 13 
1227.88 13 
1115.58 13 
832.786 13 
920.649 13 
654.742 13 
858.785 13 
700.56 13 
769.254 13 
1015.71 13 
1078.88 13 
1231.62 13 
1192.33 13 
1502.53 13 
822.88 13 
1052.64 13 
1177.95 13 
1210.34 13 
1132.81 13 
1009.83 13 
941.419 13 
927.544 13 
770.385 13 
1167.96 13 
987.494 13 
768.781 13 
487.167 13 
991.598 13 
1286.96 13 
888.451 13 
863.136 13 
1060.93 13 
468.872 13 
941.049 13 
763.161 13 
1265.11 13 
1188.38 13 
798.634 13 
1010.68 13 
915.535 13 
1282.85 13 
1520.53 13 
1368.15 13 
1146.89 13 
678.256 13 
