518.293 11 
469.883 11 
518.939 11 
603.481 11 
753.775 11 
470.041 11 
662.351 11 
638.274 11 
531.778 11 
517.317 11 
480.31 11 
537.464 11 
544.799 11 
572.874 11 
509.24 11 
532.608 11 
467.305 11 
480.07 11 
490.598 11 
458.371 11 
440.526 11 
734.882 11 
555.381 11 
542.047 11 
678.438 11 
436.728 11 
417.256 11 
470.45 11 
461.307 11 
294.688 11 
490.11 11 
466.122 11 
677.456 11 
498.59 11 
572.918 11 
568.543 11 
428.099 11 
629.988 11 
580.736 11 
1046.86 11 
463.391 11 
540.024 11 
293.998 11 
633.992 11 
747.176 11 
373.629 11 
603.643 11 
458.33 11 
516.325 11 
476.128 11 
336.036 11 
498.722 11 
456.227 11 
549.638 11 
517.211 11 
454.27 11 
465.411 11 
491.728 11 
535.381 11 
482.827 11 
549.725 11 
562.234 11 
610.384 11 
479.204 11 
589.798 11 
699.065 11 
488.783 11 
516.462 11 
574.084 11 
430.354 11 
506.002 11 
417.811 11 
769.706 11 
377.479 11 
499.922 11 
502.766 11 
512.537 11 
653.339 11 
536.385 11 
487.746 11 
524.052 11 
505.89 11 
487.622 11 
457.19 11 
516.466 11 
664.856 11 
539.896 11 
515.508 11 
579.696 11 
539.122 11 
368.517 11 
445.419 11 
463.646 11 
495.022 11 
482.818 11 
471.147 11 
604.238 11 
367.294 11 
517.918 11 
1048.83 11 
491.866 11 
586.067 11 
481.777 11 
531.596 11 
587.756 11 
407.436 11 
526.933 11 
441.183 11 
524.269 11 
529.723 11 
549.791 11 
509.372 11 
414.127 11 
328.931 11 
488.349 11 
497.717 11 
536.128 11 
698.991 11 
488.923 11 
536.634 11 
444.093 11 
521.353 11 
535.25 11 
685.299 11 
532.35 11 
449.439 11 
393.732 11 
466.732 11 
589.185 11 
406.295 11 
475.73 11 
764.296 11 
464.008 11 
601.975 11 
495.009 11 
658.362 11 
664.047 11 
550.072 11 
502.212 11 
574.537 11 
443.274 11 
708.603 11 
516.01 11 
459.296 11 
405.094 11 
520.256 11 
398.07 11 
869.138 11 
478.979 11 
894.514 11 
469.764 11 
418.506 11 
434.66 11 
509.866 11 
512.701 11 
420.806 11 
426.624 11 
473.293 11 
470.615 11 
450.09 11 
553.865 11 
445.514 11 
471.035 11 
474.343 11 
551.502 11 
587.068 11 
628.601 11 
499.639 11 
502.692 11 
487.065 11 
654.119 11 
821.798 11 
559.726 11 
493.963 11 
446.857 11 
518.074 11 
718.794 11 
864.465 11 
657.57 11 
585.857 11 
414.298 11 
455.496 11 
662.808 11 
589.175 11 
476.535 11 
545.844 11 
529.859 11 
550.154 11 
509.78 11 
665.911 11 
673.636 11 
518.965 11 
479.626 11 
525.478 11 
619.127 11 
512.587 11 
440.029 11 
491.097 11 
463.068 11 
539.81 11 
495.292 11 
521.986 11 
637.953 11 
507.164 11 
514.54 11 
617.65 11 
438.732 11 
472.733 11 
655.014 11 
507.106 11 
568.795 11 
488.782 11 
474.306 11 
405.106 11 
723.47 11 
579.442 11 
549.125 11 
664.509 11 
569.595 11 
605.211 11 
455.42 11 
517.287 11 
525.701 11 
475.727 11 
520.359 11 
575.314 11 
515.974 11 
630.031 11 
559.05 11 
403.672 11 
473.822 11 
565.854 11 
476.408 11 
504.905 11 
423.842 11 
502.84 11 
648.733 11 
919.296 11 
489.487 11 
703.742 11 
550.14 11 
755.887 11 
629.267 11 
585.914 11 
668.591 11 
496.324 11 
528.371 11 
480.621 11 
575.851 11 
477.22 11 
460.258 11 
753.035 11 
518.716 11 
447.483 11 
713.432 11 
529.678 11 
552.73 11 
610.421 11 
501.867 11 
536.421 11 
507.41 11 
489.221 11 
516.272 11 
421.045 11 
1167.21 11 
1083.64 11 
556.619 11 
525.06 11 
466.309 11 
443.102 11 
602.818 11 
397.764 11 
555.589 11 
509.936 11 
449.386 11 
409.692 11 
605.394 11 
626.542 11 
494.045 11 
443.173 11 
502.085 11 
656.892 11 
472.741 11 
628.888 11 
545.36 11 
629.631 11 
698.889 11 
525.144 11 
476.503 11 
544.406 11 
489.385 11 
392.51 11 
696.606 11 
578.904 11 
497.036 11 
609.833 11 
539.894 11 
528.966 11 
696.143 11 
541.717 11 
627.347 11 
538.651 11 
484.439 11 
515.452 11 
498.625 11 
516.003 11 
452.312 11 
517.415 11 
473.15 11 
536.101 11 
505.659 11 
463.478 11 
528.034 11 
430.721 11 
480.546 11 
485.883 11 
475.99 11 
602.3 11 
479.895 11 
499.855 11 
477.906 11 
427.444 11 
447.471 11 
549.15 11 
461.922 11 
421.481 11 
550.568 11 
508.275 11 
580.834 11 
544.991 11 
469.984 11 
663.576 11 
511.051 11 
339.968 11 
463.377 11 
429.871 11 
528.094 11 
506.916 11 
386.351 11 
498.48 11 
515.967 11 
414.005 11 
408.008 11 
470.493 11 
477.572 11 
472.141 11 
555.016 11 
461.775 11 
579.143 11 
510.659 11 
442.18 11 
559.744 11 
471.264 11 
631.995 11 
530.5 11 
520.057 11 
467.761 11 
490.813 11 
513.535 11 
440.088 11 
440.487 11 
484.321 11 
596.118 11 
547.27 11 
456.717 11 
502.077 11 
497.1 11 
1024.98 11 
446.188 11 
439.852 11 
404.894 11 
490.377 11 
546.771 11 
550.152 11 
530.696 11 
454.604 11 
414.904 11 
513.455 11 
563.704 11 
597.531 11 
741.654 11 
411.947 11 
554.364 11 
421.988 11 
410.881 11 
542.817 11 
457.037 11 
639.409 11 
632.374 11 
440.916 11 
566.428 11 
429.19 11 
602.986 11 
549.569 11 
543.474 11 
394.696 11 
583.089 11 
841.819 11 
453.539 11 
641.371 11 
484.797 11 
481.245 11 
462.993 11 
466.286 11 
427.604 11 
556.261 11 
517.207 11 
581.935 11 
408.712 11 
546.78 11 
584.884 11 
411.479 11 
533.11 11 
714.703 11 
656.701 11 
640.906 11 
558.64 11 
762.613 11 
503.752 11 
470.923 11 
486.578 11 
577.956 11 
428.284 11 
625.998 11 
500.991 11 
511.619 11 
480.865 11 
482.16 11 
532.334 11 
524.982 11 
384.855 11 
580.495 11 
846.158 11 
432.42 11 
527.912 11 
434.126 11 
525.865 11 
470.095 11 
524.279 11 
480.202 11 
478.823 11 
501.127 11 
521.037 11 
537.333 11 
1014.64 11 
481.109 11 
710.463 11 
600.99 11 
476.651 11 
460.262 11 
532.401 11 
416.018 11 
444.338 11 
503.149 11 
496.933 11 
434.24 11 
656.874 11 
545.701 11 
481.161 11 
484.512 11 
513.672 11 
418.174 11 
425.797 11 
503.898 11 
389.201 11 
531.801 11 
536.03 11 
606.396 11 
537.264 11 
472.757 11 
453.569 11 
465.885 11 
436.496 11 
467.183 11 
466.016 11 
498.327 11 
473.711 11 
599.843 11 
663.459 11 
592.961 11 
570.604 11 
530.505 11 
505.789 11 
876.415 11 
457.983 11 
476.047 11 
631.034 11 
541.271 11 
490.909 11 
523.846 11 
517.476 11 
516.241 11 
477.894 11 
415.541 11 
472.851 11 
431.461 11 
722.075 11 
520.472 11 
450.319 11 
738.066 11 
481.601 11 
466.683 11 
599.968 11 
537.808 11 
472.582 11 
489.793 11 
440.727 11 
554.825 11 
527.413 11 
782.421 11 
660.074 11 
582.703 11 
489.868 11 
416.097 11 
541.398 11 
479.421 11 
471.134 11 
388.501 11 
467.367 11 
637.228 11 
480.666 11 
520.785 11 
557.126 11 
617.2 11 
436.359 11 
416.997 11 
515.635 11 
397.42 11 
756.782 11 
525.44 11 
429.656 11 
453.622 11 
602.343 11 
546.813 11 
476.121 11 
612.012 11 
389.519 11 
434.256 11 
467.249 11 
449.392 11 
721.131 11 
491.4 11 
770.376 11 
766.575 11 
142.17 11 
510.62 11 
713.943 11 
490.149 11 
507.93 11 
615.228 11 
273.444 11 
461.22 11 
552.622 11 
491.494 11 
496.145 11 
440.579 11 
572.769 11 
772.914 11 
551.703 11 
486.818 11 
745.208 11 
497.837 11 
486.485 11 
488.031 11 
502.098 11 
477.829 11 
457.453 11 
521.849 11 
507.778 11 
542.616 11 
476.461 11 
477.255 11 
430.812 11 
593.158 11 
521.696 11 
780.693 11 
591.933 11 
621.273 11 
486.957 11 
444.04 11 
480.177 11 
499.935 11 
495.182 11 
458.783 11 
581.613 11 
306.315 11 
620.553 11 
530.964 11 
489.727 11 
492.644 11 
471.356 11 
396.253 11 
570.758 11 
417.992 11 
529.49 11 
458.365 11 
495.684 11 
557.876 11 
461.281 11 
478.408 11 
488.399 11 
566.958 11 
442.541 11 
593.107 11 
570.964 11 
780.732 11 
594.287 11 
451.325 11 
533.661 11 
485.043 11 
727.705 11 
842.584 11 
509.462 11 
457.341 11 
473.179 11 
465.446 11 
524.685 11 
513.867 11 
424.679 11 
539.398 11 
783.703 11 
854.013 11 
386.261 11 
605.335 11 
695.454 11 
496.887 11 
611.216 11 
508.254 11 
356.795 11 
587.214 11 
550.725 11 
644.056 11 
439.092 11 
426.698 11 
417.881 11 
383.85 11 
662.352 11 
634.162 11 
233.596 11 
515.912 11 
575.895 11 
617.553 11 
525.393 11 
530.205 11 
705 11 
503.704 11 
436.403 11 
514.244 11 
529.561 11 
542.348 11 
551.551 11 
591.116 11 
440.009 11 
449.499 11 
403.529 11 
525.004 11 
435.099 11 
482.236 11 
449.662 11 
844.695 11 
599.4 11 
429.825 11 
464.989 11 
372.094 11 
1021.86 11 
506.792 11 
514.184 11 
702.295 11 
520.29 11 
491.896 11 
458.88 11 
454.339 11 
689.596 11 
436.542 11 
409.903 11 
857.599 11 
558.931 11 
574.743 11 
400.292 11 
427.63 11 
445.794 11 
784.354 11 
557.315 11 
424.073 11 
413.456 11 
496.009 11 
521.051 11 
466.813 11 
463.519 11 
533.285 11 
490.002 11 
418.58 11 
396.138 11 
453.175 11 
471.151 11 
518.885 11 
491.378 11 
517.156 11 
586.074 11 
430.578 11 
497.657 11 
495.569 11 
305.719 11 
396.894 11 
508.309 11 
478.675 11 
452.751 11 
545.205 11 
428.836 11 
632.495 11 
536.898 11 
496.435 11 
406.313 11 
462.587 11 
493.667 11 
447.576 11 
718.233 11 
413.948 11 
570.261 11 
613.649 11 
494.649 11 
579.529 11 
540.53 11 
902.434 11 
445.237 11 
471.031 11 
413.955 11 
515.699 11 
467.532 11 
476.083 11 
539.778 11 
474.332 11 
693.622 11 
853.493 11 
641.391 11 
637.986 11 
481.638 11 
611.052 11 
487.006 11 
557.986 11 
486.673 11 
498.808 11 
515.632 11 
540.699 11 
485.82 11 
439.971 11 
553.657 11 
553.063 11 
563.363 11 
743.043 11 
530.447 11 
823.279 11 
566.812 11 
528.546 11 
510.099 11 
439.494 11 
511.783 11 
521.015 11 
719.645 11 
618.044 11 
433.425 11 
457.231 11 
509.414 11 
372.733 11 
782.725 11 
519.549 11 
585.182 11 
495.05 11 
480.778 11 
444.076 11 
672.914 11 
502.869 11 
469.294 11 
375.404 11 
436.398 11 
650.063 11 
533.946 11 
456.422 11 
391.543 11 
516.888 11 
478.99 11 
530.858 11 
631.215 11 
505.357 11 
536.012 11 
456.006 11 
435.779 11 
487.573 11 
463.096 11 
572.581 11 
505.865 11 
720.613 11 
632.569 11 
670.878 11 
560.579 11 
519.722 11 
607.779 11 
651.213 11 
572.505 11 
503.79 11 
509.245 11 
435.841 11 
492.074 11 
490.447 11 
647.371 11 
425.573 11 
488.088 11 
458.268 11 
810.979 11 
506.783 11 
541.193 11 
420.911 11 
468.405 11 
540.948 11 
522.59 11 
463.022 11 
465.626 11 
565.461 11 
542.324 11 
529.938 11 
422.239 11 
840.867 11 
631.661 11 
484.383 11 
506.65 11 
579.813 11 
504.263 11 
577.125 11 
461.397 11 
505.214 11 
369.475 11 
743.176 11 
516.718 11 
500.856 11 
467.324 11 
536.785 11 
514.093 11 
562.504 11 
1015.96 11 
621.95 11 
521.699 11 
752.217 11 
581.412 11 
462.206 11 
452.319 11 
479.109 11 
865.784 11 
559.231 11 
596.996 11 
744.783 11 
494.205 11 
543.678 11 
381.557 11 
441.196 11 
442.903 11 
445.097 11 
500.562 11 
410.634 11 
502.344 11 
709.901 11 
616.843 11 
633.301 11 
1134.54 11 
555.219 11 
528.6 11 
506.673 11 
584.13 11 
516.924 11 
583.997 11 
430.712 11 
427.933 11 
485.965 11 
474.688 11 
574.572 11 
545.905 11 
419.227 11 
839.266 11 
470.163 11 
555.718 11 
378.325 11 
431.72 11 
592.329 11 
485.112 11 
1539.38 11 
479.904 11 
461.959 11 
501.604 11 
496.773 11 
557.679 11 
462.66 11 
446.407 11 
606.197 11 
546.038 11 
607.362 11 
550.179 11 
523.058 11 
520.687 11 
618.819 11 
501.899 11 
425.813 11 
426.523 11 
634.018 11 
470.519 11 
469.62 11 
366.857 11 
324.503 11 
486.64 11 
516.998 11 
451.353 11 
473.787 11 
512.53 11 
523.11 11 
471.094 11 
447.847 11 
535.927 11 
513.951 11 
745.513 11 
533.67 11 
455.055 11 
559.49 11 
575.034 11 
526.081 11 
513.51 11 
384.072 11 
438.825 11 
499.179 11 
831.653 11 
421.092 11 
503.3 11 
747.84 11 
471.593 11 
474.696 11 
445.694 11 
547.758 11 
536.699 11 
574.453 11 
419.7 11 
496.801 11 
445.286 11 
113.949 11 
464.119 11 
324.662 11 
533.361 11 
610.275 11 
456.557 11 
575.534 11 
530.624 11 
469.15 11 
502.13 11 
752.393 11 
466.071 11 
398.034 11 
464.869 11 
538.725 11 
493.461 11 
679.305 11 
775.012 11 
476.644 11 
343.928 11 
535.867 11 
677.418 11 
496.596 11 
388.818 11 
449.148 11 
656.813 11 
522.196 11 
691.088 11 
463.327 11 
453.777 11 
456.277 11 
472.594 11 
533.307 11 
504.461 11 
513.917 11 
942.696 11 
510.93 11 
565.567 11 
531.383 11 
746.161 11 
489.407 11 
460.56 11 
457.289 11 
489.22 11 
573.529 11 
506.432 11 
547.04 11 
505.91 11 
472.295 11 
465.651 11 
551.576 11 
724.371 11 
490.951 11 
743.991 11 
494.176 11 
450.874 11 
523.47 11 
491.44 11 
457.291 11 
508.115 11 
923.647 11 
455.938 11 
492.367 11 
750.618 11 
447.16 11 
523.117 11 
515.729 11 
710.435 11 
559.11 11 
533.437 11 
579.474 11 
535.854 11 
450.484 11 
481.908 11 
654.891 11 
506.757 11 
494.201 11 
623.108 11 
496.266 11 
557.697 11 
503.654 11 
437.402 11 
448.082 11 
456.857 11 
384.855 11 
466.601 11 
516.784 11 
602.592 11 
677.654 11 
480.373 11 
617.576 11 
518.593 11 
460.742 11 
487.056 11 
499.601 11 
564.549 11 
440.493 11 
609.979 11 
683.736 11 
483.24 11 
437.57 11 
532.154 11 
473.154 11 
466.218 11 
486.589 11 
512.078 11 
460.259 11 
528.434 11 
456.635 11 
503.876 11 
543.468 11 
424.799 11 
485.243 11 
490.332 11 
495.214 11 
544.915 11 
490.693 11 
458.43 11 
543.15 11 
493.669 11 
495.566 11 
561.627 11 
501.43 11 
467.847 11 
520.339 11 
373.624 11 
451.562 11 
520.752 11 
489.315 11 
580.383 11 
480.812 11 
456.774 11 
475.506 11 
520.693 11 
422.155 11 
464.868 11 
497.856 11 
478.243 11 
517.727 11 
489.591 11 
495.683 11 
544.672 11 
439.301 11 
534.948 11 
464.121 11 
431.878 11 
416.248 11 
552.645 11 
478.245 11 
627.494 11 
465.318 11 
407.394 11 
502.218 11 
442.371 11 
475.718 11 
476.957 11 
543.847 11 
577.19 11 
501.001 11 
520.232 11 
387.577 11 
470.824 11 
427.195 11 
481.446 11 
339.511 11 
465.08 11 
549.566 11 
498.037 11 
563.423 11 
471.107 11 
455.763 11 
581.848 11 
465.67 11 
507.101 11 
464.516 11 
536.703 11 
505.081 11 
455.426 11 
483.342 11 
578.325 11 
465.85 11 
554.788 11 
658.941 11 
797.64 11 
580.481 11 
504.226 11 
520.828 11 
568.118 11 
435.565 11 
488.996 11 
465.9 11 
481.708 11 
434.1 11 
515.114 11 
470.068 11 
760.324 11 
761.979 11 
465.891 11 
478.096 11 
578.059 11 
571.588 11 
639.567 11 
421.726 11 
503.694 11 
466.613 11 
482.915 11 
739.551 11 
480.393 11 
434.838 11 
509.392 11 
496.143 11 
409.362 11 
594.189 11 
780.071 11 
644.739 11 
372.948 11 
385.505 11 
529.296 11 
503.944 11 
488.775 11 
517.594 11 
514.692 11 
534.161 11 
475.16 11 
488.852 11 
557.496 11 
731.284 11 
464.125 11 
420.442 11 
512.217 11 
499.444 11 
433.254 11 
456.776 11 
462.881 11 
483.398 11 
517.935 11 
353.335 11 
474.988 11 
532.492 11 
709.909 11 
499.368 11 
485.742 11 
472.978 11 
514.039 11 
635.195 11 
422.313 11 
552.06 11 
494.633 11 
469.896 11 
485.933 11 
525.589 11 
731.762 11 
563.496 11 
484.52 11 
574.233 11 
569.695 11 
776.081 11 
711.46 11 
443.515 11 
426.28 11 
505.694 11 
533.652 11 
407.921 11 
503.649 11 
470.409 11 
509.051 11 
468.128 11 
767.373 11 
468.778 11 
454.1 11 
544.626 11 
609.961 11 
521.874 11 
621.432 11 
465.11 11 
801.553 11 
457.383 11 
796.339 11 
414.026 11 
467.474 11 
381.915 11 
737.587 11 
441.949 11 
438.67 11 
450.646 11 
497.018 11 
552.87 11 
537.505 11 
559.106 11 
528.531 11 
274.384 11 
730.976 11 
976.024 11 
488.438 11 
524.499 11 
458.615 11 
539.447 11 
529.518 11 
537.836 11 
554.263 11 
485.916 11 
506.155 11 
462.897 11 
480.937 11 
516.868 11 
394.258 11 
605.363 11 
517.008 11 
437.925 11 
526.684 11 
452.836 11 
492.526 11 
437.383 11 
498.924 11 
403.074 11 
532.29 11 
739.549 11 
481.884 11 
481.024 11 
505.175 11 
444.077 11 
422.376 11 
352.364 11 
394.91 11 
678.736 11 
494.164 11 
628.431 11 
378.75 11 
552.008 11 
485.29 11 
475.562 11 
451.354 11 
460.569 11 
442.277 11 
453.681 11 
443.949 11 
534.126 11 
506.06 11 
305.427 11 
539.609 11 
494.229 11 
728.92 11 
424.039 11 
577 11 
435.643 11 
478.79 11 
488.186 11 
600.541 11 
746.337 11 
682.574 11 
651.663 11 
418.997 11 
899.534 11 
393.886 11 
518.495 11 
503.85 11 
566.611 11 
1027.4 11 
559.335 11 
779.355 11 
488.184 11 
437.223 11 
522.166 11 
511.904 11 
707.678 11 
646.397 11 
523.766 11 
419.99 11 
481.372 11 
509.457 11 
501.859 11 
523.23 11 
471.381 11 
539.819 11 
486.848 11 
372.142 11 
528.593 11 
557.78 11 
581.405 11 
466.708 11 
534.241 11 
578.185 11 
502.469 11 
454.938 11 
499.728 11 
555.87 11 
513.286 11 
438.386 11 
567.276 11 
406.543 11 
486.441 11 
520.28 11 
408.298 11 
492.629 11 
613.007 11 
380.973 11 
474.996 11 
517.61 11 
525.797 11 
749.566 11 
465.418 11 
582.041 11 
655.78 11 
431.6 11 
609.794 11 
490.712 11 
435.095 11 
642.652 11 
512.075 11 
460.911 11 
653.4 11 
497.625 11 
473.353 11 
447.393 11 
521.398 11 
594.882 11 
591.993 11 
484.854 11 
649.195 11 
528.585 11 
421.313 11 
453.175 11 
518.744 11 
457.095 11 
460.748 11 
545.547 11 
106.337 11 
481.139 11 
368.158 11 
481.867 11 
269.356 11 
514.206 11 
468.472 11 
523.616 11 
557.423 11 
498.198 11 
527.319 11 
558.895 11 
648.081 11 
572.298 11 
508.56 11 
490.095 11 
474.487 11 
454.503 11 
1092.49 11 
470.722 11 
474.481 11 
746.249 11 
497.955 11 
559.889 11 
653.881 11 
447.284 11 
435.647 11 
650.713 11 
561.837 11 
414.892 11 
806.988 11 
472.32 11 
465.856 11 
455.205 11 
694.853 11 
517.903 11 
736.104 11 
472.289 11 
534.771 11 
437.608 11 
545.789 11 
536.278 11 
416.798 11 
428.496 11 
507.68 11 
688.117 11 
450.899 11 
474.81 11 
704.164 11 
565.337 11 
441.893 11 
734.423 11 
528.218 11 
521.324 11 
530.069 11 
529.527 11 
598.522 11 
470.684 11 
439.062 11 
550.736 11 
519.657 11 
462.778 11 
500.467 11 
491.599 11 
614.101 11 
504.162 11 
540.896 11 
460.428 11 
520.43 11 
667.37 11 
464.609 11 
501.175 11 
433.7 11 
480.947 11 
513.37 11 
507.313 11 
735.615 11 
463.968 11 
474.287 11 
585.828 11 
475.512 11 
534.138 11 
531.996 11 
515.006 11 
473.07 11 
476.971 11 
669.218 11 
411.245 11 
465.893 11 
900.796 11 
506.825 11 
523.009 11 
453.913 11 
595.366 11 
554.059 11 
670.163 11 
520.869 11 
526.798 11 
444.138 11 
480.812 11 
532.321 11 
529.852 11 
649.019 11 
476.368 11 
493.732 11 
512.113 11 
538.157 11 
478.903 11 
509.201 11 
447.327 11 
621.617 11 
567.803 11 
529.656 11 
520.373 11 
471.108 11 
490.585 11 
480.497 11 
895.167 11 
517.943 11 
437.472 11 
451.011 11 
656.984 11 
498.159 11 
443.748 11 
836.61 11 
413.601 11 
451.788 11 
465.249 11 
477.365 11 
586.34 11 
594.714 11 
456.163 11 
438.804 11 
490.739 11 
559.366 11 
471.468 11 
566.575 11 
581.958 11 
495.66 11 
515.794 11 
538.029 11 
503.873 11 
430.11 11 
596.875 11 
297.002 11 
514.013 11 
393.749 11 
934.616 11 
573.246 11 
518.782 11 
604.235 11 
424.388 11 
492.676 11 
549.215 11 
454.593 11 
394.506 11 
503.06 11 
654.218 11 
497.501 11 
512.527 11 
533.162 11 
519.939 11 
601.734 11 
592.129 11 
517.172 11 
532.88 11 
519.846 11 
558.804 11 
495.036 11 
447.842 11 
449.489 11 
569.519 11 
499.144 11 
481.266 11 
560.178 11 
999.37 11 
402.226 11 
543.269 11 
623.645 11 
442.583 11 
579.135 11 
522.568 11 
490.998 11 
470.053 11 
559.696 11 
599.622 11 
480.698 11 
404.168 11 
477.758 11 
446.804 11 
548.027 11 
530.958 11 
491.538 11 
745.57 11 
634.67 11 
587.778 11 
378.672 11 
582.438 11 
416.948 11 
866.174 11 
417.323 11 
529.359 11 
653.936 11 
634.547 11 
465.81 11 
555.718 11 
853.822 11 
441.925 11 
502.287 11 
709.231 11 
436.869 11 
519.839 11 
482.044 11 
570.552 11 
466.185 11 
512.912 11 
468.1 11 
1105.7 11 
616.829 11 
456.479 11 
463.362 11 
533.22 11 
559.551 11 
505.523 11 
524.482 11 
468.211 11 
769.49 11 
713.338 11 
537.28 11 
589.243 11 
559.046 11 
656.953 11 
540.695 11 
592.511 11 
471.93 11 
480.267 11 
608.706 11 
459.707 11 
606.853 11 
456.505 11 
560.851 11 
502.278 11 
490.294 11 
646.442 11 
551.27 11 
483.518 11 
516.911 11 
738.689 11 
715.906 11 
466.872 11 
489.851 11 
412.058 11 
415.831 11 
471.955 11 
497.28 11 
767.577 11 
550.761 11 
455.869 11 
425.191 11 
541.05 11 
622.434 11 
572.413 11 
665.262 11 
528.212 11 
498.516 11 
525.84 11 
668.03 11 
390.564 11 
568.664 11 
452.303 11 
693.226 11 
576.931 11 
536.927 11 
588.856 11 
544.963 11 
470.468 11 
615.311 11 
431.628 11 
479.305 11 
706.626 11 
446.5 11 
509.284 11 
336.998 11 
712.717 11 
550.678 11 
644.795 11 
497.758 11 
445.737 11 
478.985 11 
504.502 11 
386.377 11 
451.704 11 
505.459 11 
438.362 11 
393.407 11 
545.854 11 
498.256 11 
506.343 11 
386.739 11 
472.624 11 
558.054 11 
560.015 11 
545.955 11 
728.995 11 
537.153 11 
510.632 11 
555.052 11 
424.458 11 
444.018 11 
454.633 11 
491.589 11 
703.769 11 
424.887 11 
576.563 11 
384.658 11 
462.812 11 
497.569 11 
416.493 11 
663.164 11 
524.265 11 
409.306 11 
428.841 11 
480.165 11 
542.85 11 
733.042 11 
482.242 11 
421.352 11 
201.948 11 
433.579 11 
543.403 11 
426.016 11 
787.715 11 
531.517 11 
851.873 11 
452.18 11 
489.197 11 
479.197 11 
471.944 11 
574.526 11 
515.355 11 
471.954 11 
514.436 11 
495.072 11 
422.652 11 
465.622 11 
498.854 11 
837.887 11 
844.466 11 
470.079 11 
694.846 11 
432.139 11 
471.02 11 
392.291 11 
547.564 11 
541.061 11 
404.526 11 
615.505 11 
662.773 11 
664.712 11 
482.293 11 
602.967 11 
519.757 11 
453.018 11 
147.106 11 
532.462 11 
717.61 11 
460.96 11 
498.38 11 
520.681 11 
525.578 11 
440.731 11 
840.46 11 
504.468 11 
480.529 11 
498.388 11 
559.936 11 
441.114 11 
552.206 11 
492.769 11 
497.625 11 
436.935 11 
512.426 11 
531.3 11 
475.576 11 
468.71 11 
424.658 11 
454.113 11 
499.4 11 
483.327 11 
382.377 11 
522.504 11 
492.122 11 
471.615 11 
483.395 11 
516.723 11 
439.022 11 
589.393 11 
424.86 11 
489.431 11 
548.982 11 
479.144 11 
534.9 11 
523.226 11 
270.911 11 
522.526 11 
401.96 11 
497.504 11 
470.299 11 
549.926 11 
464.01 11 
428.862 11 
455.922 11 
542.908 11 
541.203 11 
456.99 11 
485.914 11 
452.128 11 
542.046 11 
524.63 11 
547.278 11 
420.195 11 
574.794 11 
584.36 11 
498.41 11 
568.896 11 
489.441 11 
519.501 11 
538.686 11 
414.124 11 
734.402 11 
650.034 11 
550.103 11 
493.435 11 
475.522 11 
420.531 11 
444.186 11 
671.475 11 
479.115 11 
571.783 11 
390.553 11 
479.112 11 
479.101 11 
623.715 11 
443.337 11 
487.117 11 
472.029 11 
420.996 11 
698.145 11 
467.082 11 
487.051 11 
505.316 11 
538.296 11 
504.691 11 
474.073 11 
539.513 11 
430.335 11 
459.256 11 
375.347 11 
924.117 11 
494.78 11 
455.847 11 
865.852 11 
481.661 11 
391.81 11 
603.797 11 
608.336 11 
553.594 11 
756.112 11 
610.935 11 
534.681 11 
514.666 11 
619.258 11 
516.618 11 
525.707 11 
894.668 11 
379.712 11 
611.347 11 
448.059 11 
426.673 11 
433.489 11 
528.299 11 
536.32 11 
605.311 11 
543.397 11 
502.505 11 
423.285 11 
349.518 11 
478.759 11 
421.789 11 
485.699 11 
476.746 11 
548.438 11 
484.705 11 
673.945 11 
487.145 11 
449.468 11 
508.335 11 
514.003 11 
446.842 11 
442.779 11 
502.815 11 
559.695 11 
636.398 11 
461.901 11 
606.359 11 
448.046 11 
602.136 11 
538.421 11 
826.789 11 
452.436 11 
508.214 11 
561.784 11 
512.371 11 
530.726 11 
546.74 11 
536.201 11 
487.036 11 
431.659 11 
620.492 11 
534.414 11 
523.774 11 
474.285 11 
496.332 11 
586.672 11 
672.674 11 
563.532 11 
748.967 11 
545.127 11 
445.166 11 
544.76 11 
745.318 11 
519.239 11 
576.812 11 
502.946 11 
396.435 11 
602.893 11 
470.692 11 
528.924 11 
397.619 11 
464.449 11 
513.748 11 
430.499 11 
527.455 11 
416.941 11 
466.548 11 
621.603 11 
507.293 11 
833.732 11 
550.064 11 
467.121 11 
465.216 11 
499.248 11 
908.965 11 
628.282 11 
487.174 11 
538.632 11 
593.419 11 
519.807 11 
779.066 11 
365.442 11 
536.141 11 
729.2 11 
513.689 11 
478.237 11 
389.675 11 
433.22 11 
484.571 11 
442.358 11 
584.343 11 
620.506 11 
483.092 11 
557.906 11 
506.431 11 
641.685 11 
482.022 11 
464.745 11 
646.673 11 
488.04 11 
605.755 11 
545.922 11 
544.364 11 
705.627 11 
438.796 11 
570.998 11 
581.259 11 
453.606 11 
504.848 11 
536.649 11 
528.463 11 
370.992 11 
538.051 11 
531.313 11 
544.541 11 
502.949 11 
426.319 11 
324.312 11 
838.324 11 
553.218 11 
573.698 11 
599.665 11 
519.481 11 
537.079 11 
778.033 11 
529.297 11 
631.456 11 
460.708 11 
440.458 11 
492.346 11 
534.108 11 
549.961 11 
525.16 11 
503.157 11 
472.231 11 
604.992 11 
577.161 11 
582.761 11 
474.864 11 
448.922 11 
536.708 11 
635.572 11 
544.371 11 
478.505 11 
508.893 11 
392.424 11 
459.277 11 
527.53 11 
441.233 11 
487.057 11 
399.28 11 
432.012 11 
456.016 11 
501.66 11 
348.348 11 
423.654 11 
750.61 11 
425.008 11 
446.608 11 
691.074 11 
399.16 11 
445.225 11 
403.908 11 
517.026 11 
422.23 11 
444.042 11 
262.678 11 
543.644 11 
500.925 11 
503.14 11 
570.987 11 
410.02 11 
596.636 11 
484.968 11 
398.825 11 
436.417 11 
500.265 11 
626.021 11 
552.643 11 
538.301 11 
369.449 11 
519.335 11 
563.169 11 
466.49 11 
501.655 11 
623.411 11 
489.806 11 
487.55 11 
590.172 11 
588.88 11 
473.645 11 
461.068 11 
507.624 11 
474.525 11 
518.992 11 
448.123 11 
469.024 11 
557.228 11 
578.61 11 
351.947 11 
629.137 11 
480.699 11 
500.423 11 
573.318 11 
660.466 11 
462.377 11 
439.976 11 
517.85 11 
543.259 11 
649.793 11 
504.282 11 
422.757 11 
467.243 11 
485.095 11 
523.257 11 
456.204 11 
461.654 11 
482.397 11 
472.872 11 
492.881 11 
550.66 11 
444.348 11 
583.233 11 
521.825 11 
527.919 11 
457.76 11 
476.356 11 
565.381 11 
555.68 11 
360.11 11 
406.642 11 
483.826 11 
404.892 11 
466.665 11 
562.098 11 
510.032 11 
403.336 11 
425.485 11 
413.24 11 
391.627 11 
391.233 11 
510.3 11 
494.669 11 
464.242 11 
530.178 11 
449.369 11 
521.073 11 
496.833 11 
480.977 11 
498.336 11 
419.002 11 
510.551 11 
543.718 11 
464.625 11 
457.303 11 
541.549 11 
725.577 11 
710.807 11 
506.682 11 
519.746 11 
495.406 11 
515.318 11 
855.682 11 
601.111 11 
560.989 11 
461.357 11 
661.507 11 
477.815 11 
433.44 11 
508.058 11 
523.21 11 
532.075 11 
471.331 11 
521.174 11 
530.488 11 
569.987 11 
715.252 11 
535.246 11 
559.517 11 
512.345 11 
272.879 11 
463.534 11 
470.808 11 
518.254 11 
448.483 11 
661.507 11 
822.062 11 
453.69 11 
433.064 11 
451.312 11 
480.084 11 
440.748 11 
548.589 11 
499.606 11 
516.255 11 
615.324 11 
384.938 11 
438.197 11 
502.682 11 
508.654 11 
460.949 11 
547.965 11 
314.829 11 
495.34 11 
519.368 11 
507.555 11 
495.784 11 
506.337 11 
492.858 11 
509.923 11 
446.237 11 
515.617 11 
532.341 11 
735.052 11 
650.142 11 
700.98 11 
415.849 11 
471.431 11 
457.808 11 
509.313 11 
473.517 11 
763.699 11 
493.135 11 
483.185 11 
562.856 11 
904.456 11 
490.558 11 
468.348 11 
583.002 11 
487.103 11 
542.921 11 
582.908 11 
586.653 11 
452.91 11 
489.79 11 
436.606 11 
540.274 11 
472.364 11 
553.596 11 
453.035 11 
519.747 11 
411.144 11 
629.526 11 
672.105 11 
486.531 11 
574.619 11 
523.877 11 
451.66 11 
451.61 11 
532.452 11 
628.473 11 
505.919 11 
447.025 11 
460.133 11 
476.579 11 
452.699 11 
693.661 11 
548.028 11 
459.606 11 
550.469 11 
440.124 11 
912.099 11 
418.153 11 
616.762 11 
574.94 11 
574.82 11 
530.127 11 
503.261 11 
437.037 11 
592.397 11 
582.596 11 
576.384 11 
776.78 11 
462.398 11 
677.363 11 
544.37 11 
540.472 11 
529.196 11 
589.468 11 
526.516 11 
551.349 11 
647.122 11 
477.54 11 
479.287 11 
786.973 11 
553.759 11 
435.326 11 
358.222 11 
885.605 11 
764.293 11 
505.277 11 
409.461 11 
544.157 11 
481.606 11 
1111.66 11 
486.416 11 
609.853 11 
426.559 11 
603.455 11 
475.247 11 
559.922 11 
550.51 11 
437.651 11 
470.087 11 
462.467 11 
518.894 11 
627.759 11 
528.671 11 
545.014 11 
492.168 11 
462.577 11 
512.465 11 
532.573 11 
674.6 11 
385.533 11 
503.183 11 
435.905 11 
472.164 11 
437.34 11 
443.81 11 
509.705 11 
525.537 11 
386.588 11 
708.186 11 
495.949 11 
499.276 11 
526.633 11 
441.701 11 
551.172 11 
492.634 11 
571.144 11 
447.421 11 
484.441 11 
554.012 11 
458.614 11 
413.015 11 
554.943 11 
449.972 11 
558.567 11 
529.49 11 
851.211 11 
443.165 11 
517.675 11 
459.196 11 
577.458 11 
507.067 11 
560.611 11 
531.733 11 
431.687 11 
455.403 11 
620.662 11 
477.268 11 
454.436 11 
675.917 11 
472.362 11 
672.894 11 
500.576 11 
558.218 11 
416.75 11 
543.362 11 
483.053 11 
369.53 11 
471.015 11 
432.577 11 
522.611 11 
507.759 11 
401.76 11 
580.851 11 
405.618 11 
576.874 11 
529.775 11 
392.992 11 
510.46 11 
841.806 11 
387.645 11 
530.299 11 
486.63 11 
416.618 11 
770.181 11 
780.784 11 
532.558 11 
460.839 11 
441.498 11 
449.223 11 
497.34 11 
550.081 11 
481.707 11 
518.817 11 
561.375 11 
833.449 11 
879.784 11 
557.874 11 
831.252 11 
646.33 11 
659.186 11 
822.887 11 
551.782 11 
546.857 11 
414.052 11 
705.163 11 
464.86 11 
511.496 11 
515.603 11 
797.797 11 
547.488 11 
917.852 11 
663.587 11 
460.242 11 
597.939 11 
359.331 11 
551.052 11 
477.233 11 
563.54 11 
617.195 11 
792.194 11 
805.25 11 
506.262 11 
419.591 11 
837.148 11 
487.608 11 
514.517 11 
487.983 11 
652.176 11 
757.815 11 
460.433 11 
496.752 11 
507.235 11 
472.904 11 
520.48 11 
438.529 11 
631.739 11 
466.714 11 
443.12 11 
483.524 11 
508.914 11 
442.611 11 
580.339 11 
514.429 11 
499.506 11 
460.144 11 
536.455 11 
609.901 11 
380.473 11 
533.82 11 
498.354 11 
521.825 11 
484.987 11 
559.62 11 
487.39 11 
643.615 11 
529.457 11 
493.364 11 
481.828 11 
639.574 11 
479.418 11 
564.41 11 
729.024 11 
571.629 11 
514.461 11 
484.045 11 
628.562 11 
577.984 11 
480.473 11 
534.119 11 
485.413 11 
535.615 11 
536.16 11 
670.709 11 
453.063 11 
507.091 11 
493.962 11 
489.648 11 
551.584 11 
361.888 11 
454.127 11 
402.395 11 
509.191 11 
414.867 11 
483.654 11 
682.279 11 
394.99 11 
819.896 11 
486.8 11 
624.624 11 
438.14 11 
444.293 11 
503.11 11 
472.539 11 
445.8 11 
490.552 11 
490.602 11 
357.805 11 
459.982 11 
628.964 11 
402.032 11 
551.81 11 
422.79 11 
447.227 11 
476.251 11 
546.345 11 
515.977 11 
517.37 11 
496.478 11 
401.309 11 
513.028 11 
513.631 11 
509.804 11 
503.106 11 
468.106 11 
518.983 11 
486.39 11 
480.235 11 
478.833 11 
379.049 11 
421.092 11 
520.705 11 
417.568 11 
409.256 11 
612.771 11 
521.848 11 
572.512 11 
467.347 11 
569.185 11 
468.514 11 
496.208 11 
411.59 11 
398.122 11 
551.405 11 
479.854 11 
484.706 11 
480.384 11 
697.948 11 
651.446 11 
520.581 11 
474.085 11 
406.932 11 
498.262 11 
606.597 11 
506.12 11 
506.713 11 
457.921 11 
529.591 11 
533.714 11 
418.588 11 
555.14 11 
558.779 11 
512.891 11 
532.967 11 
419.537 11 
486.644 11 
491.211 11 
572.299 11 
493.547 11 
548.277 11 
458.169 11 
599.418 11 
411.285 11 
486.448 11 
528.481 11 
520.846 11 
588.454 11 
531.93 11 
508.256 11 
453.03 11 
437.092 11 
395.928 11 
458.641 11 
680.413 11 
609.854 11 
456.642 11 
523.394 11 
516.636 11 
372.829 11 
481.895 11 
469.209 11 
485.781 11 
469.514 11 
494.772 11 
571.221 11 
439.6 11 
580.131 11 
485.405 11 
610.918 11 
683.994 11 
527.673 11 
737.349 11 
662.568 11 
635.904 11 
443.252 11 
438.176 11 
503.115 11 
512.885 11 
450.028 11 
467.356 11 
440.499 11 
969.175 11 
616.6 11 
483.121 11 
448.319 11 
479.934 11 
483.817 11 
576.283 11 
653.526 11 
517.312 11 
455.674 11 
509.386 11 
447.71 11 
413.922 11 
482.94 11 
578.741 11 
559.885 11 
493.064 11 
516.248 11 
849.976 11 
419.064 11 
368.867 11 
544.264 11 
487.933 11 
734.764 11 
650.38 11 
601.619 11 
549.616 11 
433.143 11 
978.413 11 
653.405 11 
589.934 11 
464.565 11 
476.396 11 
446.68 11 
504.843 11 
542.458 11 
608.295 11 
391.306 11 
474.929 11 
773.663 11 
584.822 11 
699.315 11 
428.053 11 
477.608 11 
768.668 11 
883.964 11 
491.241 11 
468.664 11 
720.038 11 
518.731 11 
598.306 11 
574.054 11 
554.449 11 
438.649 11 
487.442 11 
430.991 11 
559.485 11 
500.084 11 
931.131 11 
740.765 11 
544.805 11 
445.671 11 
673.652 11 
541.031 11 
534.373 11 
529.131 11 
577.61 11 
497.485 11 
291.429 11 
480.473 11 
486.687 11 
574.714 11 
519.891 11 
595.445 11 
506.631 11 
1002.43 11 
909.013 11 
400.198 11 
428.574 11 
547.503 11 
399.441 11 
879.991 11 
529.85 11 
531.419 11 
615.316 11 
455.912 11 
501.997 11 
527.601 11 
442.17 11 
550.001 11 
470.681 11 
637.207 11 
449.713 11 
449.634 11 
539.101 11 
485.096 11 
541.149 11 
509.373 11 
450.78 11 
521.546 11 
1106.62 11 
506.746 11 
393.847 11 
446.153 11 
425.47 11 
747.071 11 
460.771 11 
652.546 11 
1045.45 11 
456.338 11 
391.782 11 
519.599 11 
506.156 11 
556.65 11 
467.196 11 
644.857 11 
612.71 11 
404.435 11 
404.075 11 
494.286 11 
455.928 11 
589.883 11 
462.264 11 
709.522 11 
503.45 11 
423.853 11 
431.392 11 
549.084 11 
472.207 11 
473.288 11 
502.887 11 
520.303 11 
611.382 11 
536.427 11 
487.121 11 
499.174 11 
473.041 11 
484.555 11 
400.644 11 
444.66 11 
497.136 11 
485.53 11 
819.538 11 
443.895 11 
468.808 11 
493.975 11 
495.115 11 
568.315 11 
389.384 11 
146.089 11 
544.607 11 
545.036 11 
477.333 11 
509.52 11 
492.56 11 
521.081 11 
582.518 11 
734.839 11 
511.199 11 
479.297 11 
406.134 11 
484.288 11 
483.011 11 
437.669 11 
413.685 11 
520.431 11 
557.127 11 
564.036 11 
470.006 11 
520.285 11 
900.962 11 
584.912 11 
631.483 11 
460.917 11 
558.721 11 
565.206 11 
438.885 11 
447.018 11 
387.754 11 
441.654 11 
523.879 11 
605.998 11 
441.951 11 
371.898 11 
872.625 11 
427.751 11 
726.998 11 
517.175 11 
464.596 11 
936.504 11 
529.918 11 
522.945 11 
528.886 11 
476.42 11 
488.87 11 
563.134 11 
504.269 11 
489.669 11 
445.703 11 
449.011 11 
510.221 11 
740.386 11 
454.193 11 
512.697 11 
553.511 11 
423.334 11 
555.6 11 
801.653 11 
505.565 11 
505.344 11 
505.132 11 
486.441 11 
425.745 11 
659.813 11 
426.28 11 
497.647 11 
587.671 11 
550.083 11 
647.063 11 
486.589 11 
628.639 11 
455.321 11 
569.173 11 
510.71 11 
602.342 11 
480.609 11 
499.976 11 
507.144 11 
499.061 11 
508.209 11 
485.642 11 
504.64 11 
420.551 11 
597.204 11 
680.536 11 
620.629 11 
490.701 11 
544.599 11 
435.662 11 
532.444 11 
569.701 11 
651.484 11 
591.227 11 
544.379 11 
495.665 11 
1078.95 11 
687.053 11 
500.644 11 
541.144 11 
461.396 11 
778.737 11 
533.502 11 
608.244 11 
487.993 11 
660.793 11 
540.708 11 
391.101 11 
397.419 11 
998.114 11 
651.64 11 
456.021 11 
566.804 11 
425.367 11 
523.475 11 
528.916 11 
577.066 11 
626.092 11 
416.142 11 
530.537 11 
474.595 11 
438.011 11 
513.887 11 
850.912 11 
493.422 11 
734.206 11 
532.487 11 
507.49 11 
592.875 11 
582.269 11 
466.936 11 
483.951 11 
559.461 11 
555.403 11 
492.308 11 
410.531 11 
488.25 11 
559.701 11 
557.018 11 
417.9 11 
514.259 11 
547.118 11 
614.685 11 
498.961 11 
710.262 11 
598.034 11 
417.663 11 
649.198 11 
902.496 11 
519.462 11 
539.175 11 
474.923 11 
661.58 11 
569.644 11 
483.171 11 
435.124 11 
480.007 11 
634.217 11 
500.534 11 
472.511 11 
444.324 11 
433.66 11 
401.328 11 
527.073 11 
480.135 11 
661.711 11 
474.502 11 
687.205 11 
729.918 11 
580.829 11 
543.224 11 
634.918 11 
688.455 11 
810.454 11 
527.979 11 
554.059 11 
912.191 11 
286.394 11 
483.311 11 
505.091 11 
451.913 11 
629.298 11 
434.837 11 
492.531 11 
475.216 11 
603.636 11 
451.288 11 
488.25 11 
451.684 11 
396.951 11 
635.201 11 
508.818 11 
585.748 11 
639.386 11 
858.657 11 
899.183 11 
516.612 11 
637.703 11 
489.932 11 
499.536 11 
489.407 11 
545.866 11 
473.285 11 
675.883 11 
467.298 11 
516.332 11 
532.135 11 
899.456 11 
371.585 11 
556.369 11 
371.452 11 
481.159 11 
809.631 11 
615.987 11 
569.739 11 
519.905 11 
394.634 11 
417.234 11 
461.399 11 
450.623 11 
524.946 11 
528.641 11 
467.713 11 
685.771 11 
481.731 11 
549.263 11 
541.384 11 
548.146 11 
437.919 11 
472.332 11 
488.843 11 
509.69 11 
431.747 11 
549.652 11 
700.249 11 
557.973 11 
546.349 11 
456.276 11 
522.352 11 
511.232 11 
603.946 11 
553.099 11 
606.677 11 
446.747 11 
510.626 11 
505.719 11 
450.446 11 
485.667 11 
852.616 11 
401.728 11 
392.806 11 
481.35 11 
528.339 11 
492.34 11 
917.393 11 
421.487 11 
532.301 11 
672.965 11 
511.434 11 
447.625 11 
429.125 11 
488.164 11 
504.583 11 
687.145 11 
470.718 11 
365.911 11 
330.82 11 
509.974 11 
677.149 11 
840.599 11 
633.771 11 
581.894 11 
526.627 11 
556.553 11 
527.818 11 
487.886 11 
466.07 11 
491.073 11 
483.771 11 
845.099 11 
569.217 11 
415.421 11 
517.347 11 
619.684 11 
741.233 11 
494.322 11 
619.391 11 
443.551 11 
501.21 11 
443.905 11 
1083.38 11 
657.966 11 
507.387 11 
520.392 11 
520.007 11 
504.043 11 
485.025 11 
504.331 11 
418.941 11 
543.842 11 
448.851 11 
606.205 11 
415.778 11 
477.062 11 
437.55 11 
609.011 11 
478.014 11 
480.399 11 
418.547 11 
503.021 11 
512.348 11 
512.814 11 
512.008 11 
386.526 11 
536.501 11 
512.664 11 
530.853 11 
515.634 11 
541.841 11 
660.254 11 
400.907 11 
476.976 11 
569.259 11 
439.79 11 
542.694 11 
634.121 11 
485.844 11 
433.505 11 
420.582 11 
610.682 11 
518.873 11 
608.722 11 
564.049 11 
485.601 11 
508.92 11 
486.723 11 
515.145 11 
511.942 11 
487.061 11 
530.213 11 
513.373 11 
520.852 11 
463.34 11 
487.113 11 
402.161 11 
419.445 11 
512.882 11 
602.524 11 
557.341 11 
1115.93 11 
382.717 11 
479.702 11 
434.47 11 
482.023 11 
492.423 11 
440.297 11 
501.081 11 
518.09 11 
437.029 11 
455.567 11 
396.11 11 
508.583 11 
506.39 11 
510.74 11 
420.523 11 
934.817 11 
472.118 11 
498.845 11 
172.789 11 
469.394 11 
470.6 11 
433.662 11 
436.935 11 
496.217 11 
474.201 11 
505.241 11 
497.28 11 
471.914 11 
475.69 11 
543.685 11 
534.991 11 
542.9 11 
457.98 11 
470.776 11 
439.175 11 
483.998 11 
416.587 11 
405.927 11 
620.519 11 
443.23 11 
645.82 11 
545.467 11 
606.676 11 
921.253 11 
723.073 11 
491.076 11 
436.258 11 
504.538 11 
429.173 11 
766.721 11 
542.049 11 
518.207 11 
663.174 11 
519.537 11 
385.48 11 
501.457 11 
825.166 11 
420.147 11 
755.216 11 
669.626 11 
481.269 11 
481.765 11 
531.031 11 
498.144 11 
533.91 11 
432.261 11 
725.369 11 
512.806 11 
814.746 11 
533.127 11 
468.785 11 
497.686 11 
461.576 11 
744.516 11 
659.861 11 
504.722 11 
395.205 11 
555.734 11 
493.532 11 
572.256 11 
463.47 11 
557.887 11 
507.402 11 
1182.66 11 
559.075 11 
463.892 11 
560.161 11 
579.028 11 
458.909 11 
435.62 11 
556.301 11 
440.222 11 
436.953 11 
488.535 11 
721.017 11 
510.66 11 
404.892 11 
662.663 11 
508.556 11 
502.671 11 
529.023 11 
470.236 11 
486.966 11 
442.779 11 
544.043 11 
466.384 11 
464.851 11 
510.447 11 
622.617 11 
508.963 11 
747.745 11 
492.143 11 
777.728 11 
381.382 11 
820.15 11 
521.861 11 
1107.65 11 
438.415 11 
637.646 11 
370.814 11 
589.568 11 
641.704 11 
264.943 11 
531.099 11 
427.333 11 
478.15 11 
462.897 11 
410.39 11 
555.46 11 
474.553 11 
626.519 11 
521.908 11 
526.258 11 
427.585 11 
505.58 11 
474.853 11 
466.961 11 
748.515 11 
415.018 11 
578.593 11 
498.217 11 
416.581 11 
614.368 11 
468.386 11 
373.076 11 
137.26 11 
532.674 13 
441.794 13 
639.453 13 
488.206 13 
432.631 13 
460.109 13 
496.3 13 
534.058 13 
455.768 13 
544.681 13 
478.848 13 
369.765 13 
704.931 13 
475.807 13 
488.365 13 
617.41 13 
490.922 13 
487.717 13 
538.326 13 
502.341 13 
461.42 13 
511.301 13 
492.793 13 
502.863 13 
511.993 13 
492.39 13 
479.72 13 
1101.7 13 
467.199 13 
494.953 13 
488.108 13 
512.351 13 
408.685 13 
489.999 13 
505.507 13 
972.584 13 
479.381 13 
412.834 13 
567.469 13 
859.247 13 
440.159 13 
531.967 13 
502.03 13 
518.228 13 
427.077 13 
545.535 13 
520.806 13 
687.007 13 
482.259 13 
437.956 13 
430.879 13 
460.253 13 
616.755 13 
480.493 13 
506.124 13 
487.228 13 
509.895 13 
516.567 13 
582.113 13 
572.134 13 
449.532 13 
496.625 13 
516.344 13 
564.803 13 
555.372 13 
528.626 13 
514.069 13 
452.778 13 
517.707 13 
515.531 13 
1409.54 13 
759.73 13 
485.255 13 
468.791 13 
595.506 13 
780.179 13 
456.161 13 
486.256 13 
520.889 13 
764.547 13 
630.24 13 
513.191 13 
227.894 13 
435.829 13 
355.604 13 
515.651 13 
570.478 13 
666.546 13 
775.306 13 
468.222 13 
959.908 13 
501.205 13 
368.329 13 
457.555 13 
764.916 13 
480.81 13 
545.347 13 
271.771 13 
708.783 13 
421.489 13 
442.53 13 
605.767 13 
533.615 13 
509.544 13 
485.147 13 
481.657 13 
519.227 13 
729.739 13 
494.496 13 
411.969 13 
617.155 13 
483.773 13 
506.509 13 
602.354 13 
515.168 13 
527.448 13 
489.297 13 
469.453 13 
756.383 13 
519.791 13 
671.725 13 
719.078 13 
618.626 13 
506.956 13 
485.515 13 
473.69 13 
455.743 13 
476.384 13 
529.419 13 
483.508 13 
575.743 13 
495.683 13 
492.702 13 
438.241 13 
462.761 13 
487.556 13 
449.649 13 
450.099 13 
539.953 13 
609.743 13 
475.466 13 
447.977 13 
538.819 13 
463.121 13 
712.468 13 
507.148 13 
449.666 13 
476.051 13 
492.911 13 
509.409 13 
578.678 13 
622.776 13 
434.34 13 
382.136 13 
720.043 13 
561.137 13 
693.894 13 
342.639 13 
528.841 13 
531.012 13 
439.664 13 
395.332 13 
488.178 13 
676.144 13 
462.995 13 
459.744 13 
700.374 13 
512.553 13 
500.026 13 
482.186 13 
695.276 13 
429.483 13 
366.301 13 
515.208 13 
597.248 13 
543.3 13 
636.663 13 
469.393 13 
592.597 13 
409.702 13 
560.089 13 
571.944 13 
493.643 13 
478.242 13 
463.225 13 
497.068 13 
482.81 13 
461.375 13 
574.939 13 
554.675 13 
442.84 13 
615.035 13 
737.141 13 
455.433 13 
456.166 13 
440.015 13 
543.673 13 
445.087 13 
479.471 13 
583.459 13 
492.296 13 
326.008 13 
437.835 13 
456.455 13 
510.683 13 
647.644 13 
518.967 13 
442.907 13 
521.789 13 
391.954 13 
506.401 13 
551.375 13 
557.794 13 
447.634 13 
614.348 13 
476.757 13 
586.135 13 
391.145 13 
479.996 13 
374.1 13 
614.768 13 
438.764 13 
773.263 13 
524.891 13 
633.079 13 
445.017 13 
717.545 13 
648.248 13 
413.111 13 
440.477 13 
669.515 13 
498.599 13 
572.724 13 
512.666 13 
471.696 13 
633.484 13 
486.429 13 
453.56 13 
541.955 13 
443.822 13 
518.223 13 
497.757 13 
675.031 13 
569.973 13 
577.304 13 
392.02 13 
366.999 13 
425.541 13 
498.92 13 
471.208 13 
559.011 13 
484.877 13 
657.563 13 
590.043 13 
538.735 13 
504.182 13 
502.813 13 
504.038 13 
529.799 13 
492.816 13 
487.965 13 
538.539 13 
666.691 13 
519.347 13 
421.735 13 
426.224 13 
493.374 13 
495.846 13 
465.799 13 
603.92 13 
535.142 13 
479.676 13 
498.169 13 
432.928 13 
604.908 13 
511.843 13 
482.268 13 
608.688 13 
499.84 13 
478.895 13 
483.716 13 
477.384 13 
475.065 13 
435.704 13 
553.733 13 
476.591 13 
479.922 13 
422.689 13 
527.044 13 
522.852 13 
383.578 13 
476.739 13 
508.582 13 
434.468 13 
537.526 13 
485.337 13 
624.62 13 
458.429 13 
475.78 13 
781.351 13 
542.184 13 
592.3 13 
521.729 13 
373.279 13 
482.503 13 
412.949 13 
536.977 13 
465.542 13 
494.23 13 
551.697 13 
477.897 13 
582.282 13 
596.254 13 
530.276 13 
551.128 13 
485.783 13 
526.666 13 
516.918 13 
714.65 13 
425.434 13 
410.922 13 
455.57 13 
505.982 13 
488.378 13 
514.974 13 
546.087 13 
494.294 13 
438.801 13 
463.497 13 
419.002 13 
448.311 13 
647.88 13 
761.425 13 
809.702 13 
477.725 13 
557.191 13 
508.781 13 
460.707 13 
529.157 13 
519.947 13 
424.995 13 
506.53 13 
661.801 13 
487.162 13 
763.194 13 
489.206 13 
573.798 13 
699.139 13 
605.82 13 
538.93 13 
513.664 13 
420.976 13 
614.873 13 
537.104 13 
485.144 13 
524.1 13 
504.022 13 
445.317 13 
525.641 13 
475.922 13 
491.591 13 
550.191 13 
409.788 13 
554.345 13 
518.484 13 
490.623 13 
549.236 13 
518.29 13 
495.248 13 
463.855 13 
508.719 13 
508.599 13 
563.15 13 
511.472 13 
510.257 13 
566.687 13 
527.6 13 
448.186 13 
474.912 13 
602.77 13 
514.918 13 
512.344 13 
586.939 13 
551.842 13 
488.928 13 
551.77 13 
492.399 13 
519.59 13 
715 13 
658.229 13 
461.487 13 
557.959 13 
516.055 13 
477.916 13 
538.164 13 
516.012 13 
551.274 13 
568.51 13 
467.063 13 
343.865 13 
532.432 13 
605.674 13 
406.179 13 
587.61 13 
561.212 13 
437.892 13 
481.034 13 
500.898 13 
493.368 13 
414.625 13 
514.668 13 
427.975 13 
455.829 13 
483.921 13 
355.93 13 
461.106 13 
471.147 13 
485.024 13 
628.596 13 
581.634 13 
543.497 13 
458.704 13 
440.034 13 
471.685 13 
532.49 13 
505.983 13 
436.082 13 
426.71 13 
526.855 13 
562.66 13 
579.729 13 
486.655 13 
452.644 13 
455.141 13 
398.006 13 
461.499 13 
559.352 13 
485.451 13 
494.57 13 
489.962 13 
543.361 13 
508.394 13 
505.557 13 
517.886 13 
473.806 13 
404.428 13 
555.701 13 
565.175 13 
426.993 13 
574.629 13 
454.706 13 
465.188 13 
313.733 13 
438.392 13 
392.103 13 
577.862 13 
458.941 13 
453.766 13 
459.25 13 
457.125 13 
495.906 13 
456.664 13 
485.314 13 
443.755 13 
215.639 13 
396.746 13 
464.089 13 
463.953 13 
450.013 13 
488.624 13 
466.82 13 
360.616 13 
496.377 13 
569.07 13 
522.484 13 
538.555 13 
505.018 13 
523.091 13 
525.928 13 
518.051 13 
430.747 13 
413.397 13 
528.87 13 
595.406 13 
529.924 13 
490.425 13 
540.213 13 
484.807 13 
474.505 13 
544.965 13 
499.626 13 
473.3 13 
681.276 13 
490.435 13 
1059.22 13 
524.443 13 
553.061 13 
898.993 13 
403.338 13 
542.939 13 
456.782 13 
399.064 13 
523.023 13 
495.448 13 
467.948 13 
502.561 13 
505.54 13 
473.294 13 
514.31 13 
552.831 13 
484.477 13 
531.26 13 
493.97 13 
402.72 13 
466.576 13 
594.204 13 
674.885 13 
445.991 13 
652.511 13 
542.912 13 
606.663 13 
813.107 13 
447.145 13 
457.416 13 
485.216 13 
447.055 13 
489.656 13 
700.864 13 
487.056 13 
583.487 13 
461.874 13 
447.077 13 
597.969 13 
493.193 13 
592.029 13 
552.764 13 
477.074 13 
458.691 13 
528.543 13 
454.489 13 
448.865 13 
494.954 13 
461.236 13 
595.428 13 
503.851 13 
412.685 13 
881.64 13 
510.909 13 
475.342 13 
529.15 13 
478.575 13 
412.194 13 
472.983 13 
531.925 13 
475.194 13 
478.193 13 
485.078 13 
486.169 13 
500.627 13 
489.446 13 
516.027 13 
505.014 13 
863.511 13 
442.756 13 
375.684 13 
410.214 13 
550.052 13 
420.698 13 
582.348 13 
461.13 13 
472.532 13 
423.921 13 
514.141 13 
836.053 13 
512.744 13 
471.611 13 
514.338 13 
437.724 13 
644.039 13 
462.117 13 
486.394 13 
499.665 13 
357.604 13 
509.844 13 
479.732 13 
491.471 13 
563.242 13 
380.402 13 
519.644 13 
489.737 13 
592.531 13 
378.567 13 
643.273 13 
519.719 13 
505.984 13 
473.406 13 
532.281 13 
456.875 13 
456.325 13 
460.098 13 
432.444 13 
476.595 13 
476.306 13 
459.146 13 
641.201 13 
610.706 13 
496.092 13 
643.424 13 
415.228 13 
537.293 13 
495.546 13 
588.46 13 
469.284 13 
553.134 13 
420.983 13 
523.76 13 
636.3 13 
524.272 13 
386.603 13 
562.018 13 
554.756 13 
468.976 13 
635.566 13 
649.041 13 
420.684 13 
553.116 13 
597.108 13 
776.425 13 
532.865 13 
472.864 13 
494.372 13 
462.182 13 
502.111 13 
542.435 13 
409.849 13 
420.459 13 
368.711 13 
595.007 13 
487.947 13 
564.113 13 
619.255 13 
476.369 13 
444.793 13 
430.631 13 
514.477 13 
439.351 13 
789.309 13 
502.84 13 
479.343 13 
611.435 13 
559.802 13 
526.344 13 
387.139 13 
680.063 13 
374.293 13 
962.518 13 
634.388 13 
503.281 13 
546.237 13 
461.036 13 
505.015 13 
568.902 13 
527.576 13 
478.886 13 
531.826 13 
524.212 13 
465.834 13 
403.6 13 
512.824 13 
485.59 13 
514.617 13 
578.466 13 
477.676 13 
518.639 13 
448.832 13 
510.047 13 
439.003 13 
747.52 13 
669.2 13 
563.633 13 
565.716 13 
511.628 13 
565.742 13 
447.535 13 
741.544 13 
573.646 13 
422.578 13 
493.562 13 
439.371 13 
942.71 13 
338.505 13 
521.122 13 
570.239 13 
625.052 13 
484.483 13 
437.265 13 
533.043 13 
538.283 13 
595.803 13 
584.635 13 
482.579 13 
554.896 13 
508.952 13 
468.55 13 
470.428 13 
525.313 13 
461.442 13 
910.951 13 
467.505 13 
495.838 13 
632.755 13 
468.458 13 
516.16 13 
514.793 13 
785.707 13 
226.754 13 
569.103 13 
491.856 13 
406.96 13 
386.557 13 
442.56 13 
528.536 13 
904.117 13 
567.993 13 
508.122 13 
479.792 13 
380.371 13 
605.201 13 
486.758 13 
557.992 13 
434.562 13 
654.154 13 
534.472 13 
587.682 13 
814.626 13 
492.733 13 
445.006 13 
506.554 13 
659.775 13 
404.719 13 
694.612 13 
459.896 13 
461.593 13 
496.586 13 
534.039 13 
543.695 13 
484.178 13 
529.847 13 
535.336 13 
682.357 13 
608.209 13 
440.589 13 
502.689 13 
621.546 13 
456.722 13 
535.62 13 
478.826 13 
435.887 13 
497.821 13 
569.92 13 
455.975 13 
495.706 13 
690.099 13 
719.357 13 
465.583 13 
627.944 13 
532.522 13 
544.743 13 
541.914 13 
546.77 13 
442.427 13 
435.154 13 
454.577 13 
616.836 13 
624.446 13 
506.326 13 
820.428 13 
643.505 13 
502.43 13 
507.835 13 
522.789 13 
515.685 13 
513.055 13 
513.681 13 
416.056 13 
742.297 13 
470.236 13 
550.275 13 
436.563 13 
499.798 13 
479.814 13 
511.701 13 
403.53 13 
512.851 13 
622.489 13 
506.265 13 
484.144 13 
560.209 13 
578.216 13 
493.666 13 
738.734 13 
449.806 13 
576.99 13 
676.281 13 
513.258 13 
506.426 13 
576.595 13 
493.393 13 
551.442 13 
519.429 13 
525.076 13 
453.822 13 
796.689 13 
625.253 13 
665.273 13 
675.764 13 
507.989 13 
581.66 13 
494.855 13 
369.573 13 
542.401 13 
535.196 13 
379.274 13 
554.889 13 
563.328 13 
472.029 13 
398.373 13 
657.426 13 
520.736 13 
463.926 13 
568.179 13 
472.405 13 
546.82 13 
453.465 13 
488.527 13 
497.676 13 
761.471 13 
642.998 13 
611.574 13 
504.564 13 
585.375 13 
597.435 13 
616.695 13 
612.294 13 
571.018 13 
1031.04 13 
629.187 13 
453.081 13 
423.855 13 
446.59 13 
523.881 13 
928.331 13 
427.034 13 
551.052 13 
419.783 13 
480.311 13 
806.788 13 
527.181 13 
532.821 13 
531.667 13 
485.857 13 
410.195 13 
527.175 13 
466.02 13 
671.83 13 
532.001 13 
682.388 13 
555.536 13 
482.845 13 
695.831 13 
649.65 13 
757.983 13 
506.837 13 
443.234 13 
642.364 13 
565.242 13 
436.734 13 
491.589 13 
683.545 13 
536.37 13 
543.306 13 
779.331 13 
464.768 13 
746.11 13 
485.133 13 
475.311 13 
466.075 13 
543.382 13 
562.034 13 
525.573 13 
472.563 13 
504.361 13 
643.266 13 
394.193 13 
549.176 13 
495.677 13 
749.784 13 
525.668 13 
467.757 13 
454.051 13 
511.12 13 
537.492 13 
493.823 13 
494.223 13 
499.794 13 
476.493 13 
432.648 13 
416.555 13 
458.503 13 
837.829 13 
672.409 13 
459.855 13 
464.924 13 
482.467 13 
544.58 13 
459.603 13 
490.804 13 
499.356 13 
502.322 13 
475.852 13 
465.338 13 
475.218 13 
654.689 13 
534.624 13 
532.779 13 
526.56 13 
438.07 13 
481.323 13 
466.027 13 
567.906 13 
467.757 13 
518.59 13 
429.18 13 
490.641 13 
536.588 13 
502.4 13 
480.612 13 
489.611 13 
480.961 13 
521.724 13 
492.098 13 
449.478 13 
509.307 13 
554.573 13 
461.802 13 
482.998 13 
483.071 13 
459.243 13 
460.155 13 
500.096 13 
563.423 13 
497.701 13 
470.055 13 
413.206 13 
468.68 13 
422.246 13 
467.433 13 
565.985 13 
497.492 13 
466.588 13 
393.956 13 
490.597 13 
426.789 13 
755.221 13 
513.038 13 
401.336 13 
570.589 13 
464.434 13 
547.42 13 
679.544 13 
603.109 13 
454.858 13 
604.829 13 
490.368 13 
481.751 13 
511.182 13 
545.483 13 
416.347 13 
496.433 13 
879.485 13 
510.752 13 
499.927 13 
556.406 13 
671.944 13 
565.042 13 
476.859 13 
795.238 13 
482.45 13 
565.219 13 
481.511 13 
554.519 13 
379.587 13 
485.388 13 
540.778 13 
540.925 13 
389.519 13 
599.937 13 
638.066 13 
879.478 13 
504.948 13 
520.01 13 
508.472 13 
498.015 13 
530.055 13 
567.121 13 
460.552 13 
575.963 13 
467.359 13 
509.005 13 
500.11 13 
526.808 13 
461.447 13 
672.805 13 
477.979 13 
596.374 13 
564.89 13 
474.794 13 
677.419 13 
681.543 13 
495.359 13 
566.676 13 
653.787 13 
477.665 13 
714.013 13 
553.98 13 
445.661 13 
511.048 13 
537.246 13 
325.597 13 
486.116 13 
552.305 13 
395.669 13 
475.44 13 
545.87 13 
458.111 13 
408.727 13 
506.882 13 
491.749 13 
507.685 13 
643.173 13 
533.557 13 
467.475 13 
233.089 13 
427.35 13 
544.905 13 
680.537 13 
621.229 13 
478.254 13 
374.74 13 
462.8 13 
533.043 13 
528.379 13 
554.988 13 
492.978 13 
553.545 13 
484.845 13 
613.814 13 
662.787 13 
673.32 13 
579.017 13 
641.48 13 
475.725 13 
653.645 13 
862.93 13 
393.849 13 
527.385 13 
471.67 13 
428.643 13 
451.966 13 
532.956 13 
1153.12 13 
546.568 13 
529.387 13 
550.83 13 
450.419 13 
486.671 13 
261.87 13 
527.404 13 
478.884 13 
564.993 13 
866.178 13 
496.008 13 
469.787 13 
482.661 13 
273.039 13 
554.826 13 
387.637 13 
487.664 13 
609.433 13 
493.472 13 
531.907 13 
422.807 13 
500.835 13 
527.765 13 
481.166 13 
650.886 13 
470.598 13 
479.436 13 
524.278 13 
452.985 13 
441.849 13 
633.376 13 
458.677 13 
472.302 13 
528.514 13 
913.196 13 
507.655 13 
617.315 13 
546.622 13 
552.734 13 
428.973 13 
673.544 13 
497.129 13 
462.819 13 
502.595 13 
476.378 13 
549.338 13 
568.823 13 
691.263 13 
503.974 13 
803.332 13 
450.511 13 
534.528 13 
638.812 13 
694.81 13 
489.759 13 
488.791 13 
604.979 13 
478.119 13 
129.043 13 
568.579 13 
493.953 13 
665.665 13 
607.664 13 
534.651 13 
437.465 13 
480.32 13 
672.611 13 
719.544 13 
478.724 13 
483.773 13 
435.427 13 
519.064 13 
775.318 13 
577.485 13 
403.286 13 
445.926 13 
462.827 13 
514.996 13 
451.34 13 
608.388 13 
438.385 13 
461.737 13 
425.399 13 
555.086 13 
480.679 13 
558.226 13 
520.913 13 
681.898 13 
883.224 13 
583.717 13 
455.256 13 
451.207 13 
958.848 13 
474.413 13 
454.708 13 
551.879 13 
476.739 13 
624.774 13 
549.49 13 
480.975 13 
434.478 13 
642.115 13 
482.421 13 
477.244 13 
509.965 13 
598.727 13 
618.747 13 
445.048 13 
512.08 13 
422.329 13 
507.898 13 
508.112 13 
432.213 13 
435.264 13 
527.942 13 
447.264 13 
442.835 13 
371.356 13 
592.915 13 
548.625 13 
436.725 13 
771.754 13 
504.919 13 
524.588 13 
633.497 13 
459.472 13 
573.031 13 
507.443 13 
501.689 13 
633.148 13 
473.995 13 
496.533 13 
477.789 13 
550.302 13 
782.722 13 
449.616 13 
577.252 13 
502.261 13 
450.046 13 
868.212 13 
611.382 13 
575.704 13 
452.077 13 
637.249 13 
501.027 13 
476.923 13 
665.123 13 
461.972 13 
543.051 13 
607.734 13 
553.774 13 
485.94 13 
659.838 13 
804.806 13 
513.028 13 
586.877 13 
472.104 13 
456.734 13 
518.937 13 
510.764 13 
485.34 13 
609.769 13 
542.244 13 
425.258 13 
624.894 13 
514.396 13 
487.246 13 
467.423 13 
445.374 13 
481.242 13 
568.604 13 
579.005 13 
600.169 13 
517.456 13 
582.884 13 
427.054 13 
986.718 13 
396 13 
407.242 13 
602.684 13 
455.135 13 
332.441 13 
618.655 13 
447.921 13 
489.053 13 
576.547 13 
449.858 13 
551.9 13 
556.572 13 
392.687 13 
515.858 13 
488.883 13 
868.409 13 
617.618 13 
633.969 13 
611.104 13 
427.949 13 
477.576 13 
486.4 13 
666.837 13 
679.735 13 
712.732 13 
787.821 13 
1095.93 13 
538.613 13 
697.058 13 
569.522 13 
448.775 13 
692.757 13 
425.524 13 
453.751 13 
544.721 13 
643.634 13 
505.941 13 
1010.9 13 
680.231 13 
486.715 13 
657.248 13 
531.63 13 
708.503 13 
423.219 13 
491.777 13 
558.692 13 
486.793 13 
525.342 13 
390.106 13 
904.313 13 
593.568 13 
627.545 13 
631.327 13 
527.611 13 
890.753 13 
466.948 13 
518.456 13 
659.233 13 
550.13 13 
576.145 13 
765.649 13 
419.615 13 
621.966 13 
474.385 13 
538.089 13 
467.146 13 
478.543 13 
568.071 13 
493.033 13 
482.522 13 
502.061 13 
465.145 13 
496.019 13 
1045.86 13 
577.04 13 
602.296 13 
535.759 13 
436.88 13 
541.289 13 
798.297 13 
470.433 13 
421.567 13 
473.991 13 
452.964 13 
422.521 13 
587.938 13 
849.33 13 
548.733 13 
571.45 13 
560.158 13 
432.964 13 
497.693 13 
473.367 13 
570.898 13 
547.268 13 
581.196 13 
549.818 13 
467.827 13 
450.057 13 
645.048 13 
485.275 13 
391.212 13 
462.805 13 
548.794 13 
440.875 13 
510.118 13 
504.633 13 
578.886 13 
546.156 13 
481.888 13 
792.851 13 
501.131 13 
505.05 13 
371.229 13 
633.235 13 
447.581 13 
509.58 13 
523.597 13 
451.174 13 
720.178 13 
488.001 13 
471.672 13 
416.275 13 
556.758 13 
600.191 13 
473.947 13 
642.704 13 
542.753 13 
462.461 13 
492.925 13 
618.026 13 
635.556 13 
458.25 13 
454.139 13 
450.998 13 
500.626 13 
459.686 13 
729.364 13 
398.55 13 
486.098 13 
557.969 13 
500.771 13 
502.975 13 
391.01 13 
629.392 13 
461.027 13 
487.593 13 
669.104 13 
422.211 13 
469.592 13 
480.213 13 
481.186 13 
517.674 13 
472.994 13 
496.025 13 
468.096 13 
456.249 13 
423.948 13 
582.925 13 
466.71 13 
425.531 13 
417.514 13 
511.434 13 
525.307 13 
685.132 13 
390.319 13 
549.772 13 
563.401 13 
580.766 13 
524.297 13 
751.346 13 
448.1 13 
461.434 13 
480.299 13 
525.837 13 
437.033 13 
493.22 13 
559.809 13 
593.114 13 
501.002 13 
530.512 13 
547.288 13 
435.526 13 
611.198 13 
450.11 13 
417.714 13 
430.711 13 
442.402 13 
729.694 13 
497.084 13 
580.202 13 
505.842 13 
997.62 13 
433.054 13 
490.625 13 
521.398 13 
461.264 13 
479.657 13 
1019.95 13 
429.635 13 
472.965 13 
526.134 13 
456.842 13 
493.069 13 
449.972 13 
469.754 13 
458.007 13 
369.396 13 
473.43 13 
497.861 13 
509.852 13 
445.773 13 
611.148 13 
511.41 13 
322.806 13 
495.451 13 
509.581 13 
453.421 13 
483.21 13 
472.181 13 
427.989 13 
495.503 13 
526.851 13 
432.088 13 
500.711 13 
453.068 13 
531.821 13 
187.404 13 
408.449 13 
390.33 13 
525.161 13 
447.904 13 
553.113 13 
508.74 13 
455.213 13 
432.846 13 
481.07 13 
489.485 13 
544.299 13 
407.793 13 
556.374 13 
533.419 13 
407.372 13 
472.154 13 
405.496 13 
437.586 13 
460.254 13 
520.997 13 
424.721 13 
448.532 13 
508.857 13 
463.722 13 
437.694 13 
469.57 13 
453.043 13 
502.651 13 
480.076 13 
672.203 13 
598.684 13 
488.025 13 
528.469 13 
480.886 13 
463.22 13 
510.025 13 
511.525 13 
501.171 13 
472.451 13 
461.397 13 
496.511 13 
463.09 13 
590.126 13 
454.426 13 
469.758 13 
571.691 13 
513.95 13 
524.837 13 
445.882 13 
456.52 13 
440.638 13 
499.009 13 
438.231 13 
500.71 13 
482.435 13 
539.641 13 
457.588 13 
525.428 13 
410.74 13 
542.662 13 
561.669 13 
444.387 13 
496.972 13 
452.699 13 
528.229 13 
495.223 13 
556.08 13 
555.116 13 
507.786 13 
737.119 13 
451.361 13 
504.475 13 
484.773 13 
731.945 13 
564.693 13 
469.686 13 
524.842 13 
543.988 13 
635.035 13 
589.473 13 
449.333 13 
430.083 13 
633.593 13 
802.476 13 
506.873 13 
634.57 13 
497.972 13 
678.55 13 
499.085 13 
824.3 13 
607.031 13 
496.079 13 
528.72 13 
552.425 13 
568.783 13 
712.956 13 
542.01 13 
549.633 13 
457.497 13 
517.823 13 
484.291 13 
537.22 13 
514.847 13 
511.112 13 
571.806 13 
200.316 13 
527.136 13 
561.591 13 
497.197 13 
469.473 13 
443.031 13 
518.045 13 
393.637 13 
420.507 13 
471.882 13 
480.226 13 
433.752 13 
497.559 13 
486.486 13 
474.002 13 
505.277 13 
487.716 13 
540.882 13 
537.447 13 
440.458 13 
433.629 13 
646.779 13 
552.005 13 
474.518 13 
538.583 13 
468.41 13 
460.685 13 
436.231 13 
498.657 13 
417.955 13 
633.486 13 
540.517 13 
617.687 13 
484.136 13 
533.678 13 
488.305 13 
444.175 13 
471.168 13 
536.518 13 
508.023 13 
501.456 13 
562.084 13 
499.658 13 
585.298 13 
601.516 13 
515.84 13 
430.504 13 
421.079 13 
614.817 13 
566.473 13 
534.877 13 
620.618 13 
529.122 13 
640.452 13 
470.964 13 
494.972 13 
532.147 13 
512.02 13 
410.856 13 
518.106 13 
985.19 13 
519.444 13 
592.044 13 
737.489 13 
783.905 13 
523.497 13 
814.425 13 
448.191 13 
554.439 13 
587.811 13 
502.555 13 
421.329 13 
473.014 13 
432.419 13 
463.907 13 
761.556 13 
732.513 13 
512.93 13 
510.364 13 
474.296 13 
535.38 13 
570.288 13 
580.497 13 
448.024 13 
603.711 13 
407.804 13 
481.364 13 
496.572 13 
453.145 13 
442.179 13 
426.898 13 
511.75 13 
485.53 13 
348.228 13 
405.874 13 
837.421 13 
568.105 13 
694.493 13 
533.65 13 
556.658 13 
535.868 13 
422.492 13 
602.012 13 
448.994 13 
485.926 13 
495.616 13 
399.737 13 
501.593 13 
494.716 13 
597.646 13 
490.621 13 
510.54 13 
599.685 13 
517.41 13 
548.867 13 
394.701 13 
676.403 13 
461.728 13 
573.155 13 
752.502 13 
449.383 13 
548.886 13 
658.085 13 
477.467 13 
428.413 13 
615.485 13 
444.101 13 
571.183 13 
580.08 13 
712.018 13 
538.335 13 
560.599 13 
445.98 13 
359.964 13 
524.539 13 
546.949 13 
461.679 13 
710.554 13 
489.805 13 
785.734 13 
584.932 13 
391.861 13 
486.944 13 
474.64 13 
527.847 13 
521.519 13 
547.988 13 
455.23 13 
507.5 13 
518.518 13 
439.448 13 
418.438 13 
487.586 13 
447.597 13 
484.932 13 
500.751 13 
478.011 13 
557.104 13 
502.368 13 
541.983 13 
509.342 13 
477.576 13 
516.846 13 
450.179 13 
599.71 13 
512.93 13 
469.52 13 
576.855 13 
1018.31 13 
469.468 13 
605.862 13 
717.795 13 
412.767 13 
506.447 13 
290.331 13 
1213.25 13 
568.681 13 
455.935 13 
660.822 13 
730.92 13 
533.605 13 
455.88 13 
528.048 13 
529.906 13 
472.256 13 
347.824 13 
500.691 13 
410.689 13 
589.479 13 
502.972 13 
422.648 13 
520.124 13 
475.795 13 
498.063 13 
419.493 13 
409.255 13 
543.638 13 
675.91 13 
560.386 13 
598.245 13 
492.043 13 
422.143 13 
960.07 13 
557.486 13 
749.762 13 
494.382 13 
425.299 13 
649.752 13 
484.444 13 
790.794 13 
622.334 13 
367.503 13 
419.261 13 
481.354 13 
481.751 13 
494.271 13 
432.915 13 
507.341 13 
792.538 13 
438.714 13 
455.672 13 
416.397 13 
686.257 13 
456.642 13 
418.567 13 
506.245 13 
623.971 13 
655.969 13 
528.105 13 
497.783 13 
548.251 13 
569.207 13 
459.542 13 
571.905 13 
996.577 13 
620.469 13 
577.545 13 
767.534 13 
474.035 13 
416.676 13 
519.29 13 
544.735 13 
476.711 13 
541.154 13 
776.987 13 
470.891 13 
527.807 13 
647.337 13 
509.359 13 
505.048 13 
520.639 13 
410.454 13 
601.979 13 
650.708 13 
548.628 13 
557.356 13 
494.553 13 
460.272 13 
354.684 13 
517.932 13 
674.791 13 
463.646 13 
556.479 13 
472.703 13 
518.044 13 
531.383 13 
488.571 13 
489.187 13 
472.723 13 
444.861 13 
486.873 13 
508.91 13 
781.627 13 
410.772 13 
566.224 13 
566.127 13 
416.35 13 
626.445 13 
572.499 13 
575.129 13 
592.991 13 
455.801 13 
667.833 13 
467.116 13 
866.71 13 
558.967 13 
495.098 13 
459.743 13 
664.24 13 
474.436 13 
507.073 13 
426.772 13 
520.868 13 
561.769 13 
604.039 13 
455.967 13 
396.89 13 
524.896 13 
556.642 13 
538.037 13 
398.142 13 
495.533 13 
480.948 13 
510.965 13 
426.239 13 
794.088 13 
498.066 13 
515.741 13 
796.411 13 
546.78 13 
638.872 13 
452.915 13 
587.367 13 
485.522 13 
496.905 13 
744.483 13 
721.469 13 
425.835 13 
395.653 13 
437.661 13 
433.04 13 
481.071 13 
487.828 13 
467.095 13 
481.221 13 
519.397 13 
564.625 13 
440.502 13 
439.349 13 
545.095 13 
482.176 13 
563.555 13 
489.422 13 
976.601 13 
607.705 13 
469.214 13 
537.537 13 
626.983 13 
347.331 13 
534.351 13 
692.986 13 
654.501 13 
609.103 13 
363.818 13 
530.897 13 
479.989 13 
500.283 13 
538.317 13 
510.964 13 
561.239 13 
580.077 13 
393.84 13 
371.65 13 
521.146 13 
514.529 13 
497.555 13 
508.856 13 
565.191 13 
478.101 13 
490.722 13 
589.151 13 
518.942 13 
548.614 13 
504.329 13 
442.277 13 
543.859 13 
256.573 13 
944.954 13 
476.139 13 
532.26 13 
514.479 13 
578.123 13 
547.475 13 
451.52 13 
585.35 13 
470.107 13 
560.893 13 
601.015 13 
494.706 13 
492.417 13 
489.247 13 
582.65 13 
516.61 13 
484.198 13 
543.404 13 
530.377 13 
526.349 13 
780.234 13 
495.735 13 
594.403 13 
523.051 13 
383.07 13 
554.539 13 
476.991 13 
491.863 13 
519.747 13 
471.912 13 
418.744 13 
415.689 13 
452.283 13 
521.33 13 
447.043 13 
517.937 13 
515.418 13 
474.391 13 
463.372 13 
456.285 13 
463.502 13 
510.955 13 
477.81 13 
472.997 13 
499.256 13 
712.876 13 
634.684 13 
540.749 13 
572.66 13 
533.647 13 
644.243 13 
490.945 13 
441.58 13 
629.768 13 
471.452 13 
522.616 13 
566.796 13 
377.48 13 
529.417 13 
540.958 13 
588.984 13 
579.119 13 
859.184 13 
641.435 13 
527.253 13 
523.895 13 
519.446 13 
645.474 13 
526.289 13 
527.878 13 
852.77 13 
517.589 13 
569.328 13 
536.826 13 
545.994 13 
559.56 13 
603.676 13 
508.483 13 
468.013 13 
396.077 13 
552.003 13 
479.855 13 
550.177 13 
568.448 13 
592.252 13 
503.216 13 
469.119 13 
482.194 13 
408.528 13 
468.955 13 
676.138 13 
601.453 13 
620.463 13 
553.635 13 
510.067 13 
555.64 13 
576.82 13 
512.594 13 
587.463 13 
433.088 13 
532.865 13 
466.853 13 
496.374 13 
594.273 13 
495.299 13 
547.987 13 
681.75 13 
710.984 13 
453.29 13 
490.026 13 
413.389 13 
576.025 13 
571.787 13 
523.51 13 
472.384 13 
393.06 13 
754.75 13 
820.675 13 
763.021 13 
530.001 13 
476.301 13 
502.974 13 
515.655 13 
590.013 13 
606.494 13 
570.212 13 
461.243 13 
435.591 13 
707.91 13 
605.13 13 
520.539 13 
660.42 13 
696.924 13 
548.951 13 
509.118 13 
549.864 13 
151.448 13 
457.779 13 
613.209 13 
481.692 13 
491.17 13 
475.095 13 
453.724 13 
540.73 13 
533.772 13 
461.792 13 
416.553 13 
511.216 13 
517.893 13 
589.003 13 
580.572 13 
451.412 13 
501.186 13 
466.708 13 
499.995 13 
389.433 13 
544.233 13 
644.935 13 
458.039 13 
490.634 13 
449.426 13 
555.359 13 
447.4 13 
565.931 13 
478.453 13 
611.253 13 
432.932 13 
464.324 13 
507.456 13 
427.799 13 
531.213 13 
493.245 13 
485.981 13 
419.84 13 
496.793 13 
682.107 13 
683.789 13 
570.335 13 
456.221 13 
534.19 13 
477.883 13 
540.146 13 
437.671 13 
523.078 13 
453.065 13 
549.893 13 
468.824 13 
536.564 13 
550.513 13 
504.586 13 
539.172 13 
572.141 13 
564.129 13 
413.877 13 
635.027 13 
470.117 13 
552.649 13 
490.134 13 
509.826 13 
508.292 13 
524.143 13 
536.923 13 
511.323 13 
536.861 13 
504.866 13 
605.508 13 
361.066 13 
412.93 13 
507.403 13 
456.618 13 
513.594 13 
758.682 13 
507.158 13 
514.426 13 
442.431 13 
407.737 13 
572.992 13 
426.627 13 
554.253 13 
695.897 13 
552.613 13 
447.144 13 
508.157 13 
682.1 13 
423.876 13 
515.63 13 
477.532 13 
561.36 13 
421.747 13 
526.643 13 
576.354 13 
629.999 13 
624.58 13 
468.118 13 
553.412 13 
558.499 13 
482.337 13 
642.256 13 
466.986 13 
515.602 13 
569.54 13 
507.894 13 
711.109 13 
682.552 13 
427.488 13 
457.284 13 
578.075 13 
493.4 13 
577.867 13 
505.886 13 
517.938 13 
617.432 13 
543.777 13 
513.998 13 
409.596 13 
870.782 13 
611.996 13 
525.884 13 
448.017 13 
464.577 13 
763.808 13 
355.983 13 
423.93 13 
457.061 13 
514.41 13 
714.431 13 
701.325 13 
494.076 13 
510.018 13 
499.978 13 
505.001 13 
568.776 13 
475.301 13 
475.274 13 
618.808 13 
747.934 13 
342.81 13 
477.035 13 
512.337 13 
370.862 13 
452.299 13 
421.865 13 
465.221 13 
480.287 13 
537.996 13 
496.145 13 
759.828 13 
666.552 13 
542.171 13 
427.406 13 
568.248 13 
419.604 13 
464.841 13 
772.38 13 
536.218 13 
520.842 13 
494.752 13 
486.722 13 
461.967 13 
416.36 13 
659.258 13 
558.461 13 
450.205 13 
461.207 13 
505.931 13 
629.645 13 
503.473 13 
532.238 13 
613.839 13 
566.226 13 
487.098 13 
525.222 13 
850.981 13 
455.329 13 
535.095 13 
414.641 13 
464.563 13 
477.349 13 
508.744 13 
506.771 13 
455.027 13 
776.317 13 
563.976 13 
479.926 13 
485.474 13 
745.2 13 
424.523 13 
530.711 13 
478.399 13 
512.197 13 
426.346 13 
434.244 13 
430.577 13 
470.156 13 
519.172 13 
761.037 13 
577.984 13 
564.015 13 
556.315 13 
499.526 13 
794.537 13 
519.807 13 
683.899 13 
537.374 13 
478.862 13 
501.352 13 
501.188 13 
355.682 13 
460.421 13 
474.851 13 
546.404 13 
428.801 13 
722.137 13 
461.047 13 
473.802 13 
510.104 13 
394.462 13 
438.225 13 
491.622 13 
570.244 13 
460.771 13 
485.913 13 
567.415 13 
452.726 13 
643.86 13 
450.261 13 
708.709 13 
753.519 13 
538.157 13 
577.604 13 
779.11 13 
345.807 13 
560.558 13 
674.37 13 
509.251 13 
499.827 13 
409.731 13 
450.597 13 
387.597 13 
432.129 13 
450.647 13 
533.059 13 
507.5 13 
728.911 13 
471.705 13 
643.485 13 
552.15 13 
499.881 13 
483.041 13 
463.56 13 
386.172 13 
559.886 13 
538.493 13 
726.055 13 
546.784 13 
449.544 13 
479.526 13 
409.608 13 
639.356 13 
385.873 13 
499.892 13 
400.32 13 
412.944 13 
517.883 13 
487.241 13 
519.871 13 
527.385 13 
462.195 13 
516.483 13 
609.999 13 
480.443 13 
866.836 13 
599.324 13 
836.697 13 
492.793 13 
423.393 13 
430.587 13 
421.778 13 
543.898 13 
578.256 13 
484.83 13 
421.884 13 
558.848 13 
525.378 13 
552.967 13 
536.261 13 
626.214 13 
682.711 13 
507.53 13 
615.524 13 
548.623 13 
617.114 13 
555.167 13 
506.313 13 
537.111 13 
472.965 13 
500.697 13 
575.524 13 
433.121 13 
515.983 13 
524.193 13 
576.033 13 
502.338 13 
539.163 13 
666.436 13 
472.67 13 
501.464 13 
660.379 13 
522.167 13 
490.303 13 
456.125 13 
476.484 13 
439.486 13 
441.317 13 
585.062 13 
525.914 13 
560.735 13 
479.931 13 
472.89 13 
467.86 13 
473.25 13 
476.792 13 
378.026 13 
450.053 13 
462.746 13 
464.625 13 
513.693 13 
451.547 13 
476.055 13 
483.691 13 
467.438 13 
680.379 13 
486.774 13 
540.356 13 
456.481 13 
531.871 13 
406.451 13 
520.903 13 
463.132 13 
617.136 13 
458.039 13 
472.945 13 
505.811 13 
515.084 13 
475.999 13 
497.525 13 
560.459 13 
465.413 13 
478.291 13 
518.936 13 
411.143 13 
447.313 13 
436.093 13 
417.833 13 
519.236 13 
406.914 13 
484.325 13 
471.179 13 
467.554 13 
460.585 13 
477.236 13 
500.855 13 
424.698 13 
471.481 13 
514.29 13 
483.766 13 
486.882 13 
396.848 13 
512.77 13 
532.829 13 
471.566 13 
420.148 13 
439.748 13 
561.038 13 
545.394 13 
443.886 13 
511.511 13 
606.652 13 
424.819 13 
526.396 13 
523.435 13 
520.389 13 
926.176 13 
462.991 13 
441.629 13 
455.072 13 
492.557 13 
470.249 13 
475.237 13 
478.753 13 
451.961 13 
643.76 13 
411.714 13 
534.517 13 
648.68 13 
406.828 13 
493.631 13 
580.689 13 
1250.93 13 
471.98 13 
687.547 13 
388.672 13 
453.055 13 
487.188 13 
767.713 13 
510.58 13 
329.318 13 
907.505 13 
493.408 13 
631.343 13 
455.246 13 
643.044 13 
466.063 13 
658.896 13 
647.896 13 
537.4 13 
571.298 13 
446.806 13 
440.244 13 
1000.78 13 
466.048 13 
659.451 13 
501.948 13 
502.572 13 
482.103 13 
461.066 13 
846.536 13 
440.609 13 
569.009 13 
412.483 13 
496.847 13 
330.16 13 
527.739 13 
478.136 13 
454.282 13 
519.926 13 
446.306 13 
606.596 13 
517.856 13 
524.407 13 
522.572 13 
644.846 13 
526.807 13 
618.566 13 
661.174 13 
520.055 13 
461.389 13 
587.824 13 
438.511 13 
533.807 13 
390.748 13 
497.087 13 
475.922 13 
536.572 13 
537.37 13 
478.187 13 
502.501 13 
512.602 13 
477.625 13 
597.495 13 
554.807 13 
576.752 13 
600.212 13 
439.109 13 
522.057 13 
466.276 13 
443.242 13 
566.648 13 
510.923 13 
514.375 13 
574.006 13 
429.593 13 
681.678 13 
418.664 13 
528.297 13 
445.579 13 
389.123 13 
611.916 13 
520.096 13 
519.649 13 
524.535 13 
458.402 13 
504.446 13 
535.939 13 
479.497 13 
393.02 13 
682.227 13 
480.342 13 
459.054 13 
452.947 13 
662.465 13 
788.973 13 
537.654 13 
505.839 13 
605.066 13 
560.601 13 
556.469 13 
432.624 13 
515.048 13 
463.664 13 
515.619 13 
499.071 13 
462.716 13 
420.996 13 
571.114 13 
484.675 13 
474.01 13 
504.266 13 
734.842 13 
503.879 13 
376.684 13 
572.488 13 
391.237 13 
845.908 13 
487.906 13 
436.251 13 
498.6 13 
437.183 13 
552.664 13 
467.71 13 
507.893 13 
434.386 13 
985.727 13 
571.813 13 
556.94 13 
505.62 13 
598.891 13 
451.94 13 
550.211 13 
476.449 13 
493.74 13 
680.723 13 
506.463 13 
381.678 13 
546.156 13 
718.461 13 
527.489 13 
752.768 13 
477.866 13 
521.577 13 
463.206 13 
461.545 13 
505.216 13 
496.146 13 
617.272 13 
560.057 13 
514.93 13 
541.878 13 
747.625 13 
478.947 13 
566.787 13 
384.606 13 
473.638 13 
445.094 13 
433.482 13 
604.544 13 
447.866 13 
475.906 13 
434.551 13 
939.188 13 
445.722 13 
522.402 13 
633.692 13 
567.346 13 
671.334 13 
467.878 13 
590.895 13 
604.461 13 
422.175 13 
611.451 13 
504.089 13 
595.762 13 
242.581 13 
557.613 13 
509.99 13 
552.88 13 
559.301 13 
521.087 13 
529.31 13 
476.702 13 
786.979 13 
381.017 13 
478.842 13 
524.585 13 
477.183 13 
501.327 13 
454.315 13 
516.183 13 
567.462 13 
483.863 13 
133.909 13 
412.201 13 
457.919 13 
688.521 13 
630.848 13 
645.756 13 
452.939 13 
517.71 13 
569.267 13 
451.574 13 
486.943 13 
499.142 13 
493.053 13 
421.844 13 
585.577 13 
420.281 13 
584.732 13 
439.053 13 
481.337 13 
615.255 13 
721.641 13 
448.035 13 
695.435 13 
528.215 13 
762.936 13 
679.618 13 
513.454 13 
443.443 13 
459.308 13 
483.508 13 
447.949 13 
472.817 13 
479.297 13 
578.706 13 
605.582 13 
615.432 13 
442.077 13 
616.326 13 
397.683 13 
518.275 13 
540.23 13 
526.57 13 
570.988 13 
459.26 13 
562.172 13 
436.845 13 
880.37 13 
880.468 13 
522.155 13 
517.142 13 
490.754 13 
415.873 13 
767.816 13 
734.283 13 
763.495 13 
480.4 13 
607.984 13 
439.963 13 
446.216 13 
581.314 13 
515.286 13 
499.837 13 
435.109 13 
528.997 13 
630.487 13 
499.582 13 
539.123 13 
632.929 13 
375.123 13 
662.137 13 
550.854 13 
489.464 13 
593.594 13 
427.427 13 
514.836 13 
469.574 13 
409.034 13 
436.983 13 
448.997 13 
364.358 13 
493.308 13 
390.111 13 
701.277 13 
409.424 13 
558.073 13 
470.035 13 
495.565 13 
507.096 13 
634.376 13 
882.385 13 
414.959 13 
629.952 13 
415.38 13 
481.706 13 
530.499 13 
397.04 13 
535.283 13 
510.746 13 
640.099 13 
518.454 13 
484.295 13 
495.502 13 
484.274 13 
422.43 13 
402.957 13 
459.111 13 
461.145 13 
490.043 13 
454.748 13 
833.767 13 
580.424 13 
504.173 13 
911.02 13 
534.823 13 
786.133 13 
469.931 13 
771.32 13 
707.766 13 
486.045 13 
500.419 13 
578.008 13 
451.765 13 
414.292 13 
444.52 13 
362.68 13 
387.493 13 
520.016 13 
514.472 13 
511.518 13 
597.616 13 
481.484 13 
501.214 13 
423.254 13 
415.174 13 
549.46 13 
549.111 13 
497.666 13 
477.939 13 
502.218 13 
472.985 13 
557.089 13 
515.274 13 
918.76 13 
497.723 13 
652.404 13 
597.264 13 
474.336 13 
450.501 13 
659.343 13 
483.472 13 
680.834 13 
574.687 13 
659.086 13 
692.715 13 
460.474 13 
508.754 13 
686.781 13 
386.801 13 
561.153 13 
508.461 13 
516.133 13 
585.548 13 
528.839 13 
708.355 13 
377.332 13 
546.987 13 
482.854 13 
410.608 13 
499.131 13 
504.469 13 
499.128 13 
721.288 13 
495.319 13 
450.533 13 
492.436 13 
816.211 13 
847.741 13 
466.115 13 
496.102 13 
529.526 13 
550.177 13 
455.108 13 
488.873 13 
630.98 13 
499.495 13 
481.549 13 
483.92 13 
630.873 13 
507.363 13 
521.173 13 
621.292 13 
538.473 13 
1323.99 13 
442.248 13 
476.121 13 
459.752 13 
559.845 13 
541.998 13 
482.698 13 
546.378 13 
629.434 13 
449.608 13 
464.368 13 
450.965 13 
492.574 13 
436.522 13 
480.263 13 
564.311 13 
512.331 13 
511.135 13 
495.347 13 
535.018 13 
438.317 13 
481.687 13 
489.939 13 
419.804 13 
487.83 13 
502.9 13 
457.486 13 
505.963 13 
557.59 13 
471.33 13 
446.708 13 
549.777 13 
518.289 13 
482.179 13 
476.037 13 
482.947 13 
515.75 13 
455.536 13 
488.62 13 
480.723 13 
438.805 13 
465.009 13 
456.335 13 
470.971 13 
509.235 13 
399.793 13 
475.435 13 
474.761 13 
443.692 13 
821.076 13 
625.217 13 
448.055 13 
476.314 13 
408.896 13 
515.863 13 
343.375 13 
528.148 13 
539.191 13 
395.041 13 
689.607 13 
546.099 13 
571.442 13 
528.166 13 
481.987 13 
505.473 13 
530.099 13 
511.745 13 
551.835 13 
700.103 13 
815.785 13 
631.722 13 
675.988 13 
500.662 13 
499.633 13 
1099.87 13 
712.155 13 
531.205 13 
453.033 13 
687.69 13 
573.651 13 
678.18 13 
460.177 13 
1155.76 13 
492.919 13 
468.008 13 
662.523 13 
748.759 13 
528.304 13 
544.993 13 
464.019 13 
439.461 13 
495.419 13 
450.441 13 
418.846 13 
431.701 13 
443.196 13 
485.036 13 
559.164 13 
426.791 13 
510.623 13 
494.828 13 
451.896 13 
498.83 13 
592.551 13 
358.083 13 
657.583 13 
539.187 13 
519.596 13 
457.172 13 
460.085 13 
474.391 13 
439.19 13 
550.434 13 
585.984 13 
535.217 13 
413.997 13 
522.798 13 
460.2 13 
505.486 13 
494.364 13 
530.248 13 
652.281 13 
483.021 13 
536.466 13 
515.65 13 
535.61 13 
388.057 13 
399.6 13 
406.222 13 
505.494 13 
384.841 13 
628.366 13 
450.329 13 
438.737 13 
628.969 13 
395.742 13 
478.67 13 
404.477 13 
495.274 13 
467.538 13 
526.008 13 
448.378 13 
481.245 13 
454.004 13 
589.113 13 
546.35 13 
494.792 13 
443.675 13 
519.455 13 
593.904 13 
496.032 13 
526.281 13 
491.952 13 
466.356 13 
644.557 13 
402.256 13 
506.318 13 
531.632 13 
397.311 13 
510.377 13 
925.007 13 
455.018 13 
486.725 13 
475.491 13 
448.471 13 
580.391 13 
568.071 13 
508.56 13 
563.806 13 
469.11 13 
482.955 13 
652.741 13 
500.918 13 
448.361 13 
601.44 13 
472.004 13 
507.192 13 
568.793 13 
411.844 13 
598.109 13 
504.169 13 
512.885 13 
478.563 13 
341.843 13 
458.345 13 
548.419 13 
441.615 13 
381.815 13 
624.03 13 
602.98 13 
513.937 13 
531.687 13 
527.432 13 
475.265 13 
677.582 13 
499.351 13 
353.959 13 
483.405 13 
478.402 13 
698.554 13 
602.941 13 
524.378 13 
247.356 13 
462.557 13 
462.809 13 
516.725 13 
431.005 13 
412.149 13 
433.064 13 
645.349 13 
724.608 13 
562.372 13 
465.877 13 
482.191 13 
655.201 13 
587.918 13 
558.156 13 
621.226 13 
375.596 13 
778.198 13 
567.453 13 
567.393 13 
759.555 13 
507.287 13 
545.347 13 
404.241 13 
605.317 13 
540.959 13 
492.625 13 
635.916 13 
463.177 13 
516.985 13 
482.002 13 
628.327 13 
462.056 13 
575.919 13 
489.257 13 
574.388 13 
488.775 13 
427.241 13 
548.54 13 
535.284 13 
438.697 13 
519.101 13 
565.554 13 
561.397 13 
493.386 13 
495.012 13 
1105.37 13 
530.669 13 
494.771 13 
551.077 13 
486.932 13 
755.883 13 
533.266 13 
535.701 13 
521.345 13 
529.246 13 
523.766 13 
522.03 13 
541.082 13 
509.339 13 
467.521 13 
829.519 13 
1046.83 13 
658.043 13 
908.236 13 
500.282 13 
492.615 13 
779.482 13 
504.494 13 
414.26 13 
415.125 13 
529.386 13 
503.551 13 
551.307 13 
529.183 13 
461.178 13 
487.581 13 
419.943 13 
582.733 13 
467.707 13 
739.054 13 
458.657 13 
541.429 13 
516.444 13 
396.288 13 
427.585 13 
509.756 13 
466.788 13 
423.192 13 
517.901 13 
636.487 13 
636.093 13 
564.118 13 
518.673 13 
535.926 13 
448.797 13 
585.878 13 
442.888 13 
456.182 13 
564.903 13 
512.745 13 
725.777 13 
453.648 13 
688.478 13 
567.695 13 
470.917 13 
462.263 13 
501.877 13 
475.654 13 
445.455 13 
324.425 13 
404.838 13 
591.781 13 
436.415 13 
470.347 13 
512.313 13 
510.234 13 
520.563 13 
689.983 13 
477.608 13 
518.982 13 
565.621 13 
490.974 13 
412.187 13 
452.555 13 
549.222 13 
535.292 13 
698.919 13 
433.562 13 
741.056 13 
455.531 13 
517.675 13 
758.273 13 
629.5 13 
610.571 13 
483.135 13 
642.051 13 
507.091 13 
474.138 13 
531.612 13 
539.52 13 
686.622 13 
678.873 13 
544.498 13 
448.235 13 
125.355 13 
695.135 13 
497.997 13 
402.799 13 
459.944 13 
524.722 13 
523.429 13 
440.617 13 
546.266 13 
345.287 13 
527.399 13 
449.543 13 
461.8 13 
493.046 13 
724.743 13 
524.555 13 
509.015 13 
517.872 13 
355.846 13 
439.133 13 
498.762 13 
498.025 13 
474.174 13 
507.056 13 
399.451 13 
612.267 13 
512.767 13 
437.87 13 
527.979 13 
591.511 13 
361.368 13 
595.923 13 
343.487 13 
532.311 13 
630.157 13 
597.923 13 
513.997 13 
579.908 13 
475.641 13 
645.687 13 
753.598 13 
544.201 13 
474.212 13 
590.611 13 
517.027 13 
488.377 13 
525.535 13 
524.043 13 
617.378 13 
492.067 13 
504.034 13 
424.794 13 
598.803 13 
487.861 13 
477.963 13 
622.751 13 
663.626 13 
493.357 13 
466.381 13 
492.437 13 
518.666 13 
603.554 13 
459.625 13 
447.159 13 
536.939 13 
391.548 13 
442.445 13 
417.42 13 
761.706 13 
411.025 13 
387.613 13 
497.644 13 
510.565 13 
562.753 13 
701.269 13 
542.164 13 
452.424 13 
459.431 13 
538.068 13 
524.745 13 
485.098 13 
489.478 13 
504.201 13 
679.764 13 
552.372 13 
445.695 13 
751.674 13 
413.292 13 
747.224 13 
385.125 13 
460.753 13 
506.322 13 
585.518 13 
505.919 13 
545.821 13 
547.021 13 
499.439 13 
510.402 13 
367.52 13 
427.103 13 
493.515 13 
346.868 13 
480.622 13 
534.422 13 
502.472 13 
574.924 13 
950.611 13 
960.407 13 
579.399 13 
566.779 13 
474.341 13 
587.295 13 
488.385 13 
541.355 13 
612.531 13 
519.102 13 
631.945 13 
461.314 13 
569.942 13 
638.406 13 
471.367 13 
597.694 13 
494.525 13 
546.347 13 
443.013 13 
446.616 13 
404.408 13 
514.247 13 
503.902 13 
502.203 13 
484.517 13 
458.159 13 
478.982 13 
471.881 13 
441.058 13 
513.739 13 
604.354 13 
404.711 13 
446.731 13 
461.453 13 
449.811 13 
513.252 13 
495.897 13 
552.424 13 
479.458 13 
425.811 13 
438.115 13 
540.787 13 
467.004 13 
543.487 13 
501.722 13 
448.545 13 
528.451 13 
558.693 13 
403.896 13 
553.231 13 
480.542 13 
588.286 13 
427.304 13 
483.666 13 
484.304 13 
303.04 13 
439.705 13 
472.259 13 
490.186 13 
468.497 13 
467.977 13 
528.574 13 
435.47 13 
506.032 13 
457.51 13 
520.615 13 
547.732 13 
533.338 13 
522.325 13 
514.171 13 
482.681 13 
540.695 13 
424.342 13 
463.957 13 
435.105 13 
499.69 13 
413.932 13 
407.809 13 
309.584 13 
458.218 13 
438.324 13 
478.706 13 
613.725 13 
504.379 13 
451.6 13 
499.886 13 
366.02 13 
536.898 13 
556.085 13 
530.693 13 
372.411 13 
501.822 13 
523.316 13 
476.273 13 
443.477 13 
483.292 13 
510.658 13 
394.533 13 
539.843 13 
507.523 13 
653.873 13 
496.571 13 
391.046 13 
500.414 13 
627.307 13 
406.823 13 
459.592 13 
516.911 13 
422.146 13 
451.121 13 
521.08 13 
467.815 13 
526.465 13 
487.364 13 
491.715 13 
498.84 13 
442.176 13 
460.201 13 
496.077 13 
426.521 13 
525.453 13 
431.834 13 
411.497 13 
549.163 13 
477.213 13 
513.481 13 
498.869 13 
504.398 13 
485.599 13 
397.43 13 
478.525 13 
466.16 13 
398.539 13 
517.546 13 
486.389 13 
475.398 13 
552.772 13 
587.115 13 
554.915 13 
533.987 13 
684.401 13 
537.137 13 
608.805 13 
684.409 13 
496.246 13 
733.021 13 
393.488 13 
677.937 13 
397.167 13 
528.495 13 
428.099 13 
609.929 13 
461.038 13 
500.727 13 
480.766 13 
474.874 13 
754.832 13 
577.989 13 
522.844 13 
431.613 13 
687.831 13 
583.691 13 
675.277 13 
476.367 13 
420.344 13 
1218.18 13 
453.075 13 
487.98 13 
529.872 13 
502.928 13 
452.27 13 
459.329 13 
422.933 13 
534.967 13 
599.519 13 
584.979 13 
505.786 13 
447.369 13 
380.908 13 
535.415 13 
690.018 13 
533.213 13 
670.935 13 
483.93 13 
457.948 13 
445.907 13 
517.188 13 
479.539 13 
555.134 13 
855.148 13 
431.841 13 
547.088 13 
570.056 13 
630.938 13 
566.392 13 
513.795 13 
469.792 13 
591.623 13 
678.742 13 
529.593 13 
566.634 13 
520.405 13 
444.136 13 
606.202 13 
918.295 13 
431.934 13 
484.852 13 
626.273 13 
480.722 13 
454.728 13 
423.295 13 
523.773 13 
609.319 13 
452.3 13 
524.575 13 
503.254 13 
522.314 13 
638.122 13 
637.81 13 
532.493 13 
455.819 13 
390.28 13 
644.549 13 
604.553 13 
494.603 13 
576.254 13 
468.716 13 
549.509 13 
506.082 13 
389.722 13 
483.61 13 
402.288 13 
451.998 13 
590.142 13 
525.793 13 
425.914 13 
545.091 13 
553.659 13 
517.164 13 
534.125 13 
477.578 13 
585.437 13 
586.668 13 
479.997 13 
420.377 13 
494.912 13 
475.332 13 
634.68 13 
506.695 13 
557.031 13 
1113.3 13 
748.301 13 
503.958 13 
492.528 13 
496.338 13 
410.268 13 
503.498 13 
633.013 13 
923.993 13 
434.494 13 
465.205 13 
571.404 13 
565.658 13 
825.31 13 
435.896 13 
440.105 13 
511.601 13 
465.521 13 
165.374 13 
480.134 13 
493.273 13 
458.583 13 
624.871 13 
586.745 13 
457.357 13 
262.685 13 
565.639 13 
481.921 13 
531.21 13 
550.872 13 
1328.58 13 
733.398 13 
546.228 13 
447.064 13 
565.101 13 
416.331 13 
536.391 13 
228.982 13 
410.323 13 
450.701 13 
650.229 13 
667.11 13 
524.405 13 
585.999 13 
816.359 13 
479.944 13 
474.893 13 
461.321 13 
822.883 13 
965.286 13 
475.045 13 
446.67 13 
718.506 13 
727.858 13 
746.917 13 
483.555 13 
443.388 13 
338.88 13 
512.922 13 
427.046 13 
412.977 13 
480.352 13 
493.027 13 
552.889 13 
522.533 13 
526.506 13 
532.762 13 
406.613 13 
611.1 13 
560.126 13 
425.745 13 
457.894 13 
495.916 13 
366.601 13 
552.564 13 
469.494 13 
287.426 13 
389.059 13 
524.719 13 
490.092 13 
527.416 13 
532.083 13 
545.523 13 
458.695 13 
375.697 13 
483.661 13 
838.132 13 
526.008 13 
512.11 13 
539.924 13 
479.602 13 
498.4 13 
450.387 13 
507.62 13 
485.714 13 
443.969 13 
521.491 13 
582.478 13 
400.907 13 
483.227 13 
517.301 13 
477.967 13 
633.07 13 
487.423 13 
486.385 13 
475.681 13 
507.247 13 
504.428 13 
484.192 13 
506.699 13 
387.899 13 
543.567 13 
489.337 13 
469.939 13 
572.346 13 
471.075 13 
527.405 13 
531.303 13 
498.126 13 
515.203 13 
500.471 13 
489.01 13 
387.234 13 
436.971 13 
427.1 13 
495.141 13 
455.357 13 
512.23 13 
613.591 13 
648.827 13 
544.629 13 
486.109 13 
508.178 13 
366.686 13 
614.67 13 
479.821 13 
547.626 13 
891.722 13 
552.14 13 
481.31 13 
513.578 13 
533.38 13 
547.627 13 
480.35 13 
503.511 13 
479.265 13 
448.79 13 
590.724 13 
477.745 13 
437.519 13 
592.25 13 
746.571 13 
852.898 13 
566.121 13 
415.12 13 
437.862 13 
498.962 13 
470.46 13 
812.856 13 
460.112 13 
541.323 13 
397.993 13 
493.879 13 
588 13 
459.25 13 
468.056 13 
431.561 13 
619.739 13 
483.8 13 
471.996 13 
438.231 13 
601.657 13 
420.206 13 
513.93 13 
505.9 13 
505.46 13 
448.894 13 
497.172 13 
536.545 13 
619.126 13 
474.68 13 
485.284 13 
645.978 13 
447.089 13 
590.738 13 
225.401 13 
552.454 13 
455.387 13 
542.241 13 
517.764 13 
595.693 13 
465.896 13 
513.421 13 
490.147 13 
487.119 13 
854.814 13 
443.438 13 
535.653 13 
511.119 13 
426.651 13 
525.637 13 
410.511 13 
568.19 13 
476.361 13 
486.859 13 
425.735 13 
1678.46 13 
546.97 13 
662.026 13 
456.136 13 
461.144 13 
472.336 13 
390.034 13 
491.904 13 
551.026 13 
653.918 13 
422.405 13 
439.579 13 
471.966 13 
842.905 13 
452.208 13 
486.901 13 
871.716 13 
537.329 13 
388.112 13 
520.653 13 
505.866 13 
420.887 13 
609.735 13 
456.797 13 
436.315 13 
468.245 13 
531.264 13 
436.127 13 
352.96 13 
485.879 13 
377.356 13 
684.714 13 
527.966 13 
434.619 13 
570.482 13 
500.803 13 
670.448 13 
428.507 13 
457.909 13 
799.464 13 
705.217 13 
701.825 13 
534.049 13 
415.526 13 
613.484 13 
484.714 13 
479.073 13 
504.645 13 
296.266 13 
471.267 13 
718.503 13 
373.644 13 
766.212 13 
472.46 13 
446.522 13 
543.81 13 
415.635 13 
430.473 13 
540.081 13 
558.633 13 
630.234 13 
450.4 13 
533.411 13 
517.763 13 
475.545 13 
525.721 13 
540.332 13 
451.879 13 
508.019 13 
526.785 13 
393.318 13 
524.593 13 
523.952 13 
449.655 13 
533.912 13 
454.122 13 
389.697 13 
636.302 13 
491.171 13 
470.511 13 
541.665 13 
453.987 13 
448.6 13 
518.484 13 
488.561 13 
555.5 13 
706.323 13 
395.977 13 
481.762 13 
542.787 13 
637.41 13 
571.699 13 
445.924 13 
552.527 13 
467.926 13 
483.723 13 
458.138 13 
442.846 13 
419.278 13 
443.531 13 
715.599 13 
392.597 13 
564.239 13 
561.476 13 
593.234 13 
415.854 13 
425.515 13 
563.123 13 
649.791 13 
98.9581 13 
481.097 13 
439.683 13 
590.928 13 
466.808 13 
495.257 13 
497.194 13 
541.928 13 
600.664 13 
963.671 13 
495.962 13 
555.257 13 
386.428 13 
538.342 13 
447.576 13 
475.421 13 
447.247 13 
487.147 13 
496.833 13 
443.605 13 
633.853 13 
515.617 13 
534.895 13 
719.807 13 
486.025 13 
534.548 13 
554.202 13 
432.902 13 
1074.84 13 
465.795 13 
508.788 13 
502.93 13 
483.703 13 
501.393 13 
456.449 13 
514.807 13 
503.223 13 
518.873 13 
480.937 13 
460.551 13 
889.413 13 
512.269 13 
588.044 13 
466.215 13 
778.042 13 
535.871 13 
529.511 13 
558.888 13 
411.386 13 
415.302 13 
716.706 13 
517.473 13 
469.933 13 
476.224 13 
452.743 13 
522.72 13 
418.507 13 
486.783 13 
447.014 13 
398.038 13 
389.121 13 
438.354 13 
579.542 13 
520.074 13 
605.013 13 
555.146 13 
460.408 13 
851.884 13 
501.449 13 
703.642 13 
489.239 13 
597.327 13 
442.858 13 
445.97 13 
586.648 13 
469.125 13 
511.22 13 
463.674 13 
627.569 13 
478.674 13 
572.168 13 
579.958 13 
464.207 13 
518.438 13 
512.969 13 
551.976 13 
545.245 13 
665.294 13 
506.424 13 
551.101 13 
478.659 13 
951.834 13 
537.017 13 
723.962 13 
508.11 13 
406.798 13 
439.65 13 
502.594 13 
593.157 13 
374.711 13 
547.229 13 
467.87 13 
458.754 13 
454.074 13 
496.022 13 
486.898 13 
496.221 13 
635.773 13 
708.134 13 
502.036 13 
479.036 13 
697.424 13 
500.469 13 
471.27 13 
598.351 13 
510.109 13 
638.385 13 
612.909 13 
502.291 13 
483.847 13 
648.603 13 
512.61 13 
491.051 13 
642.945 13 
422.581 13 
455.345 13 
647.415 13 
377.513 13 
638.326 13 
584.402 13 
464.178 13 
456.584 13 
521.051 13 
656.849 13 
438.822 13 
755.15 13 
488.898 13 
558.759 13 
548.343 13 
547.745 13 
695.751 13 
1200.52 13 
747.767 13 
525.752 13 
457.527 13 
571.414 13 
493.256 13 
602.115 13 
502.126 13 
476.331 13 
508.168 13 
398.791 13 
429.667 13 
765.459 13 
470.491 13 
435.539 13 
488.301 13 
516.989 13 
520.036 13 
302.026 13 
417.176 13 
790.588 13 
864.737 13 
597.138 13 
528.596 13 
802.932 13 
525.789 13 
426.211 13 
492.924 13 
357.733 13 
594.414 13 
555.936 13 
461.724 13 
555.791 13 
455.357 13 
424.079 13 
648.636 13 
460.03 13 
528.353 13 
459.44 13 
494.64 13 
480.401 13 
488.822 13 
560.112 13 
572.495 13 
382.377 13 
406.963 13 
594.813 13 
480.535 13 
575.941 13 
860.499 13 
601.586 13 
518.893 13 
444.522 13 
598.037 13 
445.271 13 
531.633 13 
1006.46 13 
532.875 13 
592 13 
468.884 13 
465.789 13 
706.69 13 
530.059 13 
504.861 13 
462.653 13 
860.377 13 
767.917 13 
446.654 13 
513.687 13 
480.722 13 
467.795 13 
452.553 13 
499.069 13 
435.555 13 
490.588 13 
970.888 13 
577.42 13 
472.727 13 
553.881 13 
487.844 13 
368.855 13 
488.553 13 
457.751 13 
419.853 13 
445.989 13 
655.922 13 
482.785 13 
469.289 13 
531.208 13 
480.915 13 
406.734 13 
390.797 13 
425.342 13 
518.052 13 
510.653 13 
577.094 13 
580.946 13 
463.201 13 
472.354 13 
452.8 13 
479.121 13 
662.103 13 
569.941 13 
505.56 13 
419.134 13 
411.281 13 
464.723 13 
824.715 13 
579.08 13 
472.715 13 
492.603 13 
391.89 13 
456.592 13 
378.071 13 
427.276 13 
463.05 13 
450.194 13 
544.78 13 
659.948 13 
531.446 13 
496.582 13 
840.732 13 
749.447 13 
583.212 13 
444.164 13 
581.858 13 
589.64 13 
526.852 13 
552.359 13 
428.172 13 
439.019 13 
584.042 13 
700.021 13 
536.355 13 
373.007 13 
500.655 13 
431.975 13 
450.073 13 
452.023 13 
626.471 13 
443.021 13 
463.099 13 
557.234 13 
422.646 13 
428.042 13 
507.214 13 
485.051 13 
501.693 13 
489.183 13 
491.391 13 
646.347 13 
377.215 13 
656.124 13 
439.019 13 
541.459 13 
458.149 13 
480.891 13 
586.923 13 
487.216 13 
484.738 13 
592.431 13 
635.004 13 
799.195 13 
541.699 13 
580.171 13 
439.251 13 
568.324 13 
534.825 13 
476.033 13 
702.145 13 
471.108 13 
464.915 13 
599.997 13 
489.733 13 
535.148 13 
441.012 13 
629.628 13 
511.332 13 
494.328 13 
498.353 13 
543.189 13 
913.197 13 
430.661 13 
585.636 13 
387.125 13 
524.355 13 
549.73 13 
439.054 13 
541.929 13 
466.345 13 
540.28 13 
523.664 13 
579.713 13 
488.815 13 
1078.96 13 
822.167 13 
538.017 13 
460.348 13 
460.048 13 
348.995 13 
581.976 13 
559.639 13 
484.893 13 
467.69 13 
452.074 13 
520.675 13 
513.992 13 
524.193 13 
490.232 13 
440.098 13 
443.94 13 
504.565 13 
466.898 13 
487.574 13 
604.511 13 
430.928 13 
495.785 13 
453.232 13 
410.912 13 
457.603 13 
512.49 13 
534.731 13 
438.031 13 
379.735 13 
476.08 13 
527.771 13 
519.867 13 
463.886 13 
426.037 13 
446.52 13 
477.387 13 
561.583 13 
454.068 13 
476.51 13 
448.066 13 
476.025 13 
620.249 13 
489.599 13 
502.234 13 
433.97 13 
396.422 13 
483.698 13 
405.961 13 
438.59 13 
528.136 13 
466.664 13 
538.951 13 
460.436 13 
530.35 13 
506.05 13 
447.391 13 
448.218 13 
530.063 13 
450.93 13 
446.329 13 
505.815 13 
476.165 13 
495.288 13 
451.222 13 
543.917 13 
543.35 13 
453.231 13 
462.069 13 
502.061 13 
479.939 13 
351.602 13 
486.802 13 
490.904 13 
530.95 13 
546.821 13 
549.531 13 
436.402 13 
574.131 13 
554.907 13 
798.905 13 
610.574 13 
457.051 13 
448.534 13 
678.511 13 
494.208 13 
480.729 13 
495.591 13 
378.316 13 
533.726 13 
471.447 13 
433.76 13 
468.415 13 
456.31 13 
602.58 13 
532.38 13 
406.513 13 
483.65 13 
461.654 13 
420.756 13 
499.006 13 
700.113 13 
495.485 13 
558.81 13 
457.816 13 
441.134 13 
366.688 13 
501.643 13 
490.515 13 
485.616 13 
608.455 13 
491.875 13 
550.821 13 
740.729 13 
470.457 13 
468.588 13 
535.266 13 
435.651 13 
450.29 13 
506.196 13 
517.851 13 
599.871 13 
535.194 13 
488.946 13 
681.157 13 
479.749 13 
576.212 13 
505.7 13 
409.399 13 
411.665 13 
503.806 13 
531.763 13 
576.716 13 
755.58 13 
598.724 13 
499.543 13 
526.598 13 
452.117 13 
631.675 13 
560.387 13 
506.853 13 
535.119 13 
430.766 13 
453.848 13 
483.028 13 
501.579 13 
562.854 13 
589.961 13 
461.695 13 
531.361 13 
623.423 13 
581.823 13 
487.223 13 
726.578 13 
452.49 13 
526.666 13 
471.501 13 
507.176 13 
523.418 13 
519.716 13 
577.464 13 
440.256 13 
550.283 13 
507.245 13 
476.092 13 
444.994 13 
453.428 13 
674.837 13 
586.993 13 
575.4 13 
451.639 13 
454.871 13 
455.711 13 
485.475 13 
715.38 13 
620.783 13 
432.512 13 
420.059 13 
386.234 13 
492.528 13 
782.281 13 
417.074 13 
588.462 13 
425.968 13 
403.808 13 
509.895 13 
522.744 13 
488.884 13 
441.641 13 
497.549 13 
618.012 13 
507.717 13 
480.664 13 
507.38 13 
554.727 13 
506.523 13 
557.147 13 
761.303 13 
374.391 13 
532.685 13 
614.387 13 
465.295 13 
544.655 13 
538.021 13 
374.02 13 
541.031 13 
455.882 13 
733.072 13 
451.926 13 
495.985 13 
520.988 13 
487.985 13 
538.593 13 
373.518 13 
939.136 13 
463.014 13 
465.967 13 
512.748 13 
541.474 13 
1314.83 13 
382.041 13 
485.279 13 
466.349 13 
969.421 13 
706.64 13 
675.637 13 
556.824 13 
615.887 13 
497.261 13 
410.377 13 
576.571 13 
694.558 13 
424.891 13 
429.989 13 
530.162 13 
501.082 13 
531.917 13 
522.182 13 
524.043 13 
377.562 13 
624.046 13 
488.483 13 
502.021 13 
