923.276 11 
676.312 11 
1324.02 11 
1172.42 11 
1096.29 11 
1246.65 11 
1027.26 11 
1207.54 11 
841.772 11 
621.642 11 
1034.9 11 
1239.39 11 
815.245 11 
956.159 11 
847.834 11 
1121.55 11 
1130.33 11 
1077.38 11 
1391.72 11 
1314.13 11 
565.122 11 
1026.63 11 
1226.44 11 
1198.18 11 
1089.47 11 
1136.92 11 
853.511 11 
1214.71 11 
981.941 11 
1128.67 11 
1034.33 11 
1243.05 11 
1269.38 11 
1179.77 11 
1129.03 11 
1160.99 11 
1273.98 11 
898.489 11 
1426.53 11 
1251.5 11 
1234.15 11 
1204.69 11 
712.968 11 
1184.14 11 
1181.52 11 
1153.11 11 
955.628 11 
1229.55 11 
1379.56 11 
749.202 11 
1041.46 11 
1284.89 11 
403.954 11 
1229.78 11 
564.047 11 
466.761 11 
1242.33 11 
1245.28 11 
924.903 11 
1245.44 11 
794.631 11 
942.007 11 
1310.05 11 
640.654 11 
445.071 11 
812.848 11 
1206.74 11 
1264.61 11 
1049.2 11 
1371.91 11 
748.383 11 
1043.86 11 
1290.58 11 
1005.65 11 
1139.72 11 
721.522 11 
721.324 11 
961.83 11 
638.438 11 
470.961 11 
574.577 11 
968.502 11 
1366.82 11 
1181.49 11 
1333.77 11 
1321.75 11 
679.906 11 
1199.68 11 
1283.59 11 
820.237 11 
1181 11 
637.031 11 
448.791 11 
1192.53 11 
919.711 11 
1291.88 11 
772.765 11 
688.901 11 
1163.17 11 
645.224 11 
1127.91 11 
1452.67 11 
559.827 11 
643.564 11 
795.828 11 
1347.09 11 
1219.46 11 
1198.52 11 
1122.18 11 
535.303 11 
1155.25 11 
1322.96 11 
977.013 11 
931.022 11 
980.195 11 
497.316 11 
1290.85 11 
1301.07 11 
901.308 11 
1093.11 11 
841.962 11 
1061.47 11 
1292.2 11 
839.699 11 
1475.91 11 
355.365 11 
1119.4 11 
857.959 11 
1066.53 11 
1529.62 11 
1371.65 11 
1050.46 11 
1152.99 11 
622.295 11 
1332.81 11 
175.951 11 
592.118 11 
1335.71 11 
1167.66 11 
541.711 11 
1628.58 11 
1074.83 11 
635.141 11 
1612.21 11 
1054.83 11 
1523.39 11 
1071.28 11 
908.899 11 
1194.72 11 
689.63 11 
743.376 11 
576.682 11 
1160.1 11 
1048.49 11 
1071.26 11 
1013.12 11 
880.307 11 
1209.76 11 
835.919 11 
1120.92 11 
672.982 11 
1139.18 11 
997.185 11 
900.363 11 
771.196 11 
560.916 11 
453.729 11 
625.896 11 
1200.35 11 
1291.1 11 
768.069 11 
1109.18 11 
1325.69 11 
1137.71 11 
1389.91 11 
1103.97 11 
1297.29 11 
943.614 11 
696.642 11 
1279.71 11 
1279.27 11 
1022.01 11 
951.858 11 
723.2 11 
1209.84 11 
1006 11 
1163.3 11 
935.707 11 
1029.23 11 
1216.33 11 
1044.29 11 
1198.07 11 
638.024 11 
457.262 11 
694.87 11 
1239.38 11 
993.375 11 
1076.02 11 
1123.78 11 
1157.54 11 
1187 11 
1294.81 11 
1286.75 11 
904.102 11 
716.721 11 
740.365 11 
1450.27 11 
1554.76 11 
1323.78 11 
1279.66 11 
628.577 11 
975.217 11 
1342.84 11 
1128.46 11 
1022.98 11 
589.873 11 
1333.01 11 
1161.6 11 
1038.1 11 
1260.51 11 
1022.91 11 
637.917 11 
990.968 11 
1168.41 11 
1128.16 11 
1140.95 11 
1227.82 11 
789.502 11 
828.955 11 
1409.49 11 
1693.86 11 
971.057 11 
1075.18 11 
1367.29 11 
1186.89 11 
706.875 11 
1270.25 11 
931.115 11 
1331.61 11 
1085.23 11 
1174.38 11 
774.895 11 
621.847 11 
1206.98 11 
678.758 11 
1062.11 11 
1227.88 11 
932.808 11 
840.015 11 
1063.08 11 
1279.67 11 
1046.94 11 
1118.28 11 
978.24 11 
567.115 11 
702.772 11 
1326.32 11 
1003.5 11 
1017.53 11 
1218.07 11 
681.568 11 
708.941 11 
1196.38 11 
550.24 11 
1239.46 11 
839.345 11 
1331.53 11 
1294.64 11 
1221.33 11 
1274.59 11 
1211.86 11 
1112.29 11 
1354.89 11 
534.688 11 
798.513 11 
1159.25 11 
1298.32 11 
692.303 11 
891.197 11 
1273.89 11 
1425.42 11 
1230.54 11 
1423.79 11 
689.189 11 
919.461 11 
707.238 11 
904.834 11 
783.028 11 
1225.83 11 
433.676 11 
978.203 11 
623.459 11 
1181.73 11 
1177.82 11 
1139.08 11 
1263.13 11 
1245.88 11 
1403.76 11 
945.133 11 
1228.74 11 
1198.96 11 
1303.9 11 
1010.55 11 
1318.61 11 
644.943 11 
1317.64 11 
1240.62 11 
1171.79 11 
1399.41 11 
1136.12 11 
1239.16 11 
632.126 11 
1244.92 11 
908.904 11 
757.271 11 
1273.13 11 
1287.88 11 
660.72 11 
882.612 11 
1021.67 11 
1032.54 11 
1225.24 11 
605.524 11 
855.606 11 
1019.4 11 
1090.29 11 
973.478 11 
716.308 11 
1271.88 11 
549.846 11 
964.452 11 
1323.28 11 
605.823 11 
779.395 11 
786.477 11 
1032.58 11 
565.605 11 
1042.36 11 
1131.55 11 
1104.91 11 
1133.51 11 
1170.4 11 
675.08 11 
1162 11 
1022.43 11 
829.675 11 
1230.49 11 
1060.78 11 
1182.65 11 
1004.45 11 
991.645 11 
551.293 11 
972.96 11 
689.29 11 
1189.73 11 
907.645 11 
995.497 11 
1352.23 11 
971.446 11 
958.941 11 
1018.78 11 
1164.42 11 
941.486 11 
1113.7 11 
1431.83 11 
738.171 11 
1137.73 11 
1777.42 11 
886.321 11 
747.789 11 
854.267 11 
1093.48 11 
905.221 11 
969.893 11 
1159.41 11 
1163.42 11 
963.874 11 
1244.9 11 
970.81 11 
1249.34 11 
923.016 11 
1236.87 11 
1185.82 11 
1213.05 11 
1133.17 11 
1151.49 11 
1258.43 11 
1290.15 11 
982.964 11 
1307.23 11 
443.347 11 
1036.48 11 
859.982 11 
1304.74 11 
972.024 11 
440.592 11 
1285.28 11 
1028.75 11 
1376.26 11 
1174.74 11 
515.234 11 
983.673 11 
844.914 11 
554.549 11 
1073.67 11 
1189.87 11 
979.952 11 
399.242 11 
1215.93 11 
1281.08 11 
1313.7 11 
896.363 11 
1151.39 11 
1211.72 11 
1091.17 11 
543.188 11 
1289.5 11 
1104.59 11 
1381.23 11 
1139.8 11 
931.593 11 
745.955 11 
626.727 11 
292.333 11 
963.869 11 
1224.44 11 
1186.55 11 
1075.68 11 
1432.56 11 
1245.76 11 
684.061 11 
1162.27 11 
1282.79 11 
1180.15 11 
1063.09 11 
1222.97 11 
1246.01 11 
1018.28 11 
1283.22 11 
1016.13 11 
1009.56 11 
1238.88 11 
833.511 11 
901.975 11 
1238.75 11 
572.044 11 
1106.47 11 
1067.13 11 
1208.06 11 
825.994 11 
395.79 11 
1015.74 11 
1208.38 11 
1098.51 11 
1285.06 11 
1311.99 11 
1249.14 11 
1082.13 11 
741.339 11 
1149.61 11 
1120.95 11 
538.039 11 
1325.33 11 
1206 11 
1370.25 11 
1294.69 11 
1260.56 11 
835.947 11 
1279.93 11 
710.975 11 
891.682 11 
654.476 11 
553.108 11 
1130.33 11 
1350.97 11 
1421.03 11 
788.218 11 
568.114 11 
1156.32 11 
1407.39 11 
750.184 11 
1197.8 11 
507.872 11 
1071.95 11 
965.718 11 
976.888 11 
1136.06 11 
829.422 11 
1096.05 11 
1312.16 11 
1198 11 
643.566 11 
955.904 11 
515.532 11 
643.131 11 
622.223 11 
528.605 11 
1315.1 11 
605.527 11 
943.798 11 
907.41 11 
760.32 11 
1380.91 11 
656.946 11 
594.213 11 
1046.56 11 
1022.22 11 
1235.58 11 
985.755 11 
435.801 11 
1133.89 11 
1374.06 11 
1240.58 11 
1193.68 11 
649.443 11 
740.973 11 
941.371 11 
986.023 11 
1261.62 11 
1192.82 11 
758.34 11 
1039.66 11 
1325.37 11 
1225.35 11 
1194.88 11 
1025.29 11 
1081.02 11 
968.114 11 
648.039 11 
1033.97 11 
1226.62 11 
865.539 11 
864.89 11 
1080.6 11 
1108.99 11 
738.782 11 
1252.42 11 
897.223 11 
817.119 11 
1154.92 11 
1074.62 11 
1200.98 11 
1309.03 11 
1172.14 11 
1296.48 11 
1238.6 11 
923.523 11 
1137.13 11 
1144.91 11 
1123.04 11 
1005.81 11 
1119.62 11 
1045.48 11 
1268.56 11 
875.105 11 
502.102 11 
1129.83 11 
594.673 11 
751.972 11 
1513.96 11 
1277.48 11 
1099.51 11 
740.61 11 
1129.94 11 
1140.59 11 
772.117 11 
996.366 11 
1194.96 11 
1186.58 11 
1183.69 11 
1111.8 11 
1103.62 11 
1055.2 11 
849.274 11 
768.601 11 
951.221 11 
902.552 11 
1135.89 11 
1209.09 11 
1320.82 11 
833.7 11 
1001.86 11 
1271.36 11 
701.718 11 
535.793 11 
1240.24 11 
1055.37 11 
1127.15 11 
1028.04 11 
1173.82 11 
1186.83 11 
994.198 11 
809.567 11 
1209.96 11 
961.857 11 
923.308 11 
1229.52 11 
1145.57 11 
821.162 11 
654.177 11 
502.014 11 
1153.91 11 
1281.86 11 
953.216 11 
553.632 11 
1361.17 11 
706.496 11 
1349.06 11 
1259.57 11 
965.44 11 
804.019 11 
912.427 11 
901.466 11 
1236.72 11 
1107.5 11 
1086.55 11 
927.391 11 
1092.94 11 
1053.26 11 
1254.01 11 
1197.26 11 
1071.06 11 
1146.89 11 
481.956 11 
965.839 11 
1200.51 11 
326.408 11 
1200.82 11 
1094.3 11 
1217.12 11 
1206.29 11 
865.281 11 
991.842 11 
967.851 11 
1351.2 11 
1055.55 11 
1279.94 11 
943.908 11 
1185.36 11 
1132.82 11 
837.21 11 
1019.19 11 
957.056 11 
787.226 11 
1114.31 11 
922.373 11 
840.295 11 
612.417 11 
1294.4 11 
577.937 11 
524.555 11 
934.591 11 
1056.77 11 
1289.53 11 
1412.5 11 
1228.31 11 
1099.23 11 
1080.83 11 
1293.64 11 
778.184 11 
666.661 11 
1070.5 11 
980.344 11 
1290.3 11 
1286.9 11 
766.814 11 
1199.4 11 
881.47 11 
941.087 11 
1277.23 11 
1100.57 11 
1182.84 11 
1345.42 11 
1096.14 11 
665.642 11 
1156.79 11 
1293.98 11 
886.861 11 
1090.68 11 
795.944 11 
989.088 11 
1329.37 11 
932.693 11 
666.81 11 
1039.3 11 
1069.4 11 
570.656 11 
1293.03 11 
1186.37 11 
1013.25 11 
1287.59 11 
1077.75 11 
1405.96 11 
1050.35 11 
650.504 11 
1197.25 11 
1252.49 11 
1506.88 11 
1571.47 11 
859.982 11 
1425.39 11 
1139.06 11 
890.239 11 
1295.79 11 
1118.64 11 
1282.46 11 
1159.18 11 
623.102 11 
614.423 11 
1172.03 11 
871.929 11 
736.094 11 
842.187 11 
1165.81 11 
622.319 11 
1283.6 11 
1187.35 11 
1066.72 11 
1281.18 11 
937.334 11 
1111.7 11 
1205.65 11 
1206.54 11 
850.762 11 
486.153 11 
615.633 11 
698.314 11 
915.641 11 
784.333 11 
1034.95 11 
818.676 11 
1162.77 11 
1138.14 11 
770.887 11 
1095.53 11 
460.077 11 
908.077 11 
979.652 11 
393.98 11 
752.005 11 
1230.79 11 
1164.56 11 
1348.57 11 
871.232 11 
1303.61 11 
975.467 11 
1192.22 11 
931.765 11 
596.333 11 
1233.22 11 
1147.21 11 
988.944 11 
880.716 11 
1063.25 11 
1157.56 11 
1203.79 11 
756.882 11 
1167.47 11 
1024.26 11 
754.276 11 
1119.13 11 
1148.44 11 
1306.26 11 
932.156 11 
1139.88 11 
977.408 11 
1118.2 11 
1131.87 11 
422.707 11 
918.106 11 
1099.46 11 
1371.11 11 
1016.65 11 
547.548 11 
734.887 11 
923.843 11 
772.039 11 
436.464 11 
1482.08 11 
303.03 11 
1220.22 11 
1202.37 11 
1235.5 11 
1122.1 11 
1244.35 11 
1148.35 11 
1281 11 
861.708 11 
1280.88 11 
850.04 11 
912.6 11 
825.069 11 
713.855 11 
1239.6 11 
1471.54 11 
597.742 11 
1245.08 11 
1371.77 11 
984.165 11 
834.093 11 
1183.9 11 
1319.18 11 
831.492 11 
1144.28 11 
1376 11 
993.145 11 
1343.18 11 
1318.41 11 
595.273 11 
793.581 11 
883.955 11 
1293 11 
652.16 11 
1085.11 11 
828.999 11 
930.344 11 
862.69 11 
1175.56 11 
1263.06 11 
1175.21 11 
1329.71 11 
1005.99 11 
694.316 11 
1178.81 11 
897.946 11 
942.487 11 
776.602 11 
781.685 11 
948.599 11 
1049.33 11 
1105.28 11 
1146.25 11 
951.934 11 
1257.18 11 
1413.67 11 
1255.87 11 
1329.53 11 
1049.47 11 
528.992 11 
587.497 11 
1014.84 11 
1188.12 11 
1131.69 11 
1381.43 11 
1050.42 11 
1064.86 11 
974.576 11 
767.712 11 
1042.07 11 
1054.88 11 
976.498 11 
997.039 11 
1223.65 11 
1230.21 11 
1187.23 11 
1191.02 11 
1270.05 11 
1063.59 11 
874.951 11 
1234.32 11 
782.042 11 
911.55 11 
1135.35 11 
1452.83 11 
730.989 11 
883.198 11 
1125.89 11 
980.537 11 
1034.29 11 
1336.8 11 
1139.4 11 
742.378 11 
741.745 11 
1189.85 11 
1158.04 11 
1126.54 11 
528.371 11 
597.627 11 
784.629 11 
1246.38 11 
1182.3 11 
1227.6 11 
960.305 11 
1165.77 11 
1175.73 11 
1291.6 11 
507.75 11 
1107.36 11 
1277.91 11 
477.884 11 
1240.96 11 
1023.14 11 
1220.81 11 
1196.33 11 
1040.87 11 
1234.87 11 
635.834 11 
676.509 11 
1237.51 11 
1429.8 11 
1258.81 11 
1297.01 11 
1128.42 11 
1383.22 11 
664.424 11 
1194.52 11 
1194.63 11 
720.361 11 
1282.82 11 
1320.87 11 
1270.29 11 
1327.31 11 
1155.56 11 
1154.18 11 
513.072 11 
1306.74 11 
1251.33 11 
1138.56 11 
535.653 11 
1065.76 11 
924.36 11 
981.266 11 
1383.45 11 
1360.95 11 
458.943 11 
552.468 11 
1103.69 11 
718.825 11 
1156.74 11 
1112.01 11 
1325.75 11 
730.256 11 
1300.02 11 
892.238 11 
1145.48 11 
1115 11 
824.941 11 
1213.6 11 
1275.96 11 
871.716 11 
676.828 11 
1006.6 11 
784.956 11 
1148.17 11 
1218.02 11 
1137.4 11 
750.943 11 
923.498 11 
1199.06 11 
852.505 11 
744.642 11 
1191.09 11 
815.158 11 
1091.63 11 
385.14 11 
822.229 11 
1197.52 11 
988.293 11 
1173.76 11 
1018.69 11 
519.033 11 
1016.62 11 
984.467 11 
1255.99 11 
1122.27 11 
838.859 11 
1289.06 11 
816.984 11 
1170.15 11 
378.074 11 
1409.38 11 
539.182 11 
965.705 11 
1183.73 11 
593 11 
914.841 11 
614.937 11 
1134.17 11 
1203.33 11 
1143.3 11 
1106.18 11 
1343.28 11 
1191.69 11 
995.29 11 
1023.95 11 
1235.1 11 
1032.42 11 
1202.65 11 
1404.68 11 
728.675 11 
1017.71 11 
1373.91 11 
473.291 11 
1030 11 
765.281 11 
1117.22 11 
1036 11 
1096.16 11 
1222.32 11 
1313.2 11 
848.535 11 
1096.18 11 
1180.73 11 
1250.65 11 
554.155 11 
1080.99 11 
1263.87 11 
1167.64 11 
592.414 11 
1175.09 11 
1191.89 11 
1414.6 11 
1146.12 11 
836.949 11 
1246.27 11 
1154.89 11 
1095.56 11 
1283.21 11 
792.542 11 
1267.81 11 
672.161 11 
1094.29 11 
1144.75 11 
1228.17 11 
1113.38 11 
1099.6 11 
886.245 11 
1120.63 11 
1265.03 11 
751.613 11 
1133.31 11 
1454.26 11 
631.564 11 
694.403 11 
1308.12 11 
955.988 11 
1228.87 11 
1165.28 11 
826.36 11 
1284.28 11 
854.87 11 
1310.91 11 
1388.9 11 
1073.62 11 
802.193 11 
1445.93 11 
544.978 11 
1229.31 11 
530.723 11 
1219.24 11 
1165.97 11 
1295.13 11 
1224.67 11 
1206.86 11 
720.447 11 
1011.08 11 
1410.96 11 
1067.8 11 
1191.41 11 
1036.3 11 
1077.95 11 
883.825 11 
1182.45 11 
1073.43 11 
282.139 11 
1351.61 11 
1055.28 11 
793.392 11 
872.428 11 
1290.85 11 
1353.47 11 
1331.37 11 
1088.84 11 
1031.16 11 
1081.52 11 
1136.52 11 
1102.5 11 
926.5 11 
1371.81 11 
1239.09 11 
1527.03 11 
1207.35 11 
1639.39 11 
1265.86 11 
1128.48 11 
1370.33 11 
1126.36 11 
744.854 11 
925.242 11 
1201.12 11 
1111.87 11 
1228.26 11 
1382.67 11 
918.493 11 
1464.93 11 
1466.4 11 
1112.82 11 
831.199 11 
1234.7 11 
951.921 11 
1318.07 11 
637.454 11 
1034.71 11 
839.902 11 
1363.84 11 
935.932 11 
1345.92 11 
1292.86 11 
852.974 11 
1104.81 11 
1113.24 11 
670.151 11 
775.238 11 
446.687 11 
1197.84 11 
1223.03 11 
1355.65 11 
1139.33 11 
932.857 11 
777.101 11 
953.987 11 
993.612 11 
979.553 11 
1194.35 11 
1069.73 11 
1036.85 11 
1258.99 11 
1276.66 11 
1240.68 11 
905.747 11 
726.449 11 
1147.84 11 
741.606 11 
981.96 11 
1302.35 11 
1211.35 11 
1313.12 11 
1190.72 11 
1113.68 11 
1099.1 11 
390.411 11 
1029.31 11 
1188.33 11 
992.605 11 
1368.55 11 
431.647 11 
854.705 11 
685.243 11 
474.049 11 
1186 11 
1265.34 11 
1131.43 11 
617.541 11 
763.883 11 
1306.49 11 
1102.39 11 
1237.66 11 
695.442 11 
622.611 11 
1241.92 11 
877.822 11 
1340.56 11 
1153.67 11 
1123.71 11 
537.305 11 
1308.24 11 
1349.91 11 
1177.91 11 
1364.95 11 
1155.4 11 
1129.12 11 
1234.8 11 
1815.41 11 
1021.14 11 
1066.11 11 
1208.92 11 
1192.37 11 
1315.17 11 
1398.11 11 
1277.6 11 
1040.44 11 
1333.69 11 
1095.45 11 
932.333 11 
1333.2 11 
1278.25 11 
1048.78 11 
1256.44 11 
835.113 11 
1317 11 
1283.95 11 
1115.42 11 
1274.99 11 
1019.37 11 
901.232 11 
555.97 11 
745.077 11 
889.18 11 
1218.07 11 
1191.78 11 
1241.62 11 
1203.71 11 
1119.34 11 
1346.78 11 
880.716 11 
1104.03 11 
876.084 11 
1216.53 11 
695.738 11 
1266.68 11 
1026.93 11 
1386.19 11 
1165.86 11 
1340.18 11 
1136.73 11 
1357.41 11 
1079.07 11 
516.535 11 
991.012 11 
1119.95 11 
1641.7 11 
698.543 11 
985.013 11 
971.157 11 
1329.73 11 
1135.58 11 
1293.21 11 
896.679 11 
1212.12 11 
910.304 11 
976.667 11 
921.938 11 
1151.6 11 
1271.29 11 
1220.34 11 
1130.48 11 
1030.67 11 
1202.4 11 
1287.92 11 
1084.51 11 
1088.55 11 
1277.68 11 
648.933 11 
735.576 11 
985.537 11 
1240.02 11 
1095.13 11 
1002.77 11 
1451.31 11 
939.364 11 
1333 11 
1408 11 
1127.57 11 
1045.45 11 
849.996 11 
1207.25 11 
773.913 11 
1240.83 11 
1008.11 11 
586.134 11 
1260.4 11 
1396.06 11 
644.193 11 
1257.8 11 
1365.23 11 
628.152 11 
1232.11 11 
1224.4 11 
1329.11 11 
992.198 11 
1160.84 11 
898.353 11 
1135.54 11 
1112.86 11 
1302.74 11 
1047.25 11 
1256.71 11 
632.61 11 
1012.11 11 
1353.67 11 
1270.1 11 
840.769 11 
1212.2 11 
874.489 11 
630.602 11 
1280.21 11 
968.229 11 
1068.21 11 
1234.42 11 
1124.16 11 
1061.69 11 
725.8 11 
1220.63 11 
821.008 11 
1253.77 11 
952.105 11 
1222.83 11 
1051.76 11 
1138.33 11 
638.401 11 
1179.94 11 
753.475 11 
637.223 11 
652.759 11 
1057.33 11 
570.438 11 
1202.56 11 
1064.1 11 
422.965 11 
1068.13 11 
935.42 11 
1192.59 11 
1229.52 11 
854.807 11 
658.527 11 
1076.54 11 
804.283 11 
1141.69 11 
1226.43 11 
739.674 11 
668.289 11 
718.723 11 
927.401 11 
1116.63 11 
987.429 11 
1399.08 11 
1274.87 11 
1162.25 11 
1300.15 11 
842.597 11 
1159.71 11 
972.114 11 
981.288 11 
1003.16 11 
512.305 11 
1082.25 11 
1260.96 11 
1357.91 11 
925.325 11 
1067.99 11 
763.453 11 
1102.09 11 
712.431 11 
500.129 11 
536.866 11 
934.874 11 
1106.19 11 
1343.22 11 
1297.91 11 
1074.53 11 
1148.37 11 
1337.43 11 
1138.87 11 
783.83 11 
1125.21 11 
729.166 11 
1104.59 11 
626.914 11 
1272.36 11 
1428.02 11 
1159.49 11 
1112.7 11 
1107.12 11 
1205.61 11 
1127.89 11 
1274 11 
1384.19 11 
1119.31 11 
1219.99 11 
1323.86 11 
1197.91 11 
1069.21 11 
679.66 11 
1013.6 11 
1167.93 11 
1379.88 11 
1317.9 11 
1342.8 11 
763.58 11 
691.397 11 
1008.68 11 
642.314 11 
842.235 11 
1456.81 11 
1254.32 11 
814.598 11 
1341.53 11 
914.536 11 
1115.93 11 
1289.8 11 
928.168 11 
1084.24 11 
1338.73 11 
1011.29 11 
957.414 11 
1184.61 11 
943.786 11 
820.712 11 
1164.61 11 
877.559 11 
585.516 11 
528.275 11 
1251.04 11 
1087.91 11 
1110.02 11 
1449.11 11 
1208.61 13 
633.798 13 
1231.78 13 
714.145 13 
1241.68 13 
1324.03 13 
1274.18 13 
963.428 13 
1220.65 13 
1168.17 13 
1209.29 13 
846.749 13 
1266.58 13 
1135.56 13 
562.156 13 
1243.79 13 
1588.76 13 
1289.84 13 
1202.12 13 
1301.42 13 
584.97 13 
1254.65 13 
884.13 13 
907.301 13 
607.982 13 
941.932 13 
1054.02 13 
920.625 13 
1215.79 13 
565.404 13 
1102.03 13 
986.265 13 
1220.57 13 
934.355 13 
1071.94 13 
1210.77 13 
808.124 13 
982.835 13 
622.431 13 
1278.24 13 
1134.05 13 
1045.46 13 
1361.29 13 
1227.95 13 
1098.24 13 
1256.87 13 
1200.84 13 
1101.17 13 
1068.8 13 
704.674 13 
991.794 13 
780.221 13 
1167.62 13 
856.413 13 
559.831 13 
1157.33 13 
1058.17 13 
1382.09 13 
970.901 13 
900.23 13 
1351.59 13 
1191.96 13 
879.268 13 
1140.62 13 
418.743 13 
1381.6 13 
1311.92 13 
1454.78 13 
958.619 13 
1347.42 13 
1196.22 13 
649.255 13 
1177.37 13 
970.69 13 
1316.66 13 
1353.78 13 
922.817 13 
1296.39 13 
1213.72 13 
1384.37 13 
1241.55 13 
1411.96 13 
1232.03 13 
1094.5 13 
486.778 13 
1294.58 13 
1216.89 13 
1279.76 13 
1176.98 13 
1113.18 13 
1249.36 13 
1077.37 13 
1269.84 13 
1167.67 13 
733.2 13 
1214.63 13 
1402.7 13 
1397.44 13 
1304.36 13 
1499.86 13 
1043.38 13 
740.869 13 
1092.7 13 
1173.34 13 
1182.58 13 
1257.2 13 
1131.59 13 
1134.28 13 
1320.13 13 
860.659 13 
850.86 13 
1036.31 13 
1197.29 13 
1215.45 13 
1249.67 13 
647.869 13 
979.741 13 
732.642 13 
1314.92 13 
1007.07 13 
1296.01 13 
629.799 13 
1135.18 13 
743.318 13 
1440.82 13 
629.938 13 
862.988 13 
1216.55 13 
1011.9 13 
1101.22 13 
1221.12 13 
465.661 13 
986.308 13 
790.458 13 
1265.97 13 
1316.81 13 
961.918 13 
937.288 13 
1010.84 13 
1129.83 13 
1280.83 13 
432.79 13 
1069.71 13 
963.412 13 
913.23 13 
638.994 13 
714.154 13 
1345.06 13 
1332.53 13 
1140.93 13 
1297.06 13 
1358.38 13 
813.777 13 
1315.89 13 
1280.74 13 
957.264 13 
1003.47 13 
977.937 13 
1198.63 13 
1290.34 13 
1315.54 13 
1447.53 13 
1120.68 13 
925.144 13 
1117.53 13 
1074.69 13 
972.695 13 
554.758 13 
1416.14 13 
875.559 13 
1037.23 13 
1019.8 13 
934.367 13 
936.398 13 
1173.64 13 
695.047 13 
1082.17 13 
1212.97 13 
1163.63 13 
730.023 13 
1142.11 13 
788.829 13 
1364.75 13 
1396.85 13 
888.308 13 
705.366 13 
1291.18 13 
970.118 13 
1111.89 13 
1193.79 13 
1104.41 13 
1354.34 13 
1019.34 13 
1198.28 13 
729.073 13 
337.95 13 
1140.27 13 
981.996 13 
1018.63 13 
1262.63 13 
1230.83 13 
1312.77 13 
648.973 13 
784.5 13 
428.178 13 
483.101 13 
860.496 13 
1112.42 13 
1103.52 13 
1391.26 13 
544.251 13 
1256.26 13 
818.673 13 
1101.57 13 
1153.13 13 
1140.4 13 
1130.94 13 
982.212 13 
702.651 13 
1001.54 13 
1468.55 13 
1074.12 13 
943.91 13 
1030.81 13 
1148.05 13 
727.369 13 
633.711 13 
962.459 13 
446.569 13 
885.748 13 
925.093 13 
1281.33 13 
1438.28 13 
642.314 13 
1183.94 13 
1123.77 13 
595.867 13 
1113.21 13 
1097.53 13 
901.332 13 
1179.44 13 
1272.9 13 
894.085 13 
659.654 13 
1107.46 13 
1232.74 13 
1041.32 13 
1003.86 13 
1175.96 13 
1136.91 13 
1309.28 13 
1147.22 13 
1041.63 13 
677.805 13 
1196.6 13 
916.231 13 
1315.66 13 
1180.58 13 
628.367 13 
971.629 13 
800.573 13 
1133.2 13 
1232.42 13 
989.023 13 
1342.95 13 
792.696 13 
987.229 13 
983.555 13 
1115.82 13 
929.108 13 
927.083 13 
985.799 13 
1279.76 13 
771.291 13 
863.291 13 
1190.42 13 
944.997 13 
959.071 13 
1128.99 13 
1118.13 13 
1228.16 13 
1224.1 13 
945.832 13 
1188.47 13 
714.112 13 
926.791 13 
1059.85 13 
1157.64 13 
1156.98 13 
1199.51 13 
840.032 13 
918.416 13 
818.004 13 
1336.05 13 
1188.85 13 
1594.98 13 
1048.28 13 
878.926 13 
1017.56 13 
1238.56 13 
994.322 13 
1253.56 13 
1304.3 13 
782.039 13 
1240.95 13 
1171.96 13 
968.055 13 
1235.26 13 
1188.12 13 
774.612 13 
1362.47 13 
865.273 13 
745.193 13 
1101.28 13 
1165.43 13 
1323.83 13 
717.229 13 
912.072 13 
1096.59 13 
575.044 13 
1169.65 13 
722.606 13 
1328.32 13 
1189.51 13 
1199.94 13 
850.276 13 
1022.61 13 
528.365 13 
1063.72 13 
419.4 13 
649.226 13 
909.836 13 
1170.61 13 
1173.34 13 
1313.08 13 
778.939 13 
956.098 13 
722.511 13 
1247.32 13 
828.424 13 
968.771 13 
1082.7 13 
1172.69 13 
473.468 13 
367.054 13 
902.752 13 
1194.69 13 
1108.24 13 
639.56 13 
801.415 13 
1232.45 13 
1035.02 13 
624.303 13 
911.234 13 
773.009 13 
1161.56 13 
1153.38 13 
1201.62 13 
784.359 13 
1299.62 13 
494.704 13 
388.762 13 
1187.95 13 
944.471 13 
659.204 13 
909.714 13 
1193.15 13 
1128.9 13 
1377.23 13 
914.684 13 
641.077 13 
1130.25 13 
1056.74 13 
552.875 13 
1002.89 13 
1322.66 13 
1217.04 13 
1336.77 13 
896.581 13 
878.937 13 
432.857 13 
694.471 13 
1220.32 13 
1084 13 
1319.8 13 
1298.31 13 
1255.98 13 
721.661 13 
1252.21 13 
796.769 13 
1005.05 13 
1153.48 13 
1158.39 13 
971.354 13 
857.685 13 
1282.5 13 
1088.22 13 
1088.36 13 
995.792 13 
865.149 13 
790.787 13 
1143.79 13 
1137.14 13 
1024.38 13 
1139.96 13 
1054.01 13 
870.709 13 
635.889 13 
827.008 13 
1277.91 13 
1025.26 13 
841.08 13 
1273.21 13 
1231.96 13 
1034.17 13 
657.662 13 
823.797 13 
1176.71 13 
1144.48 13 
1001.47 13 
1138.67 13 
800.726 13 
717.945 13 
683.199 13 
1249.93 13 
1238.15 13 
1272.96 13 
791.089 13 
1025.21 13 
1204.99 13 
1282.17 13 
459.341 13 
1103.34 13 
955.033 13 
1119.18 13 
1074.97 13 
1266.85 13 
1026.25 13 
704.531 13 
1201.19 13 
1287.68 13 
1258.16 13 
1106.08 13 
1098.11 13 
535.948 13 
932.851 13 
1215.64 13 
1318.38 13 
1489.04 13 
1248.18 13 
1206.7 13 
484.967 13 
409.58 13 
1091.58 13 
809.984 13 
1304.26 13 
1334.23 13 
1264.11 13 
1248.26 13 
1183.5 13 
1215.95 13 
1168.33 13 
1177.63 13 
790.728 13 
1227.15 13 
1255.64 13 
836.186 13 
1014.49 13 
881.962 13 
1133.82 13 
1651.82 13 
1294.15 13 
1402.35 13 
1152.96 13 
1163.58 13 
428.721 13 
467.124 13 
807.272 13 
1052.83 13 
787.79 13 
632.795 13 
952.873 13 
878.412 13 
832.806 13 
685.664 13 
1107.17 13 
502.221 13 
991.109 13 
1313.34 13 
1057.39 13 
1477.35 13 
1153.73 13 
1964.79 13 
979.333 13 
1261.89 13 
939.472 13 
791.528 13 
1400.87 13 
795.249 13 
756.958 13 
723.271 13 
565.187 13 
1176.73 13 
1066.14 13 
1191.36 13 
1595.59 13 
1093.65 13 
1297.34 13 
623.541 13 
1041.53 13 
1135.42 13 
1206.5 13 
1216.59 13 
1251.62 13 
1302.87 13 
1288.61 13 
1267.86 13 
1140.46 13 
1082.96 13 
854.938 13 
1217.35 13 
1054.7 13 
1297.27 13 
1276.86 13 
1253.16 13 
1344.62 13 
1086.27 13 
742.054 13 
960.341 13 
960.715 13 
1158.96 13 
1083.45 13 
652.115 13 
1099.61 13 
824.94 13 
1132.29 13 
1026.28 13 
1000.26 13 
1543.52 13 
900.483 13 
1044.85 13 
647.007 13 
896.919 13 
495.447 13 
781.637 13 
1030.99 13 
828.706 13 
925.447 13 
1390.87 13 
700.848 13 
992.961 13 
1216 13 
1308.33 13 
1111.41 13 
868.06 13 
896.56 13 
836.683 13 
994.749 13 
1060.45 13 
1337.53 13 
1110.98 13 
1228.71 13 
1132.96 13 
1341.1 13 
987.427 13 
1207.04 13 
1429.72 13 
1275.67 13 
656.666 13 
548.989 13 
1120.44 13 
1404.21 13 
1259.5 13 
854.034 13 
1084.02 13 
740.671 13 
1467.95 13 
1064.32 13 
990.765 13 
1348.81 13 
979.787 13 
1283.37 13 
1226.88 13 
1028.13 13 
1350.66 13 
1213.96 13 
1312.28 13 
825.146 13 
1118.17 13 
1155.99 13 
710.328 13 
1155.09 13 
1196.57 13 
646.432 13 
648.284 13 
1398.57 13 
746.817 13 
1251.31 13 
1023.25 13 
879.036 13 
1166.87 13 
980.502 13 
1119.16 13 
1270.05 13 
1105.19 13 
649.248 13 
1386.18 13 
963.703 13 
764.063 13 
1219.18 13 
927.599 13 
1049.79 13 
948.488 13 
994.787 13 
1587.7 13 
942.73 13 
1048.76 13 
646.583 13 
1264.15 13 
1142.25 13 
894.903 13 
888.81 13 
1346.26 13 
1244.77 13 
1206.8 13 
1033.51 13 
1245.45 13 
1238.24 13 
1131.88 13 
1035.84 13 
573.862 13 
1239.25 13 
820.412 13 
519.667 13 
1394.12 13 
435.777 13 
639.692 13 
999.122 13 
880.329 13 
959.13 13 
1162.06 13 
1376.57 13 
1301.22 13 
809.51 13 
912.787 13 
1435.88 13 
926.818 13 
976.747 13 
1167.66 13 
1061.1 13 
1264.36 13 
1160.51 13 
905.452 13 
1186.72 13 
1215.34 13 
891.993 13 
1223.21 13 
917.738 13 
1011.97 13 
1314.56 13 
1094.91 13 
918.137 13 
673.819 13 
1149.08 13 
654.974 13 
920.584 13 
1451.86 13 
1183.34 13 
1069.7 13 
1223.89 13 
993.402 13 
560.811 13 
708.676 13 
354.288 13 
883.906 13 
1376.98 13 
1268.35 13 
1129.16 13 
855.949 13 
1127.38 13 
1310.03 13 
846.637 13 
1235.84 13 
509.768 13 
709.624 13 
1033.05 13 
846.659 13 
793.809 13 
1168.65 13 
815.136 13 
800.431 13 
1030.64 13 
558.285 13 
1160.39 13 
1285.16 13 
557.195 13 
523.75 13 
1213.28 13 
807.912 13 
1176.29 13 
1294.27 13 
1196.11 13 
811.903 13 
795.396 13 
1024.94 13 
1417.46 13 
944.704 13 
656.538 13 
1299.98 13 
1238.77 13 
576.211 13 
978.4 13 
1050.86 13 
1036.93 13 
1394.14 13 
1352.9 13 
1208.83 13 
755.641 13 
1266.48 13 
919.972 13 
1153.38 13 
989.617 13 
616.923 13 
631.986 13 
452.262 13 
920.575 13 
1275.48 13 
1112.91 13 
861.925 13 
726.527 13 
1064.21 13 
1282.43 13 
1400.9 13 
1286.49 13 
896.633 13 
635.533 13 
992.631 13 
787.725 13 
928.399 13 
1104.25 13 
1052.33 13 
1223.81 13 
863.313 13 
1000.75 13 
1055.55 13 
1315.26 13 
571.45 13 
1243 13 
720.394 13 
1185.04 13 
819.259 13 
502.021 13 
1352.19 13 
791.843 13 
1106.13 13 
947.318 13 
1166.12 13 
1292.54 13 
1063.63 13 
1162.14 13 
1214.51 13 
1205.89 13 
935.206 13 
1379.46 13 
1230.61 13 
1292.27 13 
556.054 13 
519.612 13 
1256.16 13 
768.588 13 
1040.54 13 
627.87 13 
1400.5 13 
1459.63 13 
1069.96 13 
1056.9 13 
1196.6 13 
504.326 13 
1265.56 13 
711.456 13 
1306.37 13 
1058.3 13 
1294.44 13 
958.873 13 
797.96 13 
1143.51 13 
1078.18 13 
579.8 13 
1265.77 13 
710.007 13 
775.881 13 
1267.07 13 
1310.99 13 
1098.69 13 
548.746 13 
923.408 13 
1209.97 13 
1149.8 13 
479.554 13 
1239.85 13 
1238.69 13 
1157.51 13 
1153.87 13 
1316.05 13 
1369.64 13 
1142.99 13 
882.309 13 
744.051 13 
1245.98 13 
1329.99 13 
1303.4 13 
1365.41 13 
1051.88 13 
925.704 13 
740.104 13 
1275.9 13 
994.146 13 
1002.84 13 
803.5 13 
807.354 13 
1076.49 13 
1401.08 13 
1016.46 13 
958.786 13 
882.253 13 
1208.3 13 
1185.48 13 
1225.47 13 
1218.03 13 
1209.97 13 
1074.77 13 
1191.4 13 
1073.23 13 
1374.32 13 
1186.31 13 
434.864 13 
1122.15 13 
1246.09 13 
1226.94 13 
1007.28 13 
551.157 13 
1373.67 13 
1115.74 13 
1066.23 13 
1260.19 13 
1092.64 13 
921.416 13 
1064.05 13 
799.607 13 
1196.15 13 
1045.71 13 
1356.06 13 
1129.03 13 
970.74 13 
1143.3 13 
1039.08 13 
1185.99 13 
1100.5 13 
1305.78 13 
1135.93 13 
1087.8 13 
1284.35 13 
1182.42 13 
1098.64 13 
1229.82 13 
1126.16 13 
1202.93 13 
1165.55 13 
1030.64 13 
1184.21 13 
1295.76 13 
1227.46 13 
1352.68 13 
1047.68 13 
1058.71 13 
1351.35 13 
949.297 13 
1214.43 13 
1159.43 13 
1216.82 13 
1302.71 13 
1003.79 13 
1162.1 13 
1300.22 13 
444.007 13 
306.951 13 
433.074 13 
1136.94 13 
1126.96 13 
550.247 13 
1299.37 13 
1243.09 13 
1087.71 13 
1187.39 13 
1082.32 13 
1244.75 13 
965.698 13 
1033.49 13 
825.786 13 
1299.67 13 
971.429 13 
917.2 13 
1368.88 13 
982.129 13 
998.257 13 
1204.91 13 
944.052 13 
1257.8 13 
1298.54 13 
1007.1 13 
1096.3 13 
912.815 13 
1135.19 13 
1073.7 13 
817.883 13 
1324.25 13 
1327.27 13 
910.787 13 
946.487 13 
701.228 13 
581.981 13 
624.939 13 
1148.31 13 
1234.5 13 
803.426 13 
884.634 13 
849.63 13 
1363.46 13 
1157.15 13 
948.342 13 
1122.72 13 
1389.15 13 
1143.26 13 
1422.53 13 
1287.82 13 
1042.22 13 
654.487 13 
1125.9 13 
1303.84 13 
1262.99 13 
500.457 13 
1132.76 13 
1456.34 13 
1185 13 
1076.82 13 
722.187 13 
810.725 13 
1054.85 13 
1308.06 13 
937.42 13 
1326.23 13 
876.09 13 
1081.06 13 
860.167 13 
531.141 13 
1236.42 13 
1213.15 13 
1145.05 13 
929.38 13 
939.906 13 
1159.83 13 
1075.79 13 
1212.52 13 
524.703 13 
1245.94 13 
1191.48 13 
667.163 13 
1066.18 13 
713.123 13 
272.319 13 
1117.72 13 
971.31 13 
1176.24 13 
484.654 13 
897.884 13 
861.906 13 
1280.27 13 
718.434 13 
1176.51 13 
854.147 13 
750.116 13 
1074.47 13 
1276.71 13 
1175.86 13 
1506.36 13 
590.764 13 
1087.66 13 
998.62 13 
1086.35 13 
1214.44 13 
660.066 13 
1241.78 13 
1089.69 13 
1159.42 13 
737.754 13 
1036.48 13 
1371.03 13 
614.569 13 
1419.85 13 
1014.99 13 
892.83 13 
642.989 13 
1249.46 13 
1117.26 13 
658.965 13 
1037.37 13 
785.572 13 
970.377 13 
515.226 13 
1388.99 13 
1350.94 13 
527.611 13 
1366.18 13 
614.653 13 
935.411 13 
1297.37 13 
843.784 13 
1355.78 13 
1067.64 13 
664.475 13 
1083.08 13 
555.777 13 
1095.65 13 
1069.44 13 
559.15 13 
1134.73 13 
1246.94 13 
1308.96 13 
1205.07 13 
617.764 13 
1250.14 13 
1112.05 13 
1240.77 13 
802.89 13 
1149.86 13 
1561.75 13 
1206.34 13 
1190.54 13 
947.194 13 
1168.38 13 
839.662 13 
496.637 13 
1222.91 13 
925.067 13 
979.738 13 
1243.19 13 
1054.69 13 
728.36 13 
788.188 13 
932.487 13 
738.708 13 
630.269 13 
394.09 13 
883.873 13 
1248.77 13 
1370.62 13 
936.935 13 
1164.35 13 
962.155 13 
876.566 13 
982.061 13 
1352.21 13 
1028.05 13 
761.815 13 
791.829 13 
660.589 13 
1343.8 13 
1465.79 13 
1106.58 13 
481.093 13 
1175.69 13 
718.597 13 
889.05 13 
712.325 13 
1305.02 13 
921.44 13 
923.688 13 
1288.94 13 
1156.57 13 
1043.63 13 
1101.32 13 
1699.45 13 
630.014 13 
1379.29 13 
1011.8 13 
1049.65 13 
1342.9 13 
597.158 13 
1453.53 13 
1184.5 13 
978.988 13 
1285.26 13 
1309.59 13 
1139.92 13 
658.477 13 
1037.73 13 
1344.31 13 
1581.3 13 
777.947 13 
1185.16 13 
1031.46 13 
563.81 13 
1063.02 13 
1203.63 13 
1137.68 13 
1009.36 13 
1171.91 13 
763.838 13 
1183.01 13 
1075.31 13 
1133.36 13 
1173.36 13 
993.479 13 
1239.03 13 
1251.86 13 
812.768 13 
742.825 13 
1282.81 13 
1175.73 13 
945.169 13 
1350.7 13 
1225.4 13 
805.122 13 
1282.15 13 
609.103 13 
772.518 13 
1205.17 13 
820.725 13 
1243.76 13 
1148.62 13 
1323.25 13 
752.988 13 
831.036 13 
1209.39 13 
678.895 13 
1078.25 13 
1107.89 13 
954.183 13 
1363.32 13 
409.132 13 
1467.32 13 
1251.86 13 
1237.19 13 
1254.65 13 
1043.9 13 
1228.92 13 
581.36 13 
1278.45 13 
905.71 13 
1023.04 13 
755.963 13 
1106.42 13 
1316.17 13 
1241.06 13 
710.914 13 
1261.46 13 
897.683 13 
1016.04 13 
1101.36 13 
922.991 13 
1238.88 13 
1094.9 13 
785.126 13 
1111.7 13 
1029.06 13 
1517.52 13 
1175.54 13 
1328.69 13 
1253.9 13 
1059.41 13 
866.369 13 
1284.93 13 
1249.85 13 
880.415 13 
1149.35 13 
904.876 13 
747.126 13 
492.699 13 
592.992 13 
1280.52 13 
895.886 13 
825.679 13 
1334.04 13 
746.627 13 
1119.04 13 
1272.15 13 
1237.12 13 
1125.24 13 
945.858 13 
585.164 13 
1082.21 13 
1127.52 13 
669.582 13 
810.666 13 
1168.77 13 
1139.4 13 
1397.06 13 
1062.6 13 
1154.34 13 
913.479 13 
1042.19 13 
706.432 13 
1530.41 13 
558.378 13 
1201.57 13 
746.091 13 
1198.15 13 
1214.83 13 
794.31 13 
1060.71 13 
716.099 13 
1128.94 13 
822.152 13 
783.384 13 
1062.36 13 
1055.62 13 
1242.21 13 
1213.82 13 
1143.36 13 
700.128 13 
1121.78 13 
1331.22 13 
1444.83 13 
1055.19 13 
1260.05 13 
1031.6 13 
1079.32 13 
1265.77 13 
674.796 13 
1303.07 13 
1062.26 13 
967.349 13 
984.41 13 
1183.32 13 
1482.01 13 
488.753 13 
499.512 13 
1214.03 13 
1513.88 13 
1329.43 13 
1231.35 13 
572.528 13 
850.98 13 
882.681 13 
1139.98 13 
665.82 13 
1072 13 
980.889 13 
1391.31 13 
554.418 13 
1164.53 13 
89.0158 13 
1392.38 13 
905.683 13 
999.282 13 
1248.08 13 
508.613 13 
1207.15 13 
1083.2 13 
906.633 13 
1105.47 13 
488.754 13 
969.962 13 
1080.43 13 
1130.53 13 
1326.06 13 
1187.4 13 
461.727 13 
1037.8 13 
1128.14 13 
1135.28 13 
1288.46 13 
1199.53 13 
924.736 13 
1123.42 13 
1076.02 13 
1094.3 13 
1281.95 13 
905.405 13 
1303 13 
501.737 13 
1279.46 13 
1389.35 13 
1490.3 13 
1148.98 13 
1332.93 13 
1146.73 13 
969.768 13 
1110.21 13 
1190.05 13 
1270.01 13 
1094.7 13 
1206.09 13 
1173.83 13 
1295.93 13 
462.727 13 
1117 13 
928.409 13 
1008.31 13 
1152.21 13 
1123.67 13 
1136.23 13 
1072.67 13 
1001.09 13 
1231.89 13 
1069.91 13 
1117.74 13 
1218.72 13 
607.402 13 
1260.2 13 
1346.58 13 
1238.86 13 
1150.79 13 
1242.67 13 
1071.24 13 
919.138 13 
1183.1 13 
540.309 13 
1264.25 13 
896.9 13 
1248.17 13 
956.778 13 
530.29 13 
613.144 13 
1166.03 13 
568.112 13 
594.101 13 
773.776 13 
829.981 13 
1302.01 13 
1258.65 13 
790.854 13 
660.602 13 
1179.36 13 
1094.97 13 
708.34 13 
1109.75 13 
871.59 13 
1234.11 13 
1344.16 13 
563.12 13 
551.06 13 
792.651 13 
557.011 13 
1317.61 13 
618.93 13 
1100.57 13 
1009.89 13 
732.896 13 
939.811 13 
1160.22 13 
1196.15 13 
1388.84 13 
1199.05 13 
823.243 13 
1254.85 13 
1074.48 13 
811.903 13 
976.546 13 
1422.03 13 
858.007 13 
970.253 13 
965.297 13 
1247.75 13 
1290.38 13 
1075.91 13 
1338.98 13 
1112.89 13 
918.243 13 
993.381 13 
1252.02 13 
1274.7 13 
1166.03 13 
1112.27 13 
1028.09 13 
583.74 13 
1071.37 13 
1166.87 13 
1195.83 13 
762.132 13 
783.651 13 
1258.57 13 
1433.51 13 
567.214 13 
851.248 13 
937.989 13 
1346.12 13 
1338.94 13 
500.218 13 
1145.39 13 
821.393 13 
889.236 13 
685.825 13 
1038.63 13 
971.853 13 
1113.62 13 
1245.22 13 
953.307 13 
1223.45 13 
741.286 13 
960.171 13 
1050.36 13 
1362.17 13 
1211.04 13 
718.01 13 
593.541 13 
1143.55 13 
1091.01 13 
748.274 13 
367.215 13 
21.7548 13 
738.841 13 
1105.96 13 
1116.88 13 
1207.65 13 
589.248 13 
825.102 13 
1290.26 13 
1235.24 13 
768.418 13 
1181.6 13 
1336.41 13 
1224.66 13 
1197.83 13 
1333.39 13 
800.264 13 
568.025 13 
1085.39 13 
1053.56 13 
710.696 13 
1135.65 13 
972.5 13 
1236.74 13 
1204.2 13 
1290.28 13 
976.792 13 
1665.07 13 
842.623 13 
1075.76 13 
1019.03 13 
1246.17 13 
1109.61 13 
640.005 13 
973.038 13 
753.138 13 
1146.94 13 
818.769 13 
1140.02 13 
1239.48 13 
1133.08 13 
825.114 13 
1197.53 13 
913.971 13 
1198.2 13 
907.73 13 
1132.38 13 
1131.83 13 
1110.19 13 
1322.05 13 
950.786 13 
1177.96 13 
946.749 13 
1332.1 13 
1144.15 13 
1359.77 13 
1289.66 13 
1246.76 13 
1232.69 13 
1162.87 13 
569.012 13 
420.481 13 
1155.47 13 
1190.81 13 
964.99 13 
1300.71 13 
1162.51 13 
771.465 13 
1309.9 13 
954.227 13 
988.779 13 
1048.92 13 
1224.78 13 
703.568 13 
1087.5 13 
1366.08 13 
1191.71 13 
1261.37 13 
1093.62 13 
1161.12 13 
1252.41 13 
1226.64 13 
627.25 13 
522.088 13 
1423.59 13 
1201.26 13 
1598.5 13 
683.319 13 
1075.16 13 
947.906 13 
1329.89 13 
1274.96 13 
1248.05 13 
1299.01 13 
963.696 13 
1178.9 13 
1029.34 13 
867.399 13 
1207.83 13 
923.234 13 
753.229 13 
681.794 13 
898.057 13 
1039.38 13 
791.76 13 
1205.08 13 
652.4 13 
1307.4 13 
1338.54 13 
782.142 13 
1300.17 13 
1340.26 13 
1227.99 13 
1366.26 13 
1109.9 13 
1301.2 13 
654.626 13 
870.127 13 
1188.35 13 
1151.85 13 
1259.7 13 
1158.65 13 
1283.38 13 
1103.9 13 
1344.72 13 
995.097 13 
1061.22 13 
1143.59 13 
1055.45 13 
1461.21 13 
1508.09 13 
882.489 13 
1099.99 13 
785.522 13 
756.053 13 
1205.91 13 
569.531 13 
1225.16 13 
1122.65 13 
927.285 13 
1156.31 13 
835.801 13 
986.489 13 
1167.86 13 
1154.86 13 
1023.19 13 
1216.68 13 
1599.28 13 
1093.45 13 
641.523 13 
697.139 13 
1331.82 13 
1004.06 13 
755.902 13 
1038.55 13 
1270.17 13 
1111.13 13 
782.772 13 
1121.08 13 
1555.74 13 
1157.65 13 
975.529 13 
803.766 13 
1095.22 13 
879.43 13 
981.856 13 
1036.29 13 
534.998 13 
802.178 13 
1237.81 13 
1190.4 13 
1347.32 13 
902.329 13 
937.031 13 
1172.17 13 
1277.39 13 
1103.75 13 
1003.6 13 
820.638 13 
986.168 13 
1102.76 13 
926.812 13 
1143.67 13 
984.639 13 
1406.96 13 
514.606 13 
1341.72 13 
1272.46 13 
1257.97 13 
1165.88 13 
991.838 13 
1219.67 13 
1267.61 13 
1041.38 13 
1049.06 13 
740.602 13 
799.977 13 
700.086 13 
996.609 13 
1092.22 13 
1025.22 13 
867.103 13 
596.816 13 
1194.27 13 
1365.46 13 
1020.47 13 
1127.64 13 
976.549 13 
882.124 13 
832.379 13 
1133.31 13 
1152.44 13 
896.229 13 
1236.87 13 
1799.52 13 
1052.57 13 
1189.78 13 
1198.82 13 
1051.56 13 
1126.31 13 
936.159 13 
1216.64 13 
978.65 13 
722.645 13 
823.95 13 
1216.41 13 
905.858 13 
535.179 13 
1340.69 13 
1365.11 13 
1193.58 13 
1140.15 13 
963.893 13 
738.361 13 
1249.2 13 
1059.4 13 
1218.22 13 
1232.39 13 
1090.26 13 
1392.39 13 
1034.41 13 
1342.09 13 
1275.83 13 
936.394 13 
1317.35 13 
1240.63 13 
822.758 13 
947.512 13 
718.326 13 
965.778 13 
1133.99 13 
1020.35 13 
1256.95 13 
1306.88 13 
853.225 13 
1012.66 13 
1237.11 13 
1272.47 13 
952.891 13 
1088.23 13 
1128.51 13 
539.612 13 
1276.07 13 
905.691 13 
1123.31 13 
1154.48 13 
1240.5 13 
1132.18 13 
1082.33 13 
760.789 13 
1312.44 13 
597.877 13 
1122.55 13 
1205.24 13 
864.281 13 
1305.01 13 
1298.73 13 
861.766 13 
1268.8 13 
628.789 13 
1500.26 13 
1344.89 13 
1171.28 13 
918.876 13 
1001.52 13 
1184.15 13 
1132.17 13 
619.159 13 
829.282 13 
1189.58 13 
1141 13 
1148.67 13 
844.279 13 
1126.73 13 
1178.6 13 
935.696 13 
828.511 13 
1154.07 13 
1256.38 13 
810.617 13 
1123.8 13 
554.042 13 
984.384 13 
1169.93 13 
901.415 13 
1426.77 13 
929.574 13 
1143.71 13 
767.727 13 
1293.89 13 
1172.23 13 
1126.58 13 
531.752 13 
890.149 13 
1411.36 13 
1379.91 13 
1259.49 13 
1312.77 13 
1146.86 13 
1128.05 13 
1027.42 13 
1245.15 13 
1235.34 13 
1087.6 13 
1124.04 13 
699.495 13 
1393.19 13 
1312.28 13 
1076.41 13 
1035.71 13 
1090.34 13 
441.267 13 
1431.94 13 
1223.77 13 
1220.27 13 
1313.24 13 
537.053 13 
522.049 13 
1125.9 13 
875.347 13 
1055.71 13 
667.051 13 
1226.37 13 
1060.22 13 
1217.22 13 
1103.21 13 
819 13 
909.785 13 
644.911 13 
849.055 13 
701.072 13 
727.598 13 
999.266 13 
1063.5 13 
1216.26 13 
1178.78 13 
1490.07 13 
811.153 13 
1046.28 13 
1168.28 13 
2988.86 13 
1203.95 13 
1107.27 13 
999.927 13 
930.154 13 
922.633 13 
793.331 13 
1154.33 13 
974.244 13 
762.145 13 
481.608 13 
907.072 13 
1260.55 13 
877.308 13 
853.707 13 
1052.96 13 
493.15 13 
937.266 13 
759.749 13 
1246.42 13 
1176.65 13 
790.702 13 
973.574 13 
1277.14 13 
1504.99 13 
1346.75 13 
672.306 13 
