1234.17 11 
757.17 11 
1203.86 11 
687.574 11 
1327.47 11 
731.854 11 
1332.47 11 
956.222 11 
1264.86 11 
1226.91 11 
1190.11 11 
697.438 11 
1141.94 11 
704.48 11 
1073.72 11 
982.603 11 
1289.21 11 
896.79 11 
385.442 11 
1084.03 11 
1202 11 
554.239 11 
661.604 11 
707.818 11 
1132.89 11 
1275.42 11 
1200.96 11 
1019.51 11 
1071.21 11 
748.972 11 
1167.78 11 
839.89 11 
730.886 11 
789.797 11 
1115.84 11 
1055.96 11 
1078.22 11 
1170.26 11 
1505.09 11 
853.378 11 
1586.31 11 
934.277 11 
1285.55 11 
1097.15 11 
695.206 11 
1218.52 11 
679.415 11 
1035.05 11 
1168.3 11 
725.577 11 
1348.15 11 
1058.01 11 
1171.49 11 
818.266 11 
1202.29 11 
831.284 11 
936.926 11 
1030.29 11 
1238.51 11 
1154.79 11 
1096.09 11 
1035.95 11 
747.425 11 
905.406 11 
1318.93 11 
995.533 11 
1167 11 
1107.21 11 
570.046 11 
1000.61 11 
1336.07 11 
1034.48 11 
553.278 11 
599.654 11 
1303.21 11 
1203.69 11 
888.289 11 
1240.83 11 
1041.64 11 
240.639 11 
1238.32 11 
1048.76 11 
938.821 11 
1267.81 11 
636.411 11 
1253.62 11 
1157.59 11 
567.659 11 
1346.58 11 
1285.45 11 
1109.81 11 
1438.14 11 
1320.32 11 
796.113 11 
1305.57 11 
1305.54 11 
1200.74 11 
1381.86 11 
1222.64 11 
1271.03 11 
934.355 11 
1027.16 11 
1227.34 11 
1180.35 11 
1228.35 11 
1273.69 11 
1429.44 11 
489.608 11 
1302.24 11 
580.267 11 
809.917 11 
1280.11 11 
1280.99 11 
618.802 11 
1066.06 11 
828.342 11 
957.32 11 
699.072 11 
1223.42 11 
1251.48 11 
1198.06 11 
1023.79 11 
734.682 11 
998.113 11 
935.252 11 
1180.2 11 
1364.2 11 
1216.11 11 
1358.6 11 
1068.28 11 
935.127 11 
821.415 11 
1324.76 11 
1748.04 11 
960.077 11 
1144.57 11 
1077.89 11 
875.073 11 
1235.08 11 
975.974 11 
1390.42 11 
1182.11 11 
430.75 11 
1275.15 11 
1038.49 11 
708.47 11 
661.486 11 
662.304 11 
682.898 11 
1131.33 11 
667.243 11 
1055.12 11 
1064.14 11 
1136.65 11 
835.697 11 
1291.94 11 
1203.03 11 
1128.16 11 
1520.92 11 
480.024 11 
1137.94 11 
1423.23 11 
1225.43 11 
900.58 11 
682.488 11 
830.612 11 
974.512 11 
519.413 11 
1117.13 11 
698.334 11 
1030.68 11 
960.612 11 
892.65 11 
532.892 11 
1081.67 11 
1383.36 11 
1065.02 11 
550.992 11 
1203.03 11 
1003.44 11 
973.279 11 
1024.84 11 
1121.66 11 
1139.2 11 
1166.84 11 
1048.69 11 
859.077 11 
1441.27 11 
1315.92 11 
626.485 11 
786.839 13 
1059.38 13 
1149.62 13 
766.494 13 
1018.09 13 
762.315 13 
1032.88 13 
939.453 13 
1137.45 13 
1221.22 13 
1312.29 13 
1318.87 13 
1249.08 13 
1080.97 13 
1288.43 13 
875.885 13 
702.71 13 
966.437 13 
1419.04 13 
1053.09 13 
945.138 13 
634.472 13 
1335.04 13 
1047.6 13 
1086.36 13 
740.152 13 
552.186 13 
877.575 13 
739.252 13 
1186.41 13 
1382.75 13 
1212.8 13 
1361.08 13 
554.053 13 
879.352 13 
1119.93 13 
1293.37 13 
1149.18 13 
1189.09 13 
774.91 13 
1009.28 13 
1238.38 13 
1290.14 13 
1031.15 13 
1048.38 13 
1049.18 13 
1099.48 13 
928.96 13 
1161.19 13 
1225.95 13 
1394.4 13 
1276.85 13 
1070.26 13 
943.908 13 
1340.03 13 
1426.69 13 
952.778 13 
1369.81 13 
1090.88 13 
750.991 13 
1033.72 13 
728.956 13 
640.485 13 
657.386 13 
1070.03 13 
1192.66 13 
777.194 13 
1133.25 13 
715.151 13 
1294.4 13 
682.525 13 
892.815 13 
1269.84 13 
1047.5 13 
1036.75 13 
984.803 13 
919.155 13 
1038.42 13 
1099.39 13 
713.772 13 
801.401 13 
853.353 13 
627.629 13 
877.565 13 
1247.2 13 
1574.47 13 
1300.32 13 
967.748 13 
464.316 13 
1322.64 13 
1058.18 13 
552.089 13 
929.629 13 
1035.38 13 
953.561 13 
1143.22 13 
977.797 13 
1199.53 13 
487.649 13 
952.079 13 
981.197 13 
598.218 13 
538.995 13 
1198.29 13 
1219.06 13 
967.565 13 
1005.92 13 
1022.01 13 
1555.53 13 
1196.66 13 
463.158 13 
856.376 13 
631.176 13 
984.848 13 
1306.66 13 
908.992 13 
795.22 13 
1012.55 13 
1366.76 13 
922.488 13 
716.441 13 
886.659 13 
935.359 13 
1397.54 13 
1038.24 13 
921.658 13 
1303.53 13 
830.563 13 
1055.55 13 
1333.88 13 
1344.76 13 
1226.42 13 
972.918 13 
600.015 13 
1175.14 13 
1072.9 13 
464.387 13 
916.32 13 
1318.09 13 
834.487 13 
1205.56 13 
1253.27 13 
489.335 13 
1190.63 13 
600.068 13 
1023.9 13 
1235.65 13 
1198.29 13 
1031.81 13 
1329.77 13 
631.398 13 
1138.83 13 
1027.37 13 
666.333 13 
539.967 13 
1449.53 13 
1215.88 13 
1297.42 13 
1216.72 13 
851.281 13 
952.215 13 
992.739 13 
931.449 13 
1078.93 13 
923.817 13 
805.522 13 
660.158 13 
1241.61 13 
1137.01 13 
1157.56 13 
707.001 13 
588.489 13 
1154.08 13 
1209.53 13 
1242.11 13 
325.405 13 
1319.31 13 
1306.27 13 
1358.53 13 
1225.17 13 
797.509 13 
1261.55 13 
1085.54 13 
1188.04 13 
1077.12 13 
837.406 13 
1270.63 13 
1024.66 13 
963.607 13 
1238.64 13 
624.467 13 
1168.67 13 
963.672 13 
583.509 13 
1356.65 13 
1134.75 13 
1136.85 13 
487.004 13 
1181.43 13 
1355.77 13 
1125.12 13 
1057.5 13 
978.301 13 
944.438 13 
1072.97 13 
811.168 13 
774.649 13 
933.812 13 
686.905 13 
1288.93 13 
1029.51 13 
1439.59 13 
1019.98 13 
789.615 13 
954.207 13 
374.202 13 
499.367 13 
868.997 13 
851.501 13 
1314.24 13 
500.641 13 
1432.6 13 
642.635 13 
801.451 13 
1281.87 13 
1291.49 13 
1093.78 13 
1313.45 13 
1010.67 13 
1053.29 13 
1162.83 13 
840.829 13 
1340.7 13 
923.069 13 
1046.62 13 
873.182 13 
1089.33 13 
1197.46 13 
1017.66 13 
894.103 13 
1180.91 13 
986.007 13 
1213.08 13 
1160.07 13 
839.296 13 
957.813 13 
1539.55 13 
1240.14 13 
1292.48 13 
1243.33 13 
1148.66 13 
1127.72 13 
955.888 13 
1234.3 13 
1020.15 13 
945.159 13 
980.995 13 
987.87 13 
1342.57 13 
548.594 13 
1077.45 13 
1094.59 13 
