575.728 11 
858.812 11 
587.511 11 
778.018 11 
655.913 11 
587.93 11 
775.468 11 
764.41 11 
688.108 11 
757.238 11 
698.173 11 
811.796 11 
746.463 11 
964.182 11 
718.212 11 
758.371 11 
665.144 11 
611.403 11 
745.261 11 
663.727 11 
691.195 11 
616.061 11 
718.168 11 
811.71 11 
608.441 11 
686.88 11 
698.699 11 
831.968 11 
781.873 11 
738.238 11 
542.9 11 
726.692 11 
365.168 11 
725.378 11 
908.839 11 
1277.53 11 
574.553 11 
757.557 11 
724.776 11 
767.182 11 
724.176 11 
749.068 11 
725.217 11 
680.146 11 
865.465 11 
931.819 11 
778.018 11 
742.574 11 
522.502 11 
619.473 11 
702.667 11 
845.282 11 
702.072 11 
689.316 11 
413.292 11 
705.438 11 
652.623 11 
455.296 11 
764.825 11 
642.984 11 
727.048 11 
673.915 11 
695.971 11 
664.346 11 
607.738 11 
595.244 11 
872.632 11 
423.089 11 
658.134 11 
684.303 11 
633.018 11 
538.004 11 
891.075 11 
692.676 11 
563.127 11 
523.843 11 
844.657 11 
694.706 11 
634.614 11 
745.486 11 
700.587 11 
769.133 11 
591.109 11 
1105.72 11 
664.791 11 
574.051 11 
639.078 11 
445.857 11 
604.628 11 
754.703 11 
758.285 11 
713.677 11 
725.656 11 
669.525 11 
747.782 11 
564.104 11 
737.447 11 
604.472 11 
562.854 11 
532.149 11 
686.179 11 
670.218 11 
428.001 11 
758.474 11 
778.16 11 
760.833 11 
642.302 11 
400.399 11 
680.994 11 
794.407 11 
642.499 11 
795.333 11 
673.398 11 
740.888 11 
884.56 11 
543.627 11 
617.714 11 
752.648 11 
762.847 11 
773.132 11 
657.25 11 
577.864 11 
854.939 11 
747.307 11 
616 11 
727.762 11 
727.406 11 
638.588 11 
544.348 11 
688.206 11 
905.644 11 
713.529 11 
591.855 11 
762.143 11 
458.102 11 
807.766 11 
721.966 11 
626.3 11 
822.819 11 
741.704 11 
695.188 11 
521.701 11 
970.507 11 
685.182 11 
651.929 11 
699.08 11 
747.79 11 
724.258 11 
647.948 11 
688.296 11 
760.244 11 
694.724 11 
678.875 11 
779.47 11 
686.27 11 
808.628 11 
639.754 11 
714.42 11 
492.875 11 
697.774 11 
655.716 11 
720.615 11 
641.044 11 
739.275 11 
593.131 11 
801.86 11 
648.214 11 
769.404 11 
760.118 11 
602.163 11 
736.572 11 
473.032 11 
709.932 11 
830.57 11 
701.946 11 
659.885 11 
799.195 11 
776.459 11 
731.566 11 
696.309 11 
749.03 11 
648.924 11 
679.038 11 
697.338 11 
617.366 11 
579.503 11 
877.92 11 
774.717 11 
674.648 11 
679.063 11 
804.66 11 
641.063 11 
817.779 11 
752.049 11 
698.299 11 
803.503 11 
763.319 11 
679.642 11 
744.563 11 
651.014 11 
666.214 11 
777.258 11 
670.184 11 
337.26 11 
708.912 11 
839.545 11 
711.744 11 
756.35 11 
799.419 11 
759.394 11 
743.922 11 
508.198 11 
693.303 11 
621.587 11 
950.308 11 
527.66 11 
671.458 11 
737.024 11 
330.707 11 
649.342 11 
720.141 11 
768.31 11 
615.839 11 
713.336 11 
615.458 11 
765.528 11 
719.329 11 
702.691 11 
774.592 11 
750.884 11 
722.552 11 
774.257 11 
695.293 11 
416.047 11 
633.515 11 
637.386 11 
719.592 11 
776.822 11 
801.148 11 
789.192 11 
646.318 11 
585.396 11 
799.614 11 
635.405 11 
1082.65 11 
638.564 11 
691.649 11 
519.231 11 
647.48 11 
754.76 11 
592.148 11 
815.62 11 
798.755 11 
721.255 11 
492.344 11 
718.229 11 
723.16 11 
854.695 11 
667.112 11 
842.391 11 
773.808 11 
660.935 11 
707.237 11 
711.252 11 
702.326 11 
783.7 11 
512.871 11 
624.169 11 
786.413 11 
636.489 11 
648.989 11 
738.375 11 
575.381 11 
712.438 11 
684.833 11 
661.209 11 
566.321 11 
549.503 11 
648.498 11 
622.664 11 
519.95 11 
796.596 11 
541.081 11 
685.668 11 
653.357 11 
832.773 11 
697.756 11 
702.263 11 
700.521 11 
728.605 11 
808.778 11 
629.742 11 
824.205 11 
434.798 11 
452.792 11 
701.474 11 
691.825 11 
627.664 11 
788.356 11 
499.315 11 
801.109 11 
655.016 11 
1044.01 11 
701.812 11 
761.61 11 
416.022 11 
738.32 11 
401.713 11 
514.529 11 
618.387 11 
375.306 11 
645.243 11 
700.968 11 
672.824 11 
1044.16 11 
696.119 11 
810.096 11 
1028.53 11 
476.405 11 
598.287 11 
839.188 11 
630.808 11 
631.438 11 
696.308 11 
676.731 11 
722.092 11 
791.369 11 
779.217 11 
519.061 11 
734.128 11 
520.783 11 
655.405 11 
728.501 11 
700.204 11 
713.174 11 
646.669 11 
555.831 11 
671.212 11 
644.449 11 
694.311 11 
473.499 11 
583.962 11 
1074.3 11 
754.443 11 
653.976 11 
670.203 11 
823.793 11 
747.955 11 
411.759 11 
579.242 11 
782.867 11 
581.38 11 
680.892 11 
774.726 11 
598.648 11 
618.152 11 
641.31 11 
653.674 11 
591.723 11 
712.882 11 
665.638 11 
625.15 11 
791.609 11 
522.467 11 
962.25 11 
806.312 11 
765.596 11 
685.073 11 
805.133 11 
811.165 11 
546.981 11 
808.728 11 
478.842 11 
466.907 11 
517.401 11 
917.705 11 
761.953 11 
646.662 11 
771.568 11 
787.61 11 
787.138 11 
531.047 11 
849.55 11 
701.323 11 
686.169 11 
596.977 11 
824.386 11 
649.577 11 
789.185 11 
568.333 11 
799.165 11 
823.975 11 
846.15 11 
1369.6 11 
747.962 11 
684.275 11 
736.416 11 
689.73 11 
690.726 11 
714.243 11 
904.613 11 
644.944 11 
614.087 11 
794.094 11 
619.698 11 
786.281 11 
433.077 11 
747.771 11 
749.675 11 
557.626 11 
615.759 11 
922.827 11 
848.188 11 
619.806 11 
704.01 11 
686.247 11 
590.06 11 
699.932 11 
715.23 11 
491.222 11 
721.007 11 
747.319 11 
553.833 11 
827.785 11 
763.815 11 
663.956 11 
780.359 11 
634.764 11 
473.898 11 
870.868 11 
743.986 11 
727.582 11 
790.415 11 
648.516 11 
740.346 11 
666.397 11 
580.062 11 
658.749 11 
687.835 11 
964.142 11 
990.639 11 
704.04 11 
574.661 11 
767.398 11 
732.143 11 
632.757 11 
908.842 11 
643.963 11 
666.972 11 
635.702 11 
581.569 11 
584.223 11 
381.98 11 
544.536 11 
778.442 11 
641.556 11 
837.92 11 
732.855 11 
884.52 11 
599.553 11 
767.301 11 
668.288 11 
797.118 11 
630.269 11 
778.575 11 
777.338 11 
749.924 11 
769.891 11 
845.359 11 
1018.48 11 
857.997 11 
604.437 11 
621.507 11 
683.125 11 
647.329 11 
839.644 11 
425.243 11 
552.347 11 
481.672 11 
934.461 11 
738.481 11 
663.694 11 
895.844 11 
764.699 11 
546.485 11 
546.616 11 
562.446 11 
440.112 11 
707.117 11 
658.841 11 
599.679 11 
694.217 11 
635.061 11 
759.358 11 
581.235 11 
1180.19 11 
703.425 11 
666.151 11 
808.179 11 
781.428 11 
1028.68 11 
1101.24 11 
578.354 11 
642.88 11 
1099.5 11 
593.777 11 
708.025 11 
650.845 11 
647.557 11 
1173.69 11 
647.446 11 
772.51 11 
787.561 11 
913.844 11 
341.717 11 
563.115 11 
809.238 11 
610.532 11 
691.648 11 
740.792 11 
724.54 11 
668.578 11 
547.645 11 
688.627 11 
692.307 11 
576.925 11 
548.775 11 
807.68 11 
652.722 11 
806.493 11 
665.093 11 
945.037 11 
721.582 11 
660.384 11 
784.183 11 
660.749 11 
415.95 11 
605.301 11 
680.998 11 
734.478 11 
714.441 11 
816.043 11 
626.672 11 
1022.82 11 
789.873 11 
642.911 11 
767.865 11 
711.911 11 
728.575 11 
780.809 11 
828.576 11 
724.385 11 
807.652 11 
673.3 11 
621.775 11 
855.952 11 
729.857 11 
664.935 11 
1046.66 11 
677.009 11 
761.97 11 
511.301 11 
601.631 11 
1068.35 11 
816.74 11 
852.925 11 
760.136 11 
545.263 11 
766.451 11 
725.138 11 
691.451 11 
741.166 11 
681.385 11 
712.918 11 
707.543 11 
883.728 11 
607.187 11 
1102 11 
646.859 11 
732.272 11 
448.565 11 
539.2 11 
778.659 11 
664.091 11 
543.245 11 
655.905 11 
945.065 11 
733.066 11 
700.138 11 
753.617 11 
694.494 11 
578.152 11 
505.713 11 
708.049 11 
726.107 11 
704.608 11 
709.009 11 
509.029 11 
706.923 11 
731.302 11 
908.013 11 
659.326 11 
751.392 11 
818.759 11 
581.268 11 
672.334 11 
572.421 11 
872.195 11 
722.909 11 
772.325 11 
585.49 11 
749.569 11 
813.238 11 
688.846 11 
730.125 11 
645.523 11 
677.617 11 
715.632 11 
785.014 11 
654.46 11 
610.772 11 
727.734 11 
644.382 11 
759.504 11 
662.701 11 
841.792 11 
686.862 11 
655.878 11 
461.186 11 
814.099 11 
803.076 11 
942.648 11 
612.186 11 
678.028 11 
707.488 11 
504.888 11 
709.253 11 
694.529 11 
599.355 11 
761.935 11 
847.462 11 
719.18 11 
696.856 11 
576.999 11 
519.487 11 
770.653 11 
701.762 11 
594.479 11 
573.354 11 
654.693 11 
681.974 11 
829.509 11 
808.709 11 
731.329 11 
908.839 11 
520.766 11 
688.381 11 
965.162 11 
883.062 11 
798.895 11 
929.35 11 
664.291 11 
760.256 11 
809.828 11 
667.38 11 
733.782 11 
755.945 11 
748.695 11 
738.616 11 
549.083 11 
742.819 11 
483.334 11 
640.017 11 
804.217 11 
711.832 11 
704.759 11 
666.732 11 
719.141 11 
863.434 11 
837.665 11 
282.22 11 
783.189 11 
626.806 11 
688.183 11 
691.342 11 
791.513 11 
714.323 11 
743.78 11 
783.984 11 
713.653 11 
681.072 11 
706.657 11 
768.296 11 
658.729 11 
676.733 11 
851.914 11 
749.935 11 
722.65 11 
779.734 11 
643.368 11 
698.62 11 
784.717 11 
619.618 11 
609.264 11 
606.483 11 
699.514 11 
848.681 11 
731.277 11 
662.369 11 
671.055 11 
719.138 11 
1036.46 11 
690.38 11 
644.281 11 
715.399 11 
971.522 11 
739.755 11 
454.479 11 
708.365 11 
639.695 11 
741.103 11 
931.983 11 
696.185 11 
682.398 11 
681.452 11 
490.492 11 
919.161 11 
727.224 11 
723.14 11 
605.355 11 
733.005 11 
750.121 11 
677.108 11 
586.89 11 
804.42 11 
558.479 11 
600.01 11 
627.52 11 
788.869 11 
419.331 11 
859.93 11 
621.763 11 
848.062 11 
572.443 11 
548.759 11 
690.26 11 
798.462 11 
548.977 11 
685.563 11 
755.26 11 
671.77 11 
745.313 11 
549.358 11 
651.045 11 
633.045 11 
636.171 11 
700.786 11 
744.311 11 
626.941 11 
794.163 11 
816.364 11 
748.926 11 
739.857 11 
584.589 11 
838.131 11 
1037.8 11 
668.159 11 
578.395 11 
641.013 11 
660.058 11 
555.605 11 
697.485 11 
627.05 11 
787.39 11 
739.6 11 
1117.74 11 
411.709 11 
715.723 11 
712.024 11 
641.543 11 
572.8 11 
787.711 11 
568.334 11 
758.127 11 
821.029 11 
763.627 11 
537.563 11 
815.556 11 
643.384 11 
529.238 11 
755.955 11 
850.573 11 
454.848 11 
730.725 11 
708.845 11 
678.739 11 
931.213 11 
560.712 11 
548.28 11 
726.13 11 
647.176 11 
645.39 11 
722.827 11 
1053.2 11 
698.304 11 
724.796 11 
580.008 11 
741.654 11 
633.898 11 
811.177 11 
547.825 11 
835.488 11 
720.392 11 
649.742 11 
638.824 11 
639.503 11 
683.668 11 
514.607 11 
612.183 11 
677.551 11 
578.641 11 
651.628 11 
513.89 11 
684.871 11 
684.89 11 
751.463 11 
506.181 11 
579.016 11 
788.43 11 
1046.23 11 
656.069 11 
762.569 11 
769.983 11 
752.063 11 
626.899 11 
773.913 11 
843.05 11 
500.953 11 
1055.68 11 
468.651 11 
633.545 11 
640.611 11 
834.848 11 
840.127 11 
397.232 11 
645.456 11 
810.853 11 
836.557 11 
718.102 11 
703.068 11 
619.171 11 
697.057 11 
1432.52 11 
809.629 11 
770.159 11 
750.823 11 
624.525 11 
846.234 11 
629.125 11 
575.379 11 
721.069 11 
629.383 11 
759.426 11 
788.923 11 
731.553 11 
838.81 11 
804.94 11 
801.333 11 
830.916 11 
657.247 11 
742.145 11 
659.921 11 
951.311 11 
689.204 11 
809.598 11 
854.678 11 
491.384 11 
562.497 11 
557.197 11 
736.453 11 
747.706 11 
597.936 11 
440.112 11 
982.527 11 
584.316 11 
767.147 11 
837.199 11 
911.937 11 
615.531 11 
616.904 11 
693.464 11 
482.814 11 
617.011 11 
511.017 11 
773.525 11 
786.833 11 
677.011 11 
700.208 11 
765.26 11 
806.363 11 
722.804 11 
747.402 11 
709.739 11 
851.356 11 
725.464 11 
832.116 11 
764.431 11 
1073.06 11 
807.379 11 
744.518 11 
520.332 11 
580.128 11 
672.986 11 
777.117 11 
512.959 11 
752.79 11 
626.529 11 
672.881 11 
645.933 11 
668.049 11 
644.59 11 
876.81 11 
690.042 11 
680.623 11 
782.346 11 
756.562 11 
790.429 11 
524.267 11 
996.282 11 
761.67 11 
830.648 11 
644.388 11 
745.012 11 
1061.17 11 
681.65 11 
793.577 11 
775.53 11 
594.34 11 
709.644 11 
743.84 11 
573.902 11 
654.315 11 
762.319 11 
690.693 11 
713.001 11 
722.16 11 
956.83 11 
1152.43 11 
704.296 11 
701.24 11 
860.714 11 
685.97 11 
726.021 11 
629.61 11 
502.83 11 
612.784 11 
653.042 11 
550.872 11 
821.384 11 
686.826 11 
851.16 11 
756.056 11 
581.099 11 
499.498 11 
662.847 11 
657.236 11 
677.205 11 
670.638 11 
777.805 11 
683.391 11 
546.173 11 
655.779 11 
764.766 11 
713.52 11 
765.818 11 
648.094 11 
539.215 11 
681.674 11 
637.397 11 
743.335 11 
660.102 11 
594.095 11 
858.435 11 
642.698 11 
679.232 11 
696.646 11 
792.945 11 
612.851 11 
712.341 11 
905.915 11 
597.428 11 
716.432 11 
814.527 11 
698.607 11 
639.077 11 
616.353 11 
718.574 11 
476.822 11 
765.899 11 
700.654 11 
790.881 11 
696.121 11 
645.5 11 
519.582 11 
555.197 11 
617.005 11 
673.368 11 
516.117 11 
542.435 11 
783.086 11 
831.807 11 
684.947 11 
659.437 11 
564.692 11 
719.871 11 
723.225 11 
661.75 11 
617.142 11 
591.378 11 
602.452 11 
677.186 11 
630.177 11 
633.926 11 
671.944 11 
505.024 11 
660.138 11 
489.435 11 
967.754 11 
720.503 11 
706.994 11 
786.915 11 
759.723 11 
708.797 11 
677.644 11 
703.125 11 
718.567 11 
858.304 11 
597.195 11 
417.334 11 
766.333 11 
510.074 11 
846.152 11 
907.949 11 
634.022 11 
698.075 11 
597.51 11 
567.453 11 
682.91 11 
819.37 11 
790.691 11 
816.914 11 
811.527 11 
669.483 11 
691.49 11 
676.447 11 
677.458 11 
637.721 11 
483.482 11 
639.916 11 
669.338 11 
669.499 11 
952.236 11 
701.376 11 
710.695 11 
479.829 11 
656.237 11 
789.956 11 
692.53 11 
664.123 11 
834.587 11 
676.96 11 
767.472 11 
797.281 11 
791.43 11 
804.114 11 
810.694 11 
561.851 11 
932.056 11 
553.151 11 
470.076 11 
686.743 11 
630.244 11 
697.295 11 
760.871 11 
922.989 11 
725.043 11 
603.286 11 
584.963 11 
652.339 11 
801.74 11 
821.886 11 
630.202 11 
601.633 11 
597.482 11 
647.716 11 
811.782 11 
682.578 11 
663.851 11 
651.968 11 
780.861 11 
194.991 11 
687.592 11 
738.892 11 
648.179 11 
802.545 11 
760.807 11 
597.322 11 
706.264 11 
888.768 11 
484.982 11 
758.151 11 
645.275 11 
843.782 11 
759.721 11 
600.592 11 
560.194 11 
655.647 11 
730.385 11 
860.691 11 
725.64 11 
707.37 11 
434.421 11 
614.662 11 
701.67 11 
707.603 11 
604.382 11 
631.584 11 
701.649 11 
748.177 11 
891.319 11 
777.148 11 
762.767 11 
1089.14 11 
723.54 11 
684.667 11 
593.043 11 
794.961 11 
696.943 11 
607.609 11 
732.969 11 
784.342 11 
1306.32 11 
896.951 11 
954.432 11 
665.908 11 
700.034 11 
762.888 11 
817.687 11 
722.699 11 
609.24 11 
923.174 11 
727.792 11 
639.145 11 
344.182 11 
591.226 11 
606.946 11 
787.401 11 
593.997 11 
725.786 11 
725.905 11 
835.697 11 
653.241 11 
743.485 11 
717.389 11 
609.282 11 
697.146 11 
857.287 11 
755.495 11 
617.23 11 
670.984 11 
732.557 11 
599.531 11 
581.093 11 
780.153 11 
683.149 11 
738.017 11 
686.19 11 
799.353 11 
542.374 11 
701.563 11 
374.499 11 
635.937 11 
999.534 11 
735.351 11 
566.803 11 
439.159 11 
510.426 11 
537.492 11 
798.624 11 
743.784 11 
834.738 11 
1183.99 11 
598.739 11 
620.434 11 
810.62 11 
660.389 11 
769.988 11 
819.204 11 
756.605 11 
870.297 11 
724.607 11 
679.542 11 
773.036 11 
601.789 11 
844.007 11 
592.681 11 
794.789 11 
768.685 11 
517.012 11 
631.514 11 
759.537 11 
991.439 11 
830.192 11 
434.091 11 
487.7 11 
579.192 11 
864.09 11 
521.116 11 
619.789 11 
717.209 11 
964.822 11 
706.904 11 
805.708 11 
706.296 11 
688.974 11 
835.391 11 
834.508 11 
640.826 11 
837.078 11 
714.337 11 
803.284 11 
755.529 11 
878.034 11 
724.249 11 
615.362 11 
663.151 11 
533.881 11 
564.381 11 
600.549 11 
806.895 11 
670.083 11 
620.823 11 
735.741 11 
811.523 11 
495.68 11 
596.533 11 
742.566 11 
669.797 11 
596.809 11 
495.703 11 
646.029 11 
606.384 11 
599.273 11 
860.618 11 
680.944 11 
700.054 11 
314.172 11 
720.545 11 
573.433 11 
789.569 11 
683.553 11 
941.444 11 
607.025 11 
677.054 11 
689.434 11 
671.258 11 
710.063 11 
643.722 11 
1148.35 11 
766.582 11 
545.547 11 
875.902 11 
396.571 11 
630.364 11 
764.265 11 
821.086 11 
821.779 11 
740.047 11 
717.91 11 
585.175 11 
683.535 11 
761.74 11 
614.844 11 
698.476 11 
1074.37 11 
731.9 11 
793.435 11 
695.272 11 
811.71 11 
657.501 11 
628.06 11 
584.574 11 
867.946 11 
747.445 11 
495.133 11 
753.539 11 
738.715 11 
780.738 11 
430.509 11 
697.978 11 
768.012 11 
868.074 11 
769.598 11 
715.351 11 
992.101 11 
812.822 11 
794.987 11 
729.288 11 
901.287 11 
777.304 11 
802.849 11 
710.606 11 
623.949 11 
696.483 11 
1115.05 11 
682.932 11 
898.461 11 
703.286 11 
751.95 11 
613.506 11 
710.584 11 
588.421 11 
690.583 11 
575.577 11 
791.581 11 
598.262 11 
993.418 11 
820.878 11 
796.795 11 
718.789 11 
950.87 11 
623.487 11 
709.592 11 
864.211 11 
589.944 11 
675.454 11 
717.932 11 
734.351 11 
604.928 11 
724.445 11 
796.426 11 
666.225 11 
661.071 11 
603.468 11 
598.79 11 
702.265 11 
578.725 11 
662.943 11 
418.71 11 
732.699 11 
1110.31 11 
505.693 11 
703.135 11 
766.416 11 
531.289 11 
772.115 11 
494.005 11 
761.343 11 
784.326 11 
500.604 11 
738.525 11 
711.759 11 
543.529 11 
623.304 11 
763.767 11 
947.737 11 
393.486 11 
600.167 11 
721.189 11 
679.641 11 
768.241 11 
592.565 11 
659.969 11 
857.4 11 
695.058 11 
438.065 11 
736.881 11 
865.437 11 
643.385 11 
722.953 11 
557.357 11 
737.131 11 
745.809 11 
703.442 11 
707.173 11 
517.674 11 
735.565 11 
737.881 11 
694.593 11 
709.778 11 
655.535 11 
631.789 11 
667.64 11 
575.929 11 
628.585 11 
733.904 11 
853.847 11 
651.049 11 
715.953 11 
1119.08 11 
619.708 11 
394.797 11 
728.352 11 
665.12 11 
700.364 11 
609.767 11 
862.08 11 
682.393 11 
748.738 11 
801.824 11 
711.359 11 
707.515 11 
604.401 11 
807.277 11 
599.646 11 
619.158 11 
524.036 11 
528.862 11 
820.83 11 
874.951 11 
679.272 11 
670.405 11 
822.217 11 
746.705 11 
619.853 11 
574.303 11 
577.509 11 
765.988 11 
848.133 11 
798.315 11 
497.857 11 
659.699 11 
674.344 11 
735.377 11 
709.261 11 
722.723 11 
750.729 11 
682.624 11 
493.714 11 
548.756 11 
456.703 11 
669.222 11 
620.522 11 
711.708 11 
970.829 11 
594.616 11 
426.95 11 
499.715 11 
681.007 11 
672.271 11 
794.189 11 
480.271 11 
680.408 11 
754.193 11 
630.527 11 
653.244 11 
741.438 11 
746.068 11 
497.628 11 
627.397 11 
514.404 11 
866.096 11 
556.607 11 
740.72 11 
711.808 11 
835.939 11 
664.209 11 
619.526 11 
821.323 11 
782.056 11 
934.66 11 
554.006 11 
709.039 11 
925.901 11 
724.588 11 
641.228 11 
1018.29 11 
622.256 11 
595.214 11 
552.25 11 
483.877 11 
815.865 11 
825.417 11 
712.799 11 
675.56 11 
789.105 11 
906.235 11 
677.445 11 
680.903 11 
680.225 11 
706.859 11 
612.186 11 
573.328 11 
741.866 11 
630.665 11 
654.451 11 
734.862 11 
761.034 11 
588.883 11 
647.98 11 
816.948 11 
857.81 11 
904.684 11 
796.326 11 
726.278 11 
681.071 11 
686.041 11 
785.648 11 
444.331 11 
1134.37 11 
820.812 11 
574.592 11 
496.836 11 
673.353 11 
546.213 11 
418.589 11 
746.628 11 
947.552 11 
852.093 11 
830.261 11 
766.66 11 
682.376 11 
670.08 11 
633.431 11 
687.789 11 
1048.35 11 
862.287 11 
739.03 11 
674.308 11 
1053.04 11 
546.271 11 
736.389 11 
607.896 11 
537.857 11 
781.344 11 
896.743 11 
1064.43 11 
694.839 11 
787.597 11 
565.56 11 
631.959 11 
769.752 11 
735.701 11 
540.68 11 
1136.04 11 
731.213 11 
704.035 11 
871.198 11 
544.814 11 
623.488 11 
716.318 11 
607.959 11 
811.695 11 
486.812 11 
714.288 11 
640.32 11 
677.989 11 
458.42 11 
759.583 11 
603.653 11 
893.483 11 
784.886 11 
706.71 11 
720.073 11 
724.703 11 
719.227 11 
677.939 11 
645.746 11 
835.884 11 
617.058 11 
810.706 11 
671.383 11 
666.918 11 
750.39 11 
569.429 11 
936.706 11 
769.022 11 
740.325 11 
770.276 11 
487.54 11 
741.311 11 
776.338 11 
216.032 11 
600.915 11 
1025.23 11 
865.704 11 
433.763 11 
550.966 11 
739.03 11 
515.413 11 
696.77 11 
647.484 11 
793.237 11 
940.579 11 
742.735 11 
720.027 11 
702.862 11 
472.623 11 
779.916 11 
794.937 11 
899.53 11 
667.82 11 
755.651 11 
432.567 11 
716.118 11 
544.024 11 
227.037 11 
837.795 11 
632.669 11 
800.251 11 
687.797 11 
570.458 11 
693.115 11 
752.276 11 
931.528 11 
802.599 11 
716.046 11 
605.487 11 
473.351 11 
693.874 11 
780.184 11 
703.94 11 
696.141 11 
781.914 11 
617.508 11 
815.145 11 
605.425 11 
831.048 11 
773.416 11 
717.387 11 
529.624 11 
499.111 11 
759.684 11 
733.256 11 
831.211 11 
751.028 11 
1165.19 11 
674.503 11 
813.877 11 
637.324 11 
685.89 11 
702.477 11 
644.801 11 
475.963 11 
829.59 11 
605.117 11 
705.142 11 
708.689 11 
697.294 11 
545.386 11 
684.061 11 
671.932 11 
526.191 11 
839.507 11 
785.387 11 
779.118 11 
776.879 11 
874.75 11 
716.998 11 
532.665 11 
411.44 13 
816.505 13 
598.121 13 
658.001 13 
757.687 13 
547.632 13 
631.578 13 
628.342 13 
438.601 13 
758.012 13 
809.936 13 
838.825 13 
651.327 13 
719.286 13 
808.064 13 
703.171 13 
715.07 13 
524.657 13 
506.558 13 
801.982 13 
930.171 13 
846.562 13 
755.271 13 
701.583 13 
642.019 13 
847.533 13 
856.412 13 
1158.95 13 
808.456 13 
701.132 13 
713.558 13 
788.828 13 
561.495 13 
617.694 13 
788.747 13 
536.723 13 
679.251 13 
758.175 13 
674.964 13 
719.28 13 
851.645 13 
730.633 13 
721.372 13 
650.361 13 
796.627 13 
833.184 13 
842.924 13 
937.11 13 
704.682 13 
747.814 13 
726.547 13 
573.801 13 
1020.91 13 
711.066 13 
835.24 13 
644.258 13 
679.381 13 
523.313 13 
789.08 13 
742.497 13 
857.416 13 
742.544 13 
797.3 13 
706.097 13 
777.486 13 
783.174 13 
758.024 13 
415.785 13 
704.056 13 
1086.87 13 
745.856 13 
761.502 13 
525.148 13 
654.409 13 
1231.5 13 
953.638 13 
656.38 13 
631.859 13 
848.463 13 
791.799 13 
646.52 13 
675.342 13 
718.484 13 
614.236 13 
599.544 13 
789.482 13 
518.193 13 
718.4 13 
763.272 13 
520.964 13 
584.188 13 
634.24 13 
624.785 13 
824.753 13 
713.015 13 
862.297 13 
659.468 13 
628.998 13 
881.393 13 
770.627 13 
592.376 13 
809.797 13 
701.279 13 
687.036 13 
815.535 13 
706.414 13 
596.711 13 
615.67 13 
785.548 13 
809.779 13 
688.792 13 
703.227 13 
376.875 13 
408.216 13 
677.734 13 
634.263 13 
678.798 13 
665.363 13 
554.738 13 
780.283 13 
628.647 13 
787.346 13 
786.522 13 
591.835 13 
655.783 13 
629.688 13 
727.319 13 
476.495 13 
955.916 13 
823.3 13 
548.415 13 
621.159 13 
712.631 13 
689.234 13 
670.218 13 
600.893 13 
581.227 13 
681.756 13 
818.622 13 
700.154 13 
712.14 13 
756.843 13 
397.953 13 
458.413 13 
757.24 13 
854.939 13 
740.974 13 
567.676 13 
741.414 13 
759.378 13 
742.206 13 
829.312 13 
778.183 13 
923.524 13 
829.386 13 
787.015 13 
717.24 13 
992.739 13 
587.778 13 
585.504 13 
718.307 13 
650.995 13 
731.668 13 
642.086 13 
558.012 13 
668.605 13 
679.306 13 
742.323 13 
703.101 13 
466.213 13 
725.731 13 
606.8 13 
703.387 13 
727.467 13 
436.08 13 
988.92 13 
641.356 13 
661.407 13 
637.317 13 
798.454 13 
775.568 13 
1383.87 13 
725.905 13 
996.448 13 
892.713 13 
651.81 13 
620.602 13 
809.968 13 
717.414 13 
870.215 13 
605.109 13 
679.223 13 
873.687 13 
685.829 13 
762.305 13 
407.42 13 
619.512 13 
738.386 13 
678.883 13 
647.539 13 
809.077 13 
730.44 13 
375.878 13 
723.875 13 
546.345 13 
591.944 13 
719.885 13 
774.663 13 
1010.09 13 
673.585 13 
731.148 13 
790.211 13 
1068.02 13 
566.367 13 
684.533 13 
659.538 13 
738.942 13 
777.26 13 
521.464 13 
727.614 13 
739.47 13 
653.234 13 
648.737 13 
558.681 13 
678.009 13 
705 13 
698.559 13 
729.895 13 
710.123 13 
668.943 13 
683.009 13 
488.286 13 
604.981 13 
773.042 13 
1114.96 13 
947.321 13 
696.109 13 
549.624 13 
502.283 13 
507.543 13 
622.18 13 
740.335 13 
730.101 13 
804.511 13 
914.292 13 
816.65 13 
706.706 13 
762.831 13 
630.301 13 
465.248 13 
699.723 13 
638.895 13 
976.278 13 
831.048 13 
411.415 13 
618.367 13 
799.382 13 
676.368 13 
558.811 13 
947.673 13 
635.68 13 
723.575 13 
763.84 13 
685.256 13 
947.707 13 
738.645 13 
790.433 13 
665.879 13 
649.077 13 
462.829 13 
684.576 13 
653.86 13 
751.914 13 
727.433 13 
769.492 13 
633.763 13 
756.176 13 
834.263 13 
781.409 13 
731.323 13 
536.503 13 
777.336 13 
643.501 13 
803.016 13 
1088.6 13 
518.992 13 
661.77 13 
735.636 13 
953.62 13 
649.291 13 
580.703 13 
641.781 13 
925.568 13 
633.153 13 
841.344 13 
850.96 13 
715.614 13 
776.192 13 
757.153 13 
451.119 13 
909.159 13 
574.626 13 
569.881 13 
632.924 13 
598.586 13 
751.308 13 
545.422 13 
485.606 13 
580.542 13 
603.92 13 
727.508 13 
882.645 13 
775.115 13 
865.341 13 
742.541 13 
817.071 13 
556.99 13 
730.037 13 
686.705 13 
661.687 13 
739.518 13 
448.231 13 
633.567 13 
695.016 13 
792.554 13 
832.543 13 
740.628 13 
678.358 13 
691.999 13 
632.928 13 
611.919 13 
545.633 13 
723.035 13 
677.896 13 
673.026 13 
834.262 13 
486.028 13 
721.979 13 
544.335 13 
757.554 13 
753.307 13 
863.77 13 
1011.24 13 
682.677 13 
945.476 13 
733.406 13 
566.641 13 
755.331 13 
757.965 13 
871.196 13 
401.72 13 
687.83 13 
402.888 13 
736.456 13 
715.635 13 
894.625 13 
559.198 13 
636.403 13 
548.559 13 
693.445 13 
738.431 13 
653.484 13 
752.079 13 
759.413 13 
863.295 13 
623.483 13 
734.176 13 
845.069 13 
695.285 13 
707.174 13 
714.79 13 
818.165 13 
626.899 13 
1138.55 13 
555.367 13 
706.503 13 
680.496 13 
940.651 13 
607.627 13 
738.947 13 
962.49 13 
684.689 13 
752.281 13 
683.652 13 
793.912 13 
583.49 13 
801.598 13 
809.151 13 
680.459 13 
713.862 13 
782.39 13 
783.393 13 
719.802 13 
737.63 13 
479.449 13 
768.216 13 
646.876 13 
717.747 13 
924.843 13 
878.296 13 
987.839 13 
514.637 13 
664.577 13 
594.841 13 
739.777 13 
570.724 13 
919.835 13 
637.13 13 
805.024 13 
772.44 13 
687.137 13 
857.879 13 
789.001 13 
623.533 13 
751.036 13 
735.495 13 
893.961 13 
748.394 13 
732.088 13 
568.159 13 
748.781 13 
644.493 13 
731.437 13 
816.114 13 
719.375 13 
720.47 13 
709.194 13 
755.448 13 
746.932 13 
781.652 13 
787.344 13 
768.057 13 
858.598 13 
621.301 13 
646.432 13 
839.458 13 
479.761 13 
686.951 13 
802.352 13 
989.551 13 
538.821 13 
1116.79 13 
609.246 13 
770.733 13 
682.604 13 
731.801 13 
671.529 13 
696.349 13 
694.405 13 
702.016 13 
672.143 13 
790.768 13 
658.86 13 
674.666 13 
578.718 13 
1225.05 13 
713.655 13 
627.946 13 
620.383 13 
626.612 13 
941.477 13 
758.707 13 
622.482 13 
426.013 13 
455.56 13 
704.404 13 
682.225 13 
862.476 13 
870.818 13 
790.234 13 
682.955 13 
544.503 13 
745.996 13 
846.484 13 
700.847 13 
734.084 13 
545.872 13 
766.506 13 
692.579 13 
569.601 13 
691.964 13 
704.867 13 
745.604 13 
749.442 13 
557.209 13 
629.916 13 
933.168 13 
754.877 13 
838.61 13 
686.749 13 
798.008 13 
802.986 13 
861.91 13 
703.688 13 
525.263 13 
743.195 13 
632.658 13 
734.727 13 
784.212 13 
690.703 13 
782.62 13 
780.955 13 
674.079 13 
748.539 13 
803.31 13 
874.066 13 
953.459 13 
724.975 13 
651.322 13 
651.709 13 
497.167 13 
799.765 13 
777.004 13 
585.454 13 
821.298 13 
685.563 13 
1084.41 13 
406.338 13 
788.885 13 
733.095 13 
824.468 13 
815.234 13 
917.564 13 
740.395 13 
541.373 13 
768.349 13 
592.069 13 
761.632 13 
730.693 13 
609.771 13 
886.38 13 
562.87 13 
718.595 13 
626.191 13 
659.776 13 
676.461 13 
730.462 13 
667.129 13 
473.29 13 
661.208 13 
750.715 13 
663.644 13 
603.759 13 
663.201 13 
528.146 13 
266.831 13 
677.622 13 
644.366 13 
542.594 13 
609.481 13 
1045.17 13 
684.847 13 
736.079 13 
823.966 13 
1362.86 13 
570.947 13 
681.434 13 
451.166 13 
704.708 13 
647.151 13 
703.004 13 
814.015 13 
745.566 13 
663.079 13 
948.404 13 
555.329 13 
904.487 13 
416.162 13 
722.806 13 
542.536 13 
744.739 13 
508.838 13 
734.692 13 
683.543 13 
1016.86 13 
504.435 13 
750.721 13 
715.528 13 
758.748 13 
793.16 13 
566.527 13 
662.938 13 
400.777 13 
734.63 13 
786.133 13 
451.575 13 
525.907 13 
760.379 13 
662.447 13 
460.078 13 
674.949 13 
731.919 13 
624.197 13 
684.6 13 
762.195 13 
1201.6 13 
663.26 13 
798.514 13 
503.796 13 
652.077 13 
740.342 13 
646.418 13 
691.528 13 
403.381 13 
629.401 13 
772.615 13 
766.717 13 
640.623 13 
597.993 13 
765.25 13 
875.435 13 
690.278 13 
406.462 13 
783.406 13 
706.686 13 
842.949 13 
782.046 13 
916.05 13 
687.189 13 
757.416 13 
427.511 13 
689.271 13 
682.896 13 
713.606 13 
804.613 13 
638.392 13 
470.298 13 
678.42 13 
767.089 13 
645.426 13 
744.75 13 
687.676 13 
602.496 13 
692.685 13 
774.075 13 
723.292 13 
700.689 13 
888.161 13 
795.994 13 
734.567 13 
624.091 13 
660.144 13 
1095.1 13 
411.794 13 
703.594 13 
692.446 13 
821.587 13 
729.096 13 
910.43 13 
820.107 13 
688.957 13 
740.386 13 
882.291 13 
930.57 13 
867.896 13 
1165.23 13 
722.24 13 
784.115 13 
575.258 13 
689.91 13 
805.78 13 
818.122 13 
759.461 13 
1188.99 13 
722.354 13 
716.183 13 
396.77 13 
997.332 13 
791.487 13 
543.542 13 
474.594 13 
410.899 13 
734.328 13 
698.2 13 
874.616 13 
734.26 13 
931.333 13 
419.414 13 
745.573 13 
778.921 13 
746.1 13 
697.865 13 
763.664 13 
719.024 13 
873.719 13 
709.901 13 
647.458 13 
745.542 13 
582.289 13 
720.884 13 
703.522 13 
812.175 13 
652.952 13 
632.037 13 
690.344 13 
875.326 13 
579.417 13 
825.981 13 
765.89 13 
596.871 13 
991.048 13 
734.037 13 
839.897 13 
693.864 13 
774.311 13 
662.457 13 
486.161 13 
649.206 13 
780.892 13 
707.493 13 
748.247 13 
403.161 13 
667.258 13 
843.255 13 
350.827 13 
668.337 13 
743.67 13 
662.151 13 
642.988 13 
650.913 13 
905.781 13 
563.725 13 
710.054 13 
682.174 13 
740.061 13 
656.165 13 
642.016 13 
695.999 13 
769.549 13 
853.641 13 
762.458 13 
747.551 13 
812.268 13 
552.162 13 
436.239 13 
543.65 13 
810.546 13 
809.272 13 
651.057 13 
596.026 13 
646.366 13 
668.662 13 
723.174 13 
779.379 13 
899.616 13 
534.563 13 
367.442 13 
752.163 13 
660.814 13 
671.527 13 
718.994 13 
591.285 13 
724.409 13 
622.651 13 
680.513 13 
817.461 13 
732.755 13 
429.636 13 
697.544 13 
1107.51 13 
864.366 13 
633.455 13 
458.33 13 
669.96 13 
783.502 13 
509.557 13 
759.964 13 
752.52 13 
875.233 13 
648.23 13 
737.245 13 
1086.13 13 
496.064 13 
601.836 13 
745.151 13 
494.872 13 
1133.5 13 
653.541 13 
669.197 13 
750.045 13 
470.409 13 
725.273 13 
803.884 13 
788.006 13 
680.146 13 
577.039 13 
854.838 13 
532.477 13 
744.9 13 
749.284 13 
749.336 13 
653.494 13 
692.698 13 
672.079 13 
771.895 13 
715.128 13 
709.769 13 
517.646 13 
679.916 13 
637.278 13 
701.283 13 
700.075 13 
726.687 13 
640.811 13 
702.411 13 
513.794 13 
662.967 13 
499.561 13 
708.614 13 
820.563 13 
592.145 13 
794.532 13 
670.748 13 
699.81 13 
621.179 13 
741.303 13 
746.919 13 
752.143 13 
714.134 13 
737.151 13 
614.666 13 
452.476 13 
621.399 13 
857.818 13 
689.964 13 
629.279 13 
682.683 13 
710.758 13 
724.154 13 
1195.89 13 
767.127 13 
663.544 13 
627.364 13 
782.603 13 
503.469 13 
667.378 13 
690.693 13 
735.591 13 
952.138 13 
473.805 13 
544.249 13 
773.367 13 
769.689 13 
742.592 13 
816.384 13 
494.307 13 
637.549 13 
408.376 13 
859.581 13 
588.457 13 
801.331 13 
412.8 13 
753.723 13 
809.726 13 
526.66 13 
939.91 13 
610.452 13 
704.279 13 
777.276 13 
745.821 13 
742.618 13 
779.044 13 
586.134 13 
704.245 13 
441.19 13 
815.502 13 
767.908 13 
684.271 13 
896.927 13 
1262.59 13 
575.38 13 
935.416 13 
447.486 13 
407.473 13 
776.642 13 
707.689 13 
935.049 13 
715.36 13 
651.093 13 
739.23 13 
669.764 13 
784.938 13 
649.695 13 
718.704 13 
621.922 13 
822.592 13 
783.031 13 
621.061 13 
697.962 13 
859.273 13 
986.304 13 
654.227 13 
728.738 13 
762.116 13 
723.22 13 
613.247 13 
684.699 13 
908.541 13 
537.535 13 
1028.15 13 
710.157 13 
510.881 13 
634.089 13 
678.838 13 
809.227 13 
703.364 13 
664.032 13 
803.145 13 
831.114 13 
715.829 13 
589.29 13 
733.105 13 
574.198 13 
774.09 13 
595.432 13 
557.381 13 
519.919 13 
809.086 13 
649.269 13 
773.366 13 
657.451 13 
547.006 13 
454.294 13 
646.628 13 
870.818 13 
716.586 13 
656.606 13 
541.289 13 
607.822 13 
797.999 13 
485.238 13 
749.089 13 
693.034 13 
757.234 13 
646.118 13 
713.089 13 
679.657 13 
590.563 13 
680.115 13 
831.932 13 
714.182 13 
684.342 13 
726.296 13 
773.461 13 
514.257 13 
709.92 13 
904.572 13 
608.026 13 
864.767 13 
716.578 13 
677.51 13 
731.018 13 
663.862 13 
695.752 13 
795.412 13 
847.781 13 
784.405 13 
706.065 13 
939.625 13 
741.026 13 
610.843 13 
641.252 13 
891.821 13 
755.341 13 
718.239 13 
752.097 13 
761.803 13 
715.919 13 
550.202 13 
655.271 13 
737.649 13 
636.333 13 
811.297 13 
805.407 13 
725.796 13 
780.586 13 
756.612 13 
842.126 13 
745.387 13 
723.219 13 
656.667 13 
710.798 13 
663.041 13 
560.012 13 
507.7 13 
501.031 13 
641.253 13 
539.624 13 
718.342 13 
768.488 13 
688.676 13 
696.472 13 
685.137 13 
690.824 13 
583.557 13 
692.513 13 
758.249 13 
715.956 13 
921.001 13 
626.105 13 
724.537 13 
597.897 13 
602.446 13 
729.844 13 
620.218 13 
703.269 13 
805.721 13 
720.756 13 
748.913 13 
837.65 13 
660.657 13 
759.202 13 
582.791 13 
690.329 13 
710.035 13 
769.569 13 
662.678 13 
860.879 13 
678.599 13 
774.333 13 
907.121 13 
778.263 13 
806.732 13 
605.407 13 
729.023 13 
904.603 13 
697.319 13 
629.567 13 
1082.2 13 
581.9 13 
747.229 13 
667.617 13 
826.208 13 
692.279 13 
681.387 13 
929.292 13 
747.511 13 
625.367 13 
898.456 13 
714.146 13 
1014.55 13 
611.87 13 
713.038 13 
872.678 13 
753.504 13 
699.031 13 
666.371 13 
732.194 13 
591.295 13 
543.581 13 
738.609 13 
663.04 13 
665.801 13 
657.461 13 
663.521 13 
593.302 13 
672.061 13 
553.359 13 
866.599 13 
676.671 13 
811.104 13 
628.766 13 
784.636 13 
696.632 13 
745.837 13 
672.568 13 
746.689 13 
786.967 13 
681.908 13 
712.095 13 
916.005 13 
550.918 13 
660.808 13 
768.169 13 
691.969 13 
702.688 13 
884.773 13 
1016.77 13 
773.075 13 
848.917 13 
579.966 13 
571.804 13 
1039.87 13 
821.337 13 
758.831 13 
718.13 13 
783.163 13 
953.533 13 
801.619 13 
708.076 13 
901.78 13 
615.44 13 
628.534 13 
655.495 13 
616.772 13 
697.763 13 
595.854 13 
537.603 13 
627.952 13 
732.973 13 
730.662 13 
465.06 13 
651.535 13 
497.771 13 
938.249 13 
862.341 13 
656.207 13 
579.451 13 
558.234 13 
585.569 13 
447.41 13 
684.521 13 
900.426 13 
822.542 13 
700.448 13 
896.089 13 
591.561 13 
723.554 13 
723.625 13 
688.496 13 
667.835 13 
628.093 13 
591.663 13 
852.91 13 
687.889 13 
715.912 13 
795.601 13 
823.764 13 
988.873 13 
662.452 13 
729.85 13 
684.754 13 
603.473 13 
642.545 13 
564.006 13 
669.913 13 
622.184 13 
754.32 13 
823.721 13 
722.285 13 
305.756 13 
796.385 13 
605.156 13 
957.13 13 
690.763 13 
784.699 13 
617.773 13 
755.528 13 
641.833 13 
842.949 13 
808.841 13 
551.267 13 
667.029 13 
697.683 13 
472.734 13 
818.394 13 
703.998 13 
950.624 13 
857.603 13 
402.536 13 
667.013 13 
685.693 13 
747.208 13 
630.055 13 
577.016 13 
589.408 13 
672.779 13 
709.223 13 
639.586 13 
530.766 13 
1178.84 13 
815.426 13 
642.56 13 
675.34 13 
614.798 13 
764.824 13 
661.52 13 
592.547 13 
750.467 13 
809.811 13 
647.523 13 
652.738 13 
501.351 13 
802.655 13 
826.596 13 
539.501 13 
680.722 13 
548.305 13 
785.311 13 
683.423 13 
587.144 13 
748.354 13 
725.193 13 
695.395 13 
738.127 13 
1232.68 13 
787.77 13 
825.468 13 
737.895 13 
691.474 13 
597.68 13 
1172.09 13 
730.161 13 
594.695 13 
682.221 13 
684.322 13 
414.171 13 
525.346 13 
462.21 13 
789.974 13 
570.141 13 
876.861 13 
957.13 13 
606.93 13 
638.797 13 
517.346 13 
836.805 13 
716.9 13 
1061.24 13 
813.124 13 
846.945 13 
683.682 13 
1038.95 13 
955.64 13 
737.674 13 
754.158 13 
822.615 13 
670.783 13 
790.351 13 
797.356 13 
626.224 13 
642.78 13 
708.652 13 
798.318 13 
382.291 13 
765.204 13 
653.404 13 
696.166 13 
595.303 13 
1057.84 13 
1052.55 13 
662.178 13 
681.015 13 
678.842 13 
428.266 13 
710.357 13 
733.032 13 
753.977 13 
590.408 13 
798.205 13 
709.952 13 
590.081 13 
656.593 13 
731.388 13 
774.303 13 
774.737 13 
785.528 13 
487.839 13 
819.452 13 
697.451 13 
865.379 13 
1024.74 13 
616.562 13 
700.276 13 
1268.25 13 
692.44 13 
702.962 13 
765.491 13 
491.952 13 
754.253 13 
685.302 13 
806.11 13 
690.919 13 
703.751 13 
596.548 13 
652.269 13 
741.363 13 
688.261 13 
717.876 13 
638.164 13 
481.164 13 
623.919 13 
717.353 13 
734.888 13 
728.13 13 
743.701 13 
508.003 13 
624.429 13 
787.578 13 
1013.06 13 
985.806 13 
717.271 13 
889.077 13 
580.115 13 
440.803 13 
747.069 13 
706.997 13 
810.362 13 
761.667 13 
777.898 13 
745.512 13 
685.817 13 
677.726 13 
756.77 13 
608.551 13 
593.395 13 
775.038 13 
727.535 13 
525.532 13 
601.447 13 
551.63 13 
306.864 13 
684.389 13 
682.266 13 
864.976 13 
724.497 13 
686.882 13 
443.747 13 
692.238 13 
541.28 13 
725.538 13 
810.298 13 
609.585 13 
434.936 13 
637.323 13 
927.102 13 
704.109 13 
530.518 13 
663.114 13 
788.194 13 
758.056 13 
682.576 13 
683.536 13 
774.546 13 
658.465 13 
743.991 13 
601.658 13 
634.701 13 
638.243 13 
744.172 13 
584.628 13 
743.399 13 
603 13 
743.566 13 
899.428 13 
864.207 13 
743.931 13 
678.399 13 
795.011 13 
818.193 13 
542.916 13 
701.639 13 
857.459 13 
878.643 13 
591.281 13 
358.465 13 
611.042 13 
741.398 13 
884.689 13 
890.094 13 
676.422 13 
925.129 13 
621.953 13 
804.943 13 
546.672 13 
666.348 13 
725.565 13 
693.458 13 
612.465 13 
717.946 13 
700.71 13 
691.048 13 
629.229 13 
743.752 13 
685.253 13 
798.506 13 
759.979 13 
992.282 13 
730.898 13 
696.523 13 
649.721 13 
704.737 13 
705.417 13 
780.621 13 
773.007 13 
973.425 13 
807.31 13 
714.03 13 
732.413 13 
625.036 13 
713.189 13 
565.417 13 
815.045 13 
722.635 13 
681.115 13 
760.249 13 
1220.22 13 
590.699 13 
646.967 13 
643.227 13 
493.5 13 
706.275 13 
695.564 13 
693.941 13 
695.186 13 
689.126 13 
695.707 13 
469.966 13 
431.873 13 
902.281 13 
785.716 13 
698.814 13 
738.459 13 
957.46 13 
739.656 13 
748.999 13 
703.124 13 
674.132 13 
850.933 13 
894.163 13 
728.951 13 
581.026 13 
592.97 13 
688.987 13 
564.813 13 
742.992 13 
736.319 13 
834.694 13 
731.263 13 
755.002 13 
876.772 13 
659.711 13 
479.128 13 
771.25 13 
706.291 13 
1004.22 13 
940.333 13 
689.459 13 
656.831 13 
763.748 13 
1129.67 13 
623.323 13 
969.062 13 
853.195 13 
999.551 13 
560.341 13 
731.889 13 
758.056 13 
930.06 13 
717.138 13 
684.452 13 
512.687 13 
698.13 13 
687.605 13 
1047.52 13 
543.72 13 
721.798 13 
488.178 13 
539.391 13 
586.418 13 
705.739 13 
746.073 13 
751.827 13 
908.608 13 
583.027 13 
674.829 13 
1006.17 13 
658.302 13 
756.12 13 
712.292 13 
836.55 13 
654.431 13 
693.181 13 
658.955 13 
691.525 13 
778.787 13 
740.591 13 
831.5 13 
618.377 13 
756.141 13 
481.839 13 
733.804 13 
795.9 13 
779.747 13 
849.884 13 
800.096 13 
726.588 13 
747.534 13 
565.053 13 
611.411 13 
699.699 13 
357.247 13 
597.304 13 
747.681 13 
761.837 13 
582.897 13 
658.966 13 
738.127 13 
1069.28 13 
561.286 13 
659.846 13 
737.524 13 
645.459 13 
753.809 13 
740.322 13 
867.313 13 
673.555 13 
686.098 13 
398.457 13 
705.346 13 
489.566 13 
705.384 13 
441.276 13 
1005.4 13 
810.365 13 
572.446 13 
798.813 13 
888.522 13 
764.635 13 
511.855 13 
545.653 13 
621.549 13 
657.297 13 
728.79 13 
782.017 13 
553.829 13 
584.096 13 
745.929 13 
631.977 13 
495.912 13 
707.304 13 
723.336 13 
665.373 13 
763.289 13 
721.12 13 
705.623 13 
622.525 13 
811.562 13 
798.398 13 
637.137 13 
698.828 13 
554.719 13 
885.249 13 
731.932 13 
754.446 13 
712.01 13 
777.731 13 
860.25 13 
821.016 13 
578.848 13 
749.284 13 
731.239 13 
809.307 13 
561.587 13 
810.32 13 
746.575 13 
749.754 13 
464.248 13 
748.563 13 
795.245 13 
599.789 13 
760.239 13 
676.986 13 
781.43 13 
760.925 13 
804.106 13 
723.799 13 
727.565 13 
695.139 13 
683.197 13 
723.82 13 
577.756 13 
686.3 13 
676.698 13 
717.159 13 
630.674 13 
715.595 13 
864.462 13 
766.594 13 
808.517 13 
632.472 13 
602.973 13 
534.139 13 
857.457 13 
625.717 13 
713.61 13 
724.038 13 
737.396 13 
827.791 13 
767.641 13 
865.485 13 
670.431 13 
634.568 13 
756.052 13 
996.621 13 
697.169 13 
505.298 13 
597.444 13 
741.523 13 
834.213 13 
478.696 13 
824.2 13 
714.337 13 
782.54 13 
733.511 13 
658.842 13 
679.533 13 
793.342 13 
758.671 13 
608.808 13 
949.602 13 
778.312 13 
289.589 13 
739.246 13 
651.345 13 
720.412 13 
538.811 13 
1711.93 13 
764.056 13 
793.26 13 
649.471 13 
485.846 13 
953.229 13 
870.237 13 
471.101 13 
483.181 13 
742.524 13 
570.7 13 
556.57 13 
736.993 13 
662.015 13 
717.495 13 
748.407 13 
627.833 13 
497.631 13 
399.484 13 
494.712 13 
748.92 13 
559.327 13 
740.27 13 
780.491 13 
723.415 13 
716.838 13 
699.886 13 
902.462 13 
715.262 13 
727.862 13 
608.278 13 
593.421 13 
369.784 13 
689.798 13 
1086.62 13 
629.654 13 
559.302 13 
701.149 13 
628.534 13 
726.573 13 
635.883 13 
624.046 13 
509.434 13 
555.756 13 
711.359 13 
746.725 13 
662.063 13 
533.766 13 
683.999 13 
881.785 13 
662.076 13 
715.635 13 
496.566 13 
918.666 13 
611.544 13 
779.82 13 
750.219 13 
775.824 13 
781.683 13 
676.408 13 
805.431 13 
846.849 13 
681.657 13 
546.512 13 
830.504 13 
813.991 13 
609.333 13 
865.261 13 
802.573 13 
705.146 13 
780.909 13 
794.401 13 
539.323 13 
977.768 13 
763.952 13 
633.697 13 
603.567 13 
701.757 13 
715.983 13 
928.155 13 
644.411 13 
763.069 13 
683.488 13 
851.433 13 
711.288 13 
735.201 13 
642.154 13 
648.58 13 
490.513 13 
791.071 13 
735.755 13 
680.565 13 
791.374 13 
594.845 13 
638.45 13 
755.331 13 
511.03 13 
730.317 13 
703.468 13 
1079.74 13 
963.46 13 
798.219 13 
542.045 13 
669.766 13 
973.536 13 
1063.46 13 
538.643 13 
724.233 13 
731.5 13 
716.469 13 
544.5 13 
996.885 13 
715.926 13 
674.653 13 
645.161 13 
751.849 13 
351.532 13 
837.329 13 
462.174 13 
537.628 13 
864.43 13 
764.656 13 
615.543 13 
690.687 13 
643.321 13 
852.754 13 
738.583 13 
734.228 13 
705.91 13 
689.292 13 
791.491 13 
774.425 13 
700.319 13 
697.895 13 
691.076 13 
693.888 13 
754.462 13 
688.373 13 
778.988 13 
791.389 13 
708.706 13 
812.656 13 
651.226 13 
768.151 13 
590.614 13 
721.788 13 
761.784 13 
341.222 13 
541.287 13 
703.735 13 
672.898 13 
596.555 13 
750.422 13 
733.849 13 
656.235 13 
690.743 13 
479.884 13 
774.339 13 
1017.69 13 
635.432 13 
743.691 13 
638.893 13 
849.788 13 
457.216 13 
870.877 13 
578.632 13 
824.701 13 
633.647 13 
646.395 13 
655.496 13 
750.315 13 
750.086 13 
694.585 13 
646.965 13 
511.866 13 
690.539 13 
882.701 13 
735.943 13 
699.098 13 
679.109 13 
644.509 13 
904.758 13 
507.051 13 
573.455 13 
663.425 13 
662.349 13 
675.569 13 
579.395 13 
812.463 13 
601.436 13 
639.079 13 
656.435 13 
709.871 13 
601.499 13 
590.258 13 
680.413 13 
723.541 13 
631.943 13 
744.023 13 
607.112 13 
635.633 13 
773.874 13 
782.169 13 
537.082 13 
636.552 13 
659.384 13 
925.171 13 
750.589 13 
722.417 13 
876.648 13 
594.302 13 
714.216 13 
442.957 13 
796.968 13 
628.106 13 
679.018 13 
752.329 13 
800.894 13 
751.27 13 
787.214 13 
530.721 13 
714.526 13 
788.878 13 
809.143 13 
639.097 13 
676.372 13 
497.125 13 
574.044 13 
675.938 13 
686.905 13 
610.651 13 
685.251 13 
803.036 13 
681.483 13 
514.564 13 
801.056 13 
642.446 13 
567.6 13 
810.536 13 
618.591 13 
759.311 13 
648.476 13 
459.481 13 
563.999 13 
750.391 13 
717.832 13 
1002.71 13 
575.303 13 
556.006 13 
643.254 13 
719.086 13 
692.107 13 
805.207 13 
740.896 13 
937.742 13 
751.266 13 
636.938 13 
671.4 13 
1032.24 13 
694.314 13 
558.625 13 
670.939 13 
505.396 13 
580.229 13 
834.687 13 
754.872 13 
611.378 13 
654.627 13 
755.812 13 
765.631 13 
758.875 13 
748.035 13 
773.639 13 
721.476 13 
778.725 13 
801.198 13 
620.331 13 
543.402 13 
421.234 13 
688.489 13 
781.708 13 
788.764 13 
475.116 13 
716.338 13 
844.22 13 
700.453 13 
612.561 13 
778.081 13 
678.158 13 
746.525 13 
736.462 13 
938.396 13 
729.08 13 
625.382 13 
617.503 13 
596.31 13 
764.728 13 
638.229 13 
667.821 13 
660.609 13 
681.064 13 
711.606 13 
713.833 13 
685.301 13 
533.897 13 
616.357 13 
696.168 13 
778.467 13 
584.508 13 
713.877 13 
678.942 13 
461.77 13 
705.129 13 
624.372 13 
647.064 13 
681.709 13 
729.826 13 
599.544 13 
818.863 13 
721.879 13 
568.878 13 
745.332 13 
586.626 13 
746.176 13 
868.134 13 
917.388 13 
934.256 13 
815.268 13 
609.857 13 
710.785 13 
786.857 13 
761.781 13 
788.06 13 
508.832 13 
926.134 13 
777.207 13 
706.565 13 
685.016 13 
692.449 13 
657.543 13 
669.828 13 
879.951 13 
771.01 13 
666.76 13 
708.216 13 
778.347 13 
509.92 13 
856.462 13 
511.915 13 
627.182 13 
711.161 13 
708.162 13 
639.839 13 
482.191 13 
700.272 13 
809.5 13 
689.657 13 
713.491 13 
721.476 13 
694.683 13 
878.201 13 
658.35 13 
438.14 13 
658.804 13 
725.73 13 
715.139 13 
397.407 13 
561.534 13 
381.428 13 
737.694 13 
756.586 13 
606.215 13 
1236.93 13 
786.878 13 
741.976 13 
720.794 13 
585.909 13 
749.684 13 
703.333 13 
738.644 13 
1181.43 13 
715.222 13 
616.444 13 
598.07 13 
439.131 13 
796.409 13 
1006.96 13 
701.123 13 
791.418 13 
627.302 13 
475.739 13 
768.409 13 
632.38 13 
741.956 13 
698.239 13 
801.536 13 
878.09 13 
785.486 13 
727.399 13 
763.61 13 
735.614 13 
983.454 13 
859.083 13 
680.41 13 
727.118 13 
520.759 13 
1289.26 13 
508.339 13 
442.067 13 
1003.59 13 
725.591 13 
757.749 13 
478.571 13 
797.934 13 
631.429 13 
815.805 13 
842.656 13 
742.471 13 
714.265 13 
719.248 13 
860.826 13 
633.067 13 
610.656 13 
806.637 13 
674.021 13 
649.718 13 
673.456 13 
684.152 13 
850.582 13 
727.281 13 
690.925 13 
631.344 13 
754.762 13 
750.159 13 
761.066 13 
749.064 13 
690.344 13 
813.102 13 
1015.43 13 
549.941 13 
679.424 13 
484.279 13 
694.12 13 
826.9 13 
740.613 13 
760.312 13 
706.115 13 
582.516 13 
768.52 13 
731.485 13 
773.598 13 
695.99 13 
642.439 13 
865.103 13 
717.204 13 
712.258 13 
651.387 13 
580.659 13 
853.431 13 
731.762 13 
714.509 13 
721.355 13 
781.687 13 
691.417 13 
661.732 13 
920.282 13 
783.513 13 
819.47 13 
684.233 13 
718.69 13 
744.722 13 
963.5 13 
752.263 13 
691.63 13 
705.916 13 
660.633 13 
798.257 13 
619.738 13 
698.571 13 
760.659 13 
423.68 13 
441.683 13 
669.193 13 
661.678 13 
786.002 13 
601.624 13 
748.632 13 
671.283 13 
730.87 13 
839.228 13 
775.238 13 
696.718 13 
605.443 13 
779.414 13 
836.528 13 
807.75 13 
671.707 13 
710.402 13 
1108.35 13 
741.559 13 
753.709 13 
760.653 13 
725.283 13 
591.068 13 
777.215 13 
643.32 13 
425.368 13 
973.57 13 
713.45 13 
799.31 13 
483.738 13 
562.67 13 
712.265 13 
420.722 13 
762.254 13 
829.469 13 
639.102 13 
733.89 13 
699.188 13 
690.71 13 
712.82 13 
720.693 13 
702.566 13 
773.01 13 
1170.12 13 
666.441 13 
519.817 13 
695.769 13 
738.793 13 
868.557 13 
817.147 13 
644.346 13 
544.167 13 
722.178 13 
1232.3 13 
737.817 13 
754.085 13 
884.756 13 
723.822 13 
