455.253 11 
1125.31 11 
1355.87 11 
499.581 11 
1495.91 11 
1626.45 11 
1401.57 11 
358.99 11 
1332.14 11 
1498.72 11 
1112.66 11 
1244.34 11 
1551.54 11 
1020.57 11 
1637.11 11 
964.847 11 
1187.95 11 
1369.81 11 
1234.75 11 
670.074 11 
929.062 11 
768.621 11 
1046.79 11 
1817.3 11 
1745.1 11 
758.761 11 
1139.77 11 
635.959 11 
444.222 11 
1176.43 11 
1376.43 11 
1417.33 11 
955.679 11 
1397.68 11 
1406.08 11 
526.545 11 
663.964 11 
1370.21 11 
1587.52 11 
829.677 11 
1263.28 11 
1365.15 11 
1060.3 11 
1510.07 11 
1324.81 11 
727.984 11 
1472.79 11 
1445.65 11 
881.357 11 
1401.44 11 
1337.25 11 
1485.36 11 
1342.19 11 
1049.86 11 
1051.68 11 
1541.67 11 
1466.41 11 
403.174 11 
1516.01 11 
781.623 11 
1327.95 11 
1199.04 11 
1622.42 11 
1061.91 11 
1062.67 11 
1378.6 11 
681.863 11 
484.567 11 
1422.43 11 
1554.52 11 
676.136 11 
1000.97 11 
631.003 11 
1301.42 11 
1658.33 11 
1563.39 11 
1500.09 11 
1356.15 11 
930.629 11 
1609.76 11 
1369.95 11 
1034.2 11 
1524.79 11 
630.536 11 
1367.47 11 
700.298 11 
1283.67 11 
1389.86 11 
1420.23 11 
1513.8 11 
1256.03 11 
1422.44 11 
1303.75 11 
1617.59 11 
1460.49 11 
838.241 11 
1354.56 11 
1087.25 11 
711.379 11 
1261.88 11 
1479.5 11 
906.855 11 
1354.41 11 
1969.7 11 
1364.38 11 
1665.95 11 
947.158 11 
569.842 11 
1337.44 11 
978.703 11 
1311.17 11 
1448.56 11 
1147.02 11 
1033.89 11 
860.281 11 
1387.97 11 
1439.69 11 
1141.84 11 
789.02 11 
997.457 11 
1582.77 11 
1440.68 11 
1370.88 11 
877.365 11 
649.778 11 
933.311 11 
1354.09 11 
672.809 11 
1290.27 11 
1297.49 11 
1715.76 11 
1343.26 11 
1565.97 11 
636.342 11 
1462.01 11 
1140.69 11 
812.848 11 
740.797 11 
1558.56 11 
858.941 11 
852.56 11 
1433.57 11 
498.792 11 
556.147 11 
701.184 11 
1527.42 11 
1508.9 11 
1240.33 11 
1666.04 11 
1577.89 11 
1284.91 11 
1197.08 11 
629.057 11 
1553.31 11 
1517.47 11 
344.771 11 
678.206 11 
1132.67 11 
1372.13 11 
1342.82 11 
670.553 11 
1039.39 11 
1385.17 11 
943.036 11 
1471.94 11 
1510.78 11 
1583.87 11 
1320.59 11 
499.982 11 
1072.74 11 
395.895 11 
1217.09 11 
551.606 11 
1569.65 11 
1390.17 11 
921.515 11 
1310.55 11 
1460.4 11 
911.41 11 
1443.18 11 
676.013 11 
1052.87 11 
1415.64 11 
958.999 11 
1008.72 11 
1460.7 11 
1368.89 11 
599.153 11 
1405.6 11 
1331.96 11 
1485.63 11 
1128.03 11 
1377.72 11 
806.824 11 
1288.19 11 
851.799 11 
908.776 11 
1120.07 11 
1326.22 11 
1421.94 11 
1613.47 11 
538.548 11 
1567.15 11 
1250.08 11 
1323.91 11 
1454.76 11 
1266.35 11 
1172.01 11 
644.417 11 
1371.78 11 
1040.78 11 
1544.73 11 
1637.05 11 
1090.91 11 
1513.08 11 
1234.47 11 
497.303 11 
929.006 11 
959.527 11 
1470.81 11 
1277.5 11 
1558.37 11 
1840.26 11 
1072.07 11 
1373.73 11 
1223.64 11 
1195.2 11 
1349.57 11 
863.854 11 
827.931 11 
1278.94 11 
932.661 11 
1523.62 11 
877.706 11 
1224.94 11 
1574.28 11 
1404.67 11 
951.249 11 
1293.37 11 
1269.33 11 
1556.58 11 
2974.79 11 
1236.33 11 
1138.25 11 
1232.96 11 
1031.15 11 
1274.96 11 
744.214 11 
1381.74 11 
522.13 11 
1325.89 11 
1195.03 11 
864.109 11 
1030.47 11 
558.596 11 
946.466 11 
1578.72 11 
1062.23 11 
695.057 11 
1446.04 11 
1440.01 11 
1555.6 11 
1136.68 11 
1458 11 
1552.92 11 
808.705 11 
742.882 11 
1325.71 11 
1495.78 11 
1336.74 11 
1479.95 11 
1199.8 11 
1355.7 11 
1457.46 11 
1367 11 
1196.01 11 
1134.25 11 
665.647 11 
1615.38 11 
1155.92 11 
1582.7 11 
646.776 11 
906.051 11 
862.481 11 
1297.42 11 
783.635 11 
991.054 11 
1669.1 11 
1447.92 11 
1446.05 11 
1384.53 11 
1393.35 11 
858.328 11 
1422.82 11 
639.605 11 
1814.64 11 
1182.04 11 
1407.56 11 
948.24 11 
1069.13 11 
1451.06 11 
636.655 11 
1228.98 11 
1814.67 11 
1190.84 11 
640.668 11 
1630.84 11 
1419.62 11 
1218.93 11 
1415.86 11 
1495.86 11 
1005.15 11 
1308.51 11 
1296.37 11 
985.516 11 
1187.66 11 
598.811 11 
903.566 11 
855.082 11 
1495.6 11 
1137.01 11 
945.627 11 
717.907 11 
574.056 11 
1331.6 11 
1478.77 11 
1360.9 11 
1384.14 11 
1198.5 11 
1189.86 11 
1677.4 11 
731.77 11 
1194.07 11 
1396.69 11 
1510.12 11 
1203.66 11 
1251.93 11 
1164.75 11 
1259.24 11 
1046.75 11 
882.642 11 
1366.95 11 
1035.19 11 
949.526 11 
1034.7 11 
1265.95 11 
1011.77 11 
1158.05 11 
731.144 11 
1383.24 11 
1542.69 11 
1424.53 11 
1331.88 11 
698.328 11 
1272.51 11 
1550.14 11 
1956.53 11 
1369.37 11 
1005.13 11 
1355.86 11 
1459.71 11 
1690.77 11 
1040.5 11 
1468.05 11 
1337.09 11 
1484.88 11 
1485.74 11 
1537.82 11 
850.103 11 
1164.64 11 
1516.91 11 
742.109 11 
1080.4 11 
1245.18 11 
1168.54 11 
1657.09 11 
1067.58 11 
1165.59 11 
1331.81 11 
562.212 11 
1483.01 11 
1455.24 11 
1437.31 11 
453.885 11 
1000.45 11 
1464.82 11 
1521.18 11 
1372.79 11 
1455.75 11 
819.891 11 
1252.13 11 
779.136 11 
795.945 11 
885.505 11 
1540.42 11 
1088.84 11 
1519.05 11 
1257.96 11 
1612.67 11 
1481.15 11 
1499.21 11 
1469.48 11 
673.99 11 
1430.41 11 
1621 11 
1582.74 11 
1172.71 11 
740.573 11 
1029.71 11 
1416.1 11 
1114.63 11 
629.967 11 
1535.63 11 
1535.07 11 
1274.63 11 
885.018 11 
1009.44 11 
1583.31 11 
1574.79 11 
1453.71 11 
1085.19 11 
1456.11 11 
652.032 11 
1724.77 11 
1497.66 11 
602.931 11 
683.837 11 
1448.86 11 
1548.09 11 
804.304 11 
1613.14 11 
1279.37 11 
1029.92 11 
393.44 11 
1188.97 11 
529.247 11 
1384.17 11 
947.271 11 
1398.49 11 
1603.57 11 
1311.11 11 
643.596 11 
1471.11 11 
1380.41 11 
1184.48 11 
1919.24 11 
1364.37 11 
1503.37 11 
1510.42 11 
1448.72 11 
1002.94 11 
1142.34 11 
1831.99 11 
440.481 11 
1286.83 11 
1440.57 11 
555.101 11 
1038.86 11 
1433.62 11 
1095.84 11 
1005.86 11 
882.59 11 
1451.22 11 
1053.59 11 
1652.44 11 
1380.22 11 
1471.07 11 
1192.37 11 
1461.7 11 
1684.8 11 
593.788 11 
1559.59 11 
1270.4 11 
1107.7 11 
1041.96 11 
1512.32 11 
1194.47 11 
1400.31 11 
1512.34 11 
977.76 11 
1335.6 11 
1743.62 11 
1486.96 11 
1171.9 11 
743.354 11 
1465.94 11 
423.097 11 
1058.82 11 
1258.9 11 
929.652 11 
1410.46 11 
551.785 11 
1070.06 11 
1359.62 11 
1076.93 11 
1718.47 11 
1022.97 11 
559.335 11 
504.009 11 
664.996 11 
1458 11 
353.897 11 
1226.42 11 
1437.67 11 
1352.19 11 
1176.06 11 
1507.34 11 
871.127 11 
1496.88 11 
488.006 11 
1343.58 11 
1088 11 
1595.84 11 
702.136 11 
812.658 11 
1156.34 11 
1392.94 11 
1620.37 11 
1168.01 11 
966.195 11 
1206.09 11 
1737.64 11 
1397.75 11 
1506.73 11 
1563.89 11 
1486.73 11 
1294.39 11 
734.576 11 
1316.53 11 
1451.66 11 
1242.04 11 
799.813 11 
1603.73 11 
373.559 11 
1541.87 11 
1534.74 11 
1645.93 11 
992.692 11 
693.416 11 
1378.95 11 
1299.77 11 
886.534 11 
1165.09 11 
1039.25 11 
1166.49 11 
634.814 11 
951.822 11 
1487.37 11 
1352.94 11 
575.291 11 
1677.68 11 
637.089 11 
1464.13 11 
1330.1 11 
1511.15 11 
1486.61 11 
1524.65 11 
771.043 11 
1276.97 11 
1366.1 11 
1358.79 11 
1441.35 11 
1451.89 11 
1350.46 11 
1497.45 11 
1694.24 11 
1532.71 11 
1234.9 11 
1346.82 11 
1361.34 11 
1397.22 11 
724.336 11 
749.067 11 
1231.3 11 
1480.41 11 
533.172 11 
1576.61 11 
1587.16 11 
1437.92 11 
1072.53 11 
590.051 11 
1374.01 11 
1523.19 11 
723.557 11 
1793.39 11 
1099.86 11 
1286.44 11 
933.856 11 
1122.67 11 
1363.88 11 
1072.26 11 
1394.99 11 
1506.44 11 
445.787 11 
765.193 11 
630.225 11 
738.738 11 
649.591 11 
1250.3 11 
1416.49 11 
1266.26 11 
1505.56 11 
914.853 11 
1769.89 11 
759.323 11 
1294.3 11 
1112.35 11 
953.895 11 
46.9838 11 
1403.61 11 
1223.62 11 
581.612 11 
392.67 11 
1009.74 11 
1368.08 11 
1234.38 11 
1308.73 11 
1105.11 11 
1321.35 11 
1635.18 11 
868.827 11 
1482.49 11 
1194.73 11 
1072.85 11 
1285.46 11 
979.082 11 
1606.05 11 
1309.87 11 
1620.17 11 
1394.73 11 
1640.19 11 
1416.67 11 
1527.06 11 
1145.31 11 
1456.05 11 
1355.98 11 
1349.6 11 
1481.91 11 
967.083 11 
778.497 11 
1035.73 11 
1228.84 11 
1484.77 11 
600.289 11 
1456.76 11 
1454.11 11 
1064.08 11 
1350.02 11 
1288.27 11 
890.829 11 
978.184 11 
1179.57 11 
1278.28 11 
904.948 11 
592.938 11 
1501.73 11 
1348.91 11 
1595.34 11 
788.111 11 
1057.45 11 
1543.92 11 
735.963 11 
1542.22 11 
594.02 11 
1433.94 11 
1432.21 11 
1346.38 11 
1053.62 11 
472.982 11 
1530.53 11 
1333.06 11 
464.78 11 
1490.6 11 
1077.19 11 
1130.61 11 
1309.58 11 
1340.96 11 
1248.77 11 
1004.38 11 
773.202 11 
979.389 11 
1408.47 11 
1201.77 11 
1125.57 11 
1292.06 11 
1593.45 11 
580.338 11 
1474.69 11 
856.74 11 
1472.05 11 
1005.26 11 
1703.8 11 
1534.16 11 
1276.57 11 
1444.52 11 
1309.07 11 
1472.79 11 
1460.37 11 
1489.72 11 
1685.27 11 
522.581 11 
1155.15 11 
1403.67 11 
1568.44 11 
900.417 11 
1190.05 11 
1032.58 11 
1160.72 11 
614.273 11 
1326.08 11 
1619.53 11 
1550.73 11 
1038.21 11 
1172.09 11 
881.673 11 
702.846 11 
1482.73 11 
1480.77 11 
1412.26 11 
912.31 11 
1606.52 11 
881.509 11 
1358.87 11 
1119.34 11 
1276.69 11 
1469.07 11 
1295.61 11 
1518.73 11 
1517.29 11 
1021.83 11 
1033.56 11 
1742.28 11 
925.324 11 
1038.36 11 
1671.26 11 
954.908 11 
829.528 11 
1455.59 11 
1429.25 11 
1369.42 11 
1447.38 11 
1295.43 11 
1405.64 11 
1192.77 11 
453.347 11 
1444.06 11 
728.875 11 
1507.52 11 
2183.12 11 
841.67 11 
1388.98 11 
1835.87 11 
1609.2 11 
985.579 11 
635.708 11 
962.919 11 
1455.01 11 
514.597 11 
1464.18 11 
1327.69 11 
951.924 11 
1039.68 11 
1334.47 11 
1024.48 11 
1282.56 11 
1288.37 11 
1046.7 11 
624.739 11 
885.64 11 
1358.75 11 
565.918 11 
823.534 11 
1258.9 11 
635.22 11 
846.58 11 
1376.58 11 
1173.14 11 
932.642 11 
1181.68 11 
1100.93 11 
714.573 11 
1132.88 11 
1297.32 11 
1559.09 11 
1453.25 11 
1516.43 11 
1426.61 11 
1361.11 11 
1146.23 11 
1051.16 11 
984.602 11 
718.323 11 
886.139 11 
1032.41 11 
1509.72 11 
1447.91 11 
890.747 11 
1356.38 11 
939.251 11 
1529.81 11 
1508.26 11 
1438.43 11 
993.646 11 
494.811 11 
1357.53 11 
1585.68 11 
612.694 11 
1251.61 11 
685.521 11 
1152.73 11 
1117.13 11 
1290.14 11 
443.276 11 
1090.96 11 
1189.11 11 
1638.64 11 
1245.33 11 
969.902 11 
1253.51 11 
1454.99 11 
934.708 11 
1178.94 11 
902.787 11 
1413.14 11 
1072.78 11 
1377.05 11 
360.873 11 
1388.43 11 
1121 11 
1311.73 11 
1628.4 11 
1533.88 11 
1433.14 11 
1242.87 11 
1424.91 11 
1335.66 11 
546.223 11 
1285.82 11 
2033.4 11 
651.081 11 
1412.63 11 
796.088 11 
766.503 11 
629.499 11 
1426.04 11 
1095.14 11 
1487.68 11 
1515.17 11 
1438.79 11 
1408.76 11 
943.248 11 
1125.81 11 
1584.34 11 
991.072 11 
1003.86 11 
1071.61 11 
957.802 11 
452.529 11 
1455.18 11 
672.068 11 
421.194 11 
575.631 11 
1339.39 11 
1615.37 11 
306.792 11 
944.956 11 
336.109 11 
942.406 11 
522.295 11 
1298.55 11 
1129.87 11 
1125.39 11 
1041.67 11 
1223.19 11 
1540.2 11 
1471.54 11 
1578.24 11 
880.017 11 
693.059 11 
1268.83 11 
559.294 11 
1204.68 11 
1119.97 11 
517.875 11 
851.954 11 
1410.16 11 
800.039 11 
921.554 11 
1078.86 11 
1546.23 11 
1420.83 11 
1500.36 11 
1086.7 11 
1435.29 11 
1217.5 11 
495.665 11 
1115.46 11 
360.997 11 
1032.39 11 
1381.44 11 
1390.34 11 
1358.75 11 
861.307 11 
1309.11 11 
1430.11 11 
1055.25 11 
1552.32 11 
1446.12 11 
672.958 11 
1352.7 11 
984.341 11 
1641.87 11 
902.917 11 
1446.15 11 
717.245 11 
1308.06 11 
1016.32 11 
1387.73 11 
1383.48 11 
1250.12 11 
1148.03 11 
985.032 11 
1266.11 11 
1315.8 11 
819.99 11 
517.193 11 
1411.05 11 
1308.42 11 
1561 11 
1455.1 11 
568.204 11 
1312.86 11 
945.155 11 
663.694 11 
1236.97 11 
656.731 11 
1421.65 11 
1560.5 11 
1014.7 11 
818.107 11 
1466.39 11 
745.515 11 
1219.68 11 
1213.56 11 
1464.49 11 
1634.86 11 
1298.88 11 
1211.22 11 
1536.23 11 
1401.61 11 
1046.57 11 
1327.51 11 
1114.19 11 
591.792 11 
979.41 11 
1019.48 11 
1221.16 11 
1293.27 11 
1353.53 11 
845.728 11 
1423.48 11 
1604.78 11 
1387.83 11 
1352.6 11 
1066.82 11 
1698.3 11 
999.989 11 
1658.91 11 
1055.76 11 
1502.17 11 
1472.18 11 
1734.31 11 
857.864 11 
1243.47 11 
1301.13 11 
837.5 11 
1048.09 11 
1156.98 11 
600.08 11 
896.649 11 
1656.93 11 
1500.76 11 
756.629 11 
774.898 11 
1518.88 11 
1520.38 11 
1093.53 11 
1372.38 11 
1398.18 11 
722.44 11 
1410.32 11 
1115.31 11 
1245.62 11 
1305.43 11 
957.629 11 
1483.37 11 
1455.83 11 
863.836 11 
1381.59 11 
809.703 11 
1813.28 11 
1303.03 11 
1395.32 11 
1594.42 11 
1582.96 11 
1382.74 11 
1282.66 11 
1596.48 11 
809.537 11 
775.208 11 
1522.08 11 
1361.43 11 
1363.35 11 
1443.52 11 
939.979 11 
800.802 11 
1312.4 11 
1361.31 11 
626.423 11 
1136.09 11 
1030.48 11 
1377.15 11 
1274.34 11 
1186.25 11 
1269.47 11 
1532.06 11 
661.732 11 
1044.06 11 
1294.82 11 
1102.34 11 
1359.27 11 
824.396 11 
701.296 11 
1116.96 11 
1254.01 11 
1437.46 11 
1329.9 11 
1505.31 11 
1267.73 13 
1141.84 13 
1344.61 13 
1472.03 13 
791.377 13 
756.728 13 
1415.82 13 
457.758 13 
1275.26 13 
1467.44 13 
483.357 13 
1081.76 13 
1330.85 13 
1155.01 13 
1240.46 13 
1639.64 13 
1516.9 13 
1647.93 13 
1594.12 13 
1188.49 13 
1134.4 13 
1157.56 13 
2060.91 13 
787.093 13 
1098.33 13 
1243.36 13 
1255.02 13 
1236.62 13 
1351.03 13 
1353.47 13 
1065.26 13 
676.357 13 
1242.11 13 
1509.09 13 
1398.11 13 
1457.72 13 
1345.73 13 
1564.55 13 
1514.34 13 
405.165 13 
1072.93 13 
1545.4 13 
1690.54 13 
1720.59 13 
744.056 13 
524.273 13 
1593.83 13 
1559.98 13 
1506.57 13 
363.46 13 
794.21 13 
1094.68 13 
1227.88 13 
1462.78 13 
1488.73 13 
1259.68 13 
1747.77 13 
994.582 13 
1439.18 13 
884.758 13 
1242.93 13 
1493.94 13 
1191.14 13 
1511.16 13 
970.369 13 
1538.51 13 
1388.76 13 
1507.5 13 
1162.9 13 
1412.47 13 
936.466 13 
1518.92 13 
1427.87 13 
1258.93 13 
1055.53 13 
1458.04 13 
608.542 13 
1446.1 13 
975.935 13 
1478.81 13 
636.504 13 
650.066 13 
1545.58 13 
438.34 13 
922.606 13 
1952.47 13 
1573.9 13 
1253.69 13 
1594.83 13 
1296.7 13 
1012.75 13 
1505.59 13 
1332.59 13 
1373.52 13 
1537.31 13 
1390.12 13 
1004.27 13 
1022.67 13 
1127.25 13 
1568.55 13 
1294.11 13 
1642.62 13 
1364.86 13 
770.566 13 
1216.52 13 
959.363 13 
1740.76 13 
1428.64 13 
1191.33 13 
1187.43 13 
1143.83 13 
2069.79 13 
1427.58 13 
1369.45 13 
1007.17 13 
1499.2 13 
553.93 13 
1630.23 13 
1446.55 13 
1270.21 13 
1146.64 13 
1085.26 13 
1441.36 13 
1577.03 13 
1407.03 13 
831.667 13 
1352.82 13 
1113.58 13 
641.872 13 
1729.8 13 
1314.43 13 
1298.49 13 
894.393 13 
1452.73 13 
1138.17 13 
1247.53 13 
1266.77 13 
1412.19 13 
1200.3 13 
1455.59 13 
1496.1 13 
1211.1 13 
978.564 13 
1503.22 13 
1506.66 13 
995.085 13 
1408.67 13 
1492.92 13 
1757.53 13 
1059.72 13 
1332.39 13 
1368.54 13 
1134.57 13 
1178.57 13 
1520.76 13 
1515.03 13 
1387.77 13 
1485.42 13 
691.453 13 
962.586 13 
1129.76 13 
1597.18 13 
1241.36 13 
1557.8 13 
1063.77 13 
1610.02 13 
1161.65 13 
1185.74 13 
479.847 13 
1512.92 13 
951.693 13 
1040.41 13 
986.231 13 
670.1 13 
1428.76 13 
1246.05 13 
1211.06 13 
1231.48 13 
1524.71 13 
1270.61 13 
930.205 13 
1429.85 13 
626.561 13 
1318.38 13 
1297.02 13 
1231.77 13 
1086.13 13 
1558.19 13 
1564.95 13 
654.477 13 
1477.66 13 
907.521 13 
1179.11 13 
463.7 13 
910.118 13 
1251.15 13 
602.952 13 
1265.64 13 
1579.27 13 
896.839 13 
1791.35 13 
1544.24 13 
874.871 13 
1506.44 13 
619.27 13 
677.349 13 
1473.55 13 
1493.54 13 
1260.57 13 
1287.49 13 
783.87 13 
1413.88 13 
1535.42 13 
1028.43 13 
848.425 13 
1199.97 13 
1113.95 13 
506.413 13 
311.681 13 
1025.24 13 
1302.35 13 
1452.91 13 
1558.93 13 
1450.47 13 
1295.17 13 
1410.64 13 
1181.09 13 
1262.99 13 
905.957 13 
1461.65 13 
1339.7 13 
1394.4 13 
1018.07 13 
1032.58 13 
908.875 13 
1461.03 13 
1624.59 13 
1209.76 13 
1525.18 13 
1832.58 13 
1133.96 13 
861.989 13 
1369.07 13 
1280 13 
850.59 13 
1258.7 13 
838.345 13 
763.187 13 
1458.48 13 
1688.19 13 
1151.33 13 
1468.64 13 
1895.57 13 
1554.81 13 
1582.87 13 
1377.92 13 
1265.16 13 
1499.04 13 
1257.67 13 
1937.86 13 
1513.12 13 
1402.33 13 
1085.19 13 
1480.29 13 
1071.91 13 
1377.22 13 
1349.69 13 
1304.43 13 
1055.16 13 
829.16 13 
1434.36 13 
1526 13 
1538.97 13 
1206.02 13 
1516.5 13 
884.769 13 
1762.85 13 
1254.44 13 
1079.2 13 
427.335 13 
1491.93 13 
1518.01 13 
1558.51 13 
1174.41 13 
1477.57 13 
1580.98 13 
1429.49 13 
1392.53 13 
766.131 13 
1588.33 13 
1444.56 13 
1019.08 13 
822.634 13 
1387.55 13 
1051.01 13 
983.63 13 
931.966 13 
1119.33 13 
1024.14 13 
548.001 13 
1335.6 13 
1010.84 13 
1679.96 13 
955.855 13 
1689.25 13 
671.1 13 
680.768 13 
1266.19 13 
1156.51 13 
1115.09 13 
1387.93 13 
997.91 13 
1358.06 13 
960.817 13 
1556.09 13 
1203.07 13 
961.054 13 
1538.06 13 
1061.34 13 
1220.72 13 
1089.55 13 
1433.27 13 
686.461 13 
1238.7 13 
1560.38 13 
736.389 13 
1410.08 13 
886.241 13 
1096.74 13 
538.31 13 
1119.41 13 
650.96 13 
1511.38 13 
879.794 13 
493.916 13 
1526.4 13 
1365.9 13 
356.948 13 
1738.59 13 
1365.75 13 
919.219 13 
1122.58 13 
1284.01 13 
640.127 13 
656.199 13 
1556.27 13 
623.9 13 
1485.27 13 
1473.12 13 
815.247 13 
1458.47 13 
983.56 13 
737.986 13 
1383.2 13 
1632.22 13 
912.774 13 
1447.54 13 
1471.06 13 
831.304 13 
385.35 13 
1314.38 13 
634.324 13 
1107.32 13 
1447.44 13 
612.989 13 
1632.44 13 
1689.88 13 
1558.13 13 
1451.29 13 
1151.24 13 
1647.74 13 
1503.13 13 
1502.32 13 
1330.84 13 
1401.42 13 
989.371 13 
1292.22 13 
1354.51 13 
1214.78 13 
1451.08 13 
489.212 13 
854.118 13 
1104.22 13 
930.415 13 
1493.3 13 
1405.08 13 
1322.97 13 
1058.04 13 
1190.96 13 
1522.45 13 
624.156 13 
1917.51 13 
114.23 13 
787.483 13 
605.587 13 
2029.32 13 
1161.47 13 
1045.11 13 
671.953 13 
1114.97 13 
1133.7 13 
1362.82 13 
1272.44 13 
834.699 13 
945.069 13 
1502.1 13 
673.895 13 
649.495 13 
1348.04 13 
1408 13 
1370.89 13 
810.217 13 
474.332 13 
779.784 13 
1365.27 13 
1485.71 13 
1162.14 13 
574.537 13 
942.93 13 
1318.1 13 
593.008 13 
1569.78 13 
419.744 13 
1417.47 13 
1480.15 13 
1255.38 13 
1205.52 13 
1550.4 13 
1589.3 13 
1392.6 13 
1513.33 13 
1442.44 13 
1507.67 13 
1416.93 13 
1175.14 13 
1494.44 13 
713.48 13 
1264.62 13 
1616.05 13 
1312.26 13 
508.881 13 
1218.41 13 
749.572 13 
1095.5 13 
1474.31 13 
961.688 13 
1196.31 13 
684.384 13 
1304.96 13 
1139.99 13 
632.729 13 
441.169 13 
736.455 13 
1512.3 13 
1568.29 13 
1037.09 13 
1048.34 13 
830.891 13 
1258.17 13 
1499.01 13 
1526.76 13 
1210.6 13 
979.115 13 
984.505 13 
1210.1 13 
1059.09 13 
679.099 13 
1380.4 13 
915.239 13 
1397.04 13 
572.234 13 
1186.79 13 
1153.9 13 
1471.82 13 
989.368 13 
1139.29 13 
1392.15 13 
777.425 13 
1500.78 13 
1444.78 13 
1507.8 13 
1354.86 13 
1178.55 13 
1470.42 13 
1411.32 13 
1341.93 13 
1516.48 13 
1000.66 13 
1152.88 13 
1551.7 13 
1464.3 13 
1065.64 13 
1345.11 13 
993.646 13 
1355.59 13 
1250.61 13 
1097.71 13 
1566.78 13 
599.47 13 
1381.96 13 
666.344 13 
1526.92 13 
1492.03 13 
1301.06 13 
1718.59 13 
1395.03 13 
1035.94 13 
2337.07 13 
1016.67 13 
1662.77 13 
1516.26 13 
612.792 13 
352.405 13 
484.206 13 
844.747 13 
1561.64 13 
1160.56 13 
1401.71 13 
1580.52 13 
434.505 13 
441.502 13 
1565.5 13 
1444.27 13 
688.458 13 
1235.52 13 
1009.68 13 
1332.97 13 
1585.33 13 
1384.1 13 
1525.73 13 
1461.49 13 
1249.72 13 
1432.64 13 
1347.99 13 
1103.46 13 
1389.85 13 
1103.89 13 
1228.68 13 
1547.06 13 
1766.44 13 
1188.34 13 
1508.4 13 
1334.46 13 
493.13 13 
1259.91 13 
814.49 13 
1412.56 13 
714.209 13 
1311.61 13 
685.437 13 
646.812 13 
1573.57 13 
1359.36 13 
1176.95 13 
951.311 13 
987.203 13 
832.664 13 
960.203 13 
1434.91 13 
1563.15 13 
1621.41 13 
1499.21 13 
897.872 13 
1579.03 13 
1456.12 13 
1213.75 13 
991.292 13 
391.665 13 
987.604 13 
1499.03 13 
1366.54 13 
799.676 13 
1201.54 13 
1377.3 13 
1166.06 13 
1612 13 
1476.05 13 
1372.75 13 
1732.27 13 
657.057 13 
1691.9 13 
1190.74 13 
574.711 13 
1491.33 13 
823.157 13 
1470.65 13 
1509.04 13 
1010.38 13 
1242.03 13 
1329.07 13 
1212.11 13 
1739.89 13 
681.901 13 
1531.27 13 
1545.13 13 
1075.68 13 
984.433 13 
1372.31 13 
623.331 13 
1051.02 13 
1384.72 13 
862.466 13 
897.94 13 
1011.05 13 
732.235 13 
1582 13 
763.632 13 
1233.76 13 
1537.47 13 
1025.42 13 
1454.32 13 
1188.63 13 
1075.9 13 
931.32 13 
1448.72 13 
822.926 13 
796.977 13 
1283.06 13 
668.585 13 
538.012 13 
1042.47 13 
871.555 13 
1548.06 13 
1271.92 13 
1033.34 13 
1320.85 13 
893.727 13 
1358.21 13 
1351.46 13 
1212.02 13 
620.03 13 
1485.08 13 
1399.82 13 
1485.03 13 
1455.26 13 
1337.99 13 
622.949 13 
1215.94 13 
1364.24 13 
1222.11 13 
1392.64 13 
1151.33 13 
1372.57 13 
1231.93 13 
923.308 13 
885.44 13 
1561.25 13 
1567.86 13 
875.51 13 
1421.37 13 
1489.47 13 
1381.71 13 
1026.49 13 
1333.53 13 
1009.86 13 
751.008 13 
1395.24 13 
1059.81 13 
363.387 13 
1416.43 13 
1460.71 13 
1610.38 13 
922.212 13 
1495.59 13 
1290.23 13 
1030.59 13 
986.913 13 
670.771 13 
1246.31 13 
1224.21 13 
1403.8 13 
1448.03 13 
854.418 13 
606.598 13 
796.649 13 
1516.49 13 
1279.96 13 
1221.77 13 
1443.83 13 
561.491 13 
1489.74 13 
863.149 13 
1450.65 13 
1432.34 13 
542.05 13 
675.781 13 
518.627 13 
1463.49 13 
1486.97 13 
1234.6 13 
933.583 13 
1101.71 13 
1356.96 13 
1258.43 13 
816.521 13 
1344.51 13 
1373.02 13 
1414.37 13 
1462.38 13 
1304.4 13 
1614.73 13 
1618.32 13 
1668.95 13 
2002.92 13 
1129.16 13 
1319.31 13 
1380.62 13 
1276.39 13 
1544.37 13 
1535.82 13 
1399.33 13 
583.133 13 
847.904 13 
1366.09 13 
1383.79 13 
683.981 13 
855.528 13 
1275.13 13 
980.228 13 
673.118 13 
2052.62 13 
1408.69 13 
1321.46 13 
1496.91 13 
1425.57 13 
1133.71 13 
1366.1 13 
1320.46 13 
387.154 13 
1343.49 13 
1383.02 13 
957.69 13 
2061.37 13 
1296.13 13 
1419.65 13 
1476.64 13 
915.427 13 
1113.91 13 
1282.48 13 
1284.95 13 
591.551 13 
479.201 13 
929.559 13 
777.298 13 
781.965 13 
1718.17 13 
1303.75 13 
1445.6 13 
1284.16 13 
1025.44 13 
1370.53 13 
876.999 13 
1473.19 13 
1277.33 13 
1556.49 13 
1440.85 13 
654.155 13 
1296.35 13 
818.524 13 
1316.43 13 
1401.38 13 
656.292 13 
631.233 13 
850.61 13 
1233.06 13 
1416.11 13 
740.202 13 
974.161 13 
597.997 13 
1249.53 13 
1478.17 13 
1668.62 13 
640.141 13 
1375.53 13 
1242.12 13 
1366.41 13 
1496.05 13 
1446.58 13 
308.47 13 
1026.22 13 
699.902 13 
1440.04 13 
972.721 13 
639.112 13 
1438.36 13 
800.779 13 
1500.51 13 
1361.78 13 
886.889 13 
791.904 13 
1204.15 13 
888.74 13 
989.309 13 
981.519 13 
1653.7 13 
827.459 13 
1476.49 13 
639.467 13 
980.362 13 
1185.43 13 
1511.77 13 
728.457 13 
679.616 13 
1313.99 13 
1118.23 13 
732.6 13 
1518.91 13 
1210.17 13 
1492.62 13 
1466.72 13 
769.157 13 
753.935 13 
1508.91 13 
1366.59 13 
1362.72 13 
1580.91 13 
1326.55 13 
1420.42 13 
493.334 13 
999.118 13 
1349.56 13 
1502.82 13 
1907.12 13 
1605.48 13 
1159.82 13 
800.194 13 
770.164 13 
1423.91 13 
831.572 13 
1459.99 13 
1631.77 13 
1295.98 13 
1140.48 13 
1438.41 13 
1607.59 13 
1009.01 13 
1385.16 13 
1540.78 13 
1284.37 13 
1570.82 13 
1850.21 13 
1165.65 13 
1441.66 13 
824.516 13 
1280.36 13 
1842.28 13 
470.986 13 
1327.7 13 
1131.18 13 
1050.98 13 
340.291 13 
1611.51 13 
1437.06 13 
1466.94 13 
1515.56 13 
1224.45 13 
797.056 13 
1121.9 13 
1430.42 13 
1368.63 13 
1500.75 13 
806.047 13 
830.957 13 
1091.41 13 
594.863 13 
1227.7 13 
1507.85 13 
1412.46 13 
450.038 13 
1445.06 13 
1516.26 13 
1335.66 13 
1250.19 13 
1458.64 13 
1321.37 13 
712.602 13 
728.161 13 
1442.84 13 
857.813 13 
1062.57 13 
826.542 13 
1396.09 13 
571.008 13 
500.773 13 
1441.78 13 
920.538 13 
1490.48 13 
557.095 13 
762.993 13 
831.805 13 
1270.04 13 
818.084 13 
1033.53 13 
1338.62 13 
1567.46 13 
795.427 13 
620.073 13 
1222.12 13 
1493.56 13 
1431.12 13 
962.679 13 
790.338 13 
1309.22 13 
798.623 13 
1257.68 13 
1217.85 13 
969.034 13 
1417.63 13 
1143.3 13 
995.491 13 
1242.52 13 
703.341 13 
1443.36 13 
1489.38 13 
1379.42 13 
1297.6 13 
1805.88 13 
1277.9 13 
1335.35 13 
1401.06 13 
1251.36 13 
947.465 13 
1124.18 13 
887.699 13 
1836.89 13 
795.555 13 
1074.89 13 
1250.4 13 
1772.36 13 
1344.28 13 
1189.75 13 
647.023 13 
580.702 13 
1801.94 13 
1409.87 13 
1269.8 13 
718.453 13 
893.036 13 
874.873 13 
689.226 13 
725.773 13 
544.865 13 
1538.64 13 
1728.7 13 
1142.22 13 
1435.53 13 
695.863 13 
1306.21 13 
1366.56 13 
1521.6 13 
1557.57 13 
749.797 13 
1636.29 13 
1392.24 13 
997.838 13 
1544.2 13 
907.421 13 
1666.13 13 
1368.11 13 
1593.84 13 
1647.47 13 
1951.45 13 
842.612 13 
1108.8 13 
1637.76 13 
854.752 13 
1491.47 13 
1188.36 13 
1408.8 13 
1705.31 13 
1349.1 13 
1507.34 13 
644.901 13 
548.392 13 
853.42 13 
1480.08 13 
1304.9 13 
1695.69 13 
1034.2 13 
1087.98 13 
1499.15 13 
935.872 13 
1251.72 13 
1494.47 13 
519.599 13 
1063.15 13 
848.083 13 
1418.11 13 
1678.96 13 
1551.94 13 
1291.44 13 
1229.59 13 
1139.85 13 
1119.83 13 
730.033 13 
655.729 13 
375.91 13 
398.548 13 
748.526 13 
1464.51 13 
1203.48 13 
930.67 13 
1579.23 13 
1500.36 13 
1426.49 13 
1344.9 13 
1164.52 13 
794.459 13 
1172.13 13 
1617.85 13 
1047.05 13 
1491.51 13 
1133.95 13 
1079.55 13 
679.928 13 
1061.62 13 
1338.82 13 
1650.76 13 
1195.64 13 
896.906 13 
964.205 13 
1694.35 13 
877.453 13 
933.574 13 
1319.96 13 
1022.69 13 
1386.97 13 
1306.8 13 
1216.57 13 
909.177 13 
856.458 13 
1327.76 13 
1507.06 13 
1215.81 13 
1253.45 13 
1592.11 13 
591.482 13 
598.794 13 
1196.39 13 
1054.37 13 
1242.82 13 
1407.69 13 
1394.49 13 
1247.23 13 
990.756 13 
1021.73 13 
1590.31 13 
1335.47 13 
1707.49 13 
1469.47 13 
1126.99 13 
1868.41 13 
998.488 13 
594.022 13 
1463.14 13 
1556.96 13 
663.385 13 
1288.74 13 
1015.43 13 
1424.4 13 
1034.1 13 
1290.33 13 
1153.6 13 
671.394 13 
1363.47 13 
810.334 13 
1375.31 13 
1656.87 13 
1465.98 13 
935.615 13 
1251.55 13 
560.525 13 
586.02 13 
1488.35 13 
806.656 13 
1268.24 13 
1559.56 13 
700.409 13 
1358.3 13 
792.034 13 
1117.7 13 
1293.68 13 
1250.69 13 
1517.67 13 
699.024 13 
1278.43 13 
1256.96 13 
1572.64 13 
1050.25 13 
634.677 13 
940.767 13 
1265.9 13 
1307.58 13 
927.707 13 
577.89 13 
505.002 13 
1146.17 13 
1501.87 13 
1056.34 13 
891.418 13 
1008.72 13 
1451 13 
600.957 13 
797.557 13 
1321.03 13 
1308.64 13 
1362.86 13 
1314.37 13 
1518.06 13 
641.245 13 
974.931 13 
1059.47 13 
1247.89 13 
1325.6 13 
1499.47 13 
1370.07 13 
858.832 13 
612.295 13 
1438.51 13 
1442.21 13 
1473 13 
1505.1 13 
522.464 13 
748.883 13 
1642.73 13 
768.788 13 
1330.11 13 
1516.64 13 
437.702 13 
1510.64 13 
1180.81 13 
459.759 13 
1394.34 13 
1489.28 13 
1365.83 13 
1195.47 13 
1291.34 13 
1463.87 13 
1087.47 13 
1837.37 13 
1357.59 13 
1147.01 13 
1308.75 13 
1172.35 13 
1243.49 13 
1472.22 13 
1383.8 13 
1210.44 13 
1629 13 
1022.69 13 
1565.94 13 
1425.3 13 
1387.95 13 
1509.99 13 
543.824 13 
886.986 13 
1726 13 
961.311 13 
1424.24 13 
1455.26 13 
1208.82 13 
1036.08 13 
1381.29 13 
1074.13 13 
1543.75 13 
686.757 13 
1130.41 13 
1563.22 13 
942.302 13 
1422.16 13 
911.524 13 
881.891 13 
1676.61 13 
1169.19 13 
670.407 13 
1310.52 13 
1151.25 13 
1320.5 13 
1333.75 13 
1423.21 13 
1373.96 13 
821.45 13 
781.193 13 
1158.98 13 
1073.88 13 
1095.54 13 
1376.54 13 
917.294 13 
1022.52 13 
514.262 13 
1197.05 13 
1431.25 13 
578.089 13 
978.887 13 
993.514 13 
1037.24 13 
1366.01 13 
1522.08 13 
1509.26 13 
1136.69 13 
1098.87 13 
1457.26 13 
1021.96 13 
475.461 13 
1032.03 13 
1124.68 13 
1426.73 13 
1082.72 13 
1352.98 13 
672.154 13 
1216.71 13 
1344.79 13 
833.836 13 
1750.14 13 
1549.99 13 
1117.71 13 
1104.73 13 
682.084 13 
1359.09 13 
1372.23 13 
839.924 13 
748.075 13 
1232.43 13 
1071.99 13 
1044.58 13 
758.222 13 
807.681 13 
1356.62 13 
1420.2 13 
1387.17 13 
1420.3 13 
1077.23 13 
702.209 13 
701.768 13 
1194.81 13 
1563.05 13 
1436.65 13 
1486.04 13 
1049.36 13 
790.166 13 
1129.31 13 
902.32 13 
802.181 13 
1523.15 13 
720.909 13 
1400.85 13 
1238.73 13 
1459.03 13 
986.793 13 
1308.32 13 
1632.61 13 
799.89 13 
1256.65 13 
1295.16 13 
1634.03 13 
1338.9 13 
1322.02 13 
455.441 13 
1020.46 13 
360.205 13 
793.34 13 
1414.02 13 
1300.61 13 
1690.45 13 
1117.09 13 
1405.88 13 
1554.11 13 
1461.43 13 
1423.28 13 
1021.49 13 
507.195 13 
