679.605 11 
500.521 11 
500.037 11 
463.666 11 
785.91 11 
568.103 11 
520.634 11 
731.595 11 
513.768 11 
563.178 11 
627.883 11 
442.963 11 
526.37 11 
489.913 11 
546.647 11 
675.518 11 
510.155 11 
465.161 11 
414.469 11 
465.236 11 
408.413 11 
387.695 11 
475.702 11 
527.755 11 
429.101 11 
564.963 11 
515.742 11 
483.996 11 
548.96 11 
545.856 11 
510.163 11 
378.725 11 
593.542 11 
553.231 11 
444.274 11 
652.497 11 
548.835 11 
487.51 11 
533.882 11 
529.558 11 
482.463 11 
534.296 11 
671.161 11 
575.969 11 
665.484 11 
837.451 11 
472.926 11 
540.031 11 
552.047 11 
601.011 11 
496.103 11 
495.765 11 
560.798 11 
533.059 11 
488.999 11 
415.114 11 
568.047 11 
379.021 11 
490.971 11 
481.826 11 
501.21 11 
440.455 11 
580.375 11 
452.395 11 
456.747 11 
517.068 11 
441.761 11 
398.092 11 
444.148 11 
473.565 11 
524.049 11 
660.927 11 
577.923 11 
502.991 11 
398.38 11 
570.11 11 
542.664 11 
589.786 11 
536.104 11 
469.79 11 
402.35 11 
469.221 11 
550.556 11 
533.432 11 
485.535 11 
593.689 11 
510.427 11 
516.022 11 
474.89 11 
717.145 11 
438.798 11 
498.159 11 
810.213 11 
412.828 11 
584.522 11 
475.418 11 
495.068 11 
491.185 11 
505.67 11 
473.571 11 
501.363 11 
802.49 11 
446.593 11 
631.028 11 
462.82 11 
587.724 11 
555.555 11 
470.275 11 
528.01 11 
483.867 11 
557.071 11 
433.22 11 
580.083 11 
398.168 11 
449.465 11 
555.669 11 
556.634 11 
367.278 11 
491.368 11 
616.262 11 
505.612 11 
433.032 11 
424.52 11 
520.686 11 
434.49 11 
536.469 11 
492.126 11 
604.847 11 
613.1 11 
589.603 11 
782.534 11 
462.165 11 
543.5 11 
661.323 11 
437.093 11 
638.548 11 
435.496 11 
464.078 11 
506.472 11 
462.882 11 
622.218 11 
683.031 11 
658.524 11 
461.151 11 
406.169 11 
489.469 11 
464.997 11 
574.461 11 
821.017 11 
733.305 11 
482.861 11 
470.606 11 
585.414 11 
501.716 11 
490.244 11 
608.095 11 
480.054 11 
622.639 11 
449.643 11 
710.645 11 
683.555 11 
542.681 11 
490.417 11 
476.825 11 
483.35 11 
449.518 11 
569.877 11 
659.693 11 
584.012 11 
489.176 11 
522.429 11 
579.917 11 
460.256 11 
417.702 11 
490.254 11 
377.858 11 
488.697 11 
496.386 11 
652.372 11 
619.503 11 
568.815 11 
547.89 11 
369.605 11 
601.539 11 
512.531 11 
678.995 11 
478.349 11 
372.328 11 
406.056 11 
354.158 11 
551.586 11 
517.409 11 
539.844 11 
419.639 11 
487.249 11 
605.982 11 
548.86 11 
609.633 11 
582.781 11 
486.57 11 
452.541 11 
641.792 11 
491.668 11 
554.013 11 
965.08 11 
970.068 11 
574.518 11 
819.903 11 
425.92 11 
529.722 11 
458.622 11 
405.229 11 
490.185 11 
452.036 11 
575.125 11 
438.508 11 
621.435 11 
534.669 11 
693.441 11 
524.205 11 
570.636 11 
642.594 11 
676.669 11 
628.099 11 
506.496 11 
491.634 11 
562.184 11 
397.1 11 
485.114 11 
523.834 11 
493.942 11 
1046.81 11 
601.943 11 
518.089 11 
825.064 11 
519.246 11 
494.022 11 
528.284 11 
636.451 11 
457.087 11 
504.001 11 
499.379 11 
543.878 11 
502.011 11 
445.064 11 
498.394 11 
502.043 11 
493.824 11 
505.847 11 
546.647 11 
409.693 11 
528.434 11 
458.425 11 
514.011 11 
400.791 11 
439.623 11 
442.163 11 
460.444 11 
488.292 11 
435.145 11 
580.173 11 
703.162 11 
461.947 11 
433.327 11 
494.096 11 
570.279 11 
487.779 11 
494.995 11 
477.64 11 
457.153 11 
469.127 11 
448.244 11 
433.028 11 
487.818 11 
640.999 11 
660.404 11 
504.11 11 
726.369 11 
1058.94 11 
525.483 11 
463.082 11 
574.33 11 
525.425 11 
563.061 11 
401.888 11 
468.542 11 
526.115 11 
518.807 11 
460 11 
151.376 11 
417.847 11 
508.482 11 
622.338 11 
461.43 11 
619.54 11 
593.145 11 
543.62 11 
434.906 11 
637.185 11 
597.735 11 
480.865 11 
439.899 11 
469.161 11 
417.136 11 
380.162 11 
738.249 11 
645.801 11 
517.249 11 
525.35 11 
437.005 11 
391.527 11 
502.596 11 
448.883 11 
542.751 11 
681.235 11 
893.137 11 
461.92 11 
649.303 11 
524.771 11 
467.11 11 
993.516 11 
501.284 11 
498.725 11 
434.912 11 
678.699 11 
475.173 11 
486.933 11 
700.683 11 
507.486 11 
731.384 11 
548.087 11 
499.238 11 
380.854 11 
425.276 11 
908.584 11 
527.545 11 
526.434 11 
965.045 11 
529.369 11 
472.358 11 
563.683 11 
713.097 11 
440.765 11 
486.41 11 
458.766 11 
506.403 11 
457.57 11 
471.812 11 
574.584 11 
489.947 11 
803.959 11 
560.738 11 
341.973 11 
627.36 11 
473.086 11 
461.451 11 
480.593 11 
560.891 11 
463.341 11 
853.033 11 
450.78 11 
461.099 11 
597.494 11 
597.852 11 
521.879 11 
446.054 11 
580.57 11 
572.503 11 
490.373 11 
649.519 11 
673.579 11 
497.208 11 
510.445 11 
419.872 11 
639.984 11 
522.631 11 
696.305 11 
502.503 11 
429.85 11 
539.661 11 
491.156 11 
509.047 11 
475.125 11 
484.983 11 
566.648 11 
471.929 11 
462.486 11 
500.255 11 
430.85 11 
491.287 11 
521.833 11 
541.352 11 
502.106 11 
506.775 11 
462.602 11 
404.849 11 
562.831 11 
429.22 11 
651.882 11 
452.59 11 
532.795 11 
528.765 11 
526.499 11 
459.852 11 
556.71 11 
806.911 11 
514.567 11 
495.079 11 
496.569 11 
498.062 11 
480.311 11 
472.514 11 
488.063 11 
548.294 11 
467.191 11 
429.031 11 
565.855 11 
552.2 11 
483.028 11 
485.408 11 
411.482 11 
397.658 11 
514.128 11 
466.902 11 
536.991 11 
406.895 11 
484.665 11 
531.842 11 
488.932 11 
981.319 11 
386.814 11 
445.753 11 
443.851 11 
516.636 11 
729.533 11 
599.622 11 
685.348 11 
879.175 11 
566.742 11 
449.606 11 
566.94 11 
1027.28 11 
349.114 11 
759.439 11 
364.843 11 
699.023 11 
666.016 11 
620.83 11 
541.348 11 
512.272 11 
430.691 11 
433.159 11 
704.438 11 
522.486 11 
505.413 11 
705.256 11 
362.749 11 
479.455 11 
442.716 11 
504.522 11 
588.903 11 
888.638 11 
1014.05 11 
807.436 11 
604.739 11 
498.408 11 
487.58 11 
462.065 11 
441.577 11 
430.223 11 
506.217 11 
516.849 11 
454.979 11 
475.063 11 
659.069 11 
511.034 11 
614.942 11 
392.844 11 
470.406 11 
902.094 11 
514.082 11 
508.658 11 
639.077 11 
534.893 11 
561.544 11 
582.343 11 
406.266 11 
459.517 11 
433.536 11 
368.281 11 
410.43 11 
810.628 11 
549.274 11 
514.278 11 
627.893 11 
504.833 11 
505.558 11 
450.106 11 
595.14 11 
646.103 11 
485.406 11 
498.027 11 
572.997 11 
489.111 11 
620.292 11 
498.09 11 
471.769 11 
498.887 11 
486.783 11 
540.293 11 
587.938 11 
490.622 11 
730.727 11 
466.151 11 
566.254 11 
821.142 11 
483.079 11 
748.626 11 
547.214 11 
576.831 11 
491.169 11 
375.489 11 
490.458 11 
474.966 11 
526.685 11 
491.591 11 
662.312 11 
433.057 11 
460.018 11 
468.236 11 
490.097 11 
482.195 11 
689.935 11 
491.405 11 
609.115 11 
747.641 11 
631.552 11 
502.129 11 
547.42 11 
701.871 11 
486.844 11 
493.489 11 
443.436 11 
435.319 11 
605.583 11 
520.615 11 
523.606 11 
384.466 11 
479.171 11 
676.297 11 
540.825 11 
636.303 11 
456.203 11 
456.66 11 
466.148 11 
602.602 11 
502.248 11 
498.831 11 
611.134 11 
579.236 11 
507.443 11 
453.933 11 
974.702 11 
805.591 11 
491.502 11 
567.849 11 
361.558 11 
545.016 11 
599.233 11 
279.395 11 
474.781 11 
519.284 11 
477.687 11 
793.3 11 
551.105 11 
493.384 11 
800.297 11 
510.528 11 
369.718 11 
515.158 11 
603.175 11 
562.979 11 
559.719 11 
697.46 11 
436.912 11 
517.465 11 
576.471 11 
679.72 11 
505.741 11 
514.352 11 
499.134 11 
615.011 11 
463.286 11 
540.624 11 
460.934 11 
469.104 11 
898.641 11 
579.68 11 
473.873 11 
606.083 11 
490.105 11 
497.295 11 
506.053 11 
584.831 11 
529.48 11 
484.922 11 
377.443 11 
696.583 11 
738.429 11 
683.342 11 
521.927 11 
564.607 11 
512.118 11 
455.134 11 
433.027 11 
626.582 11 
406.342 11 
507.702 11 
439.98 11 
611.152 11 
820.663 11 
504.51 11 
467.463 11 
841.355 11 
556.45 11 
504.867 11 
739.724 11 
877.685 11 
498.266 11 
559.593 11 
629.068 11 
489.302 11 
428.499 11 
386.847 11 
453.153 11 
501.896 11 
698.903 11 
524.76 11 
653.983 11 
523.731 11 
410.573 11 
383.961 11 
457.67 11 
469.91 11 
518.817 11 
507.366 11 
459.989 11 
518.191 11 
459.638 11 
503.28 11 
425.635 11 
471.341 11 
565.684 11 
515.131 11 
523.089 11 
517.797 11 
575.973 11 
641.333 11 
253.725 11 
473.638 11 
680.964 11 
428.882 11 
462.299 11 
509.97 11 
475.895 11 
481.819 11 
485.627 11 
484.168 11 
504.349 11 
537.655 11 
525.129 11 
417.366 11 
629.218 11 
511.128 11 
987.246 11 
694.407 11 
474.298 11 
506.585 11 
470.558 11 
528.191 11 
570.463 11 
519.094 11 
603.15 11 
471.862 11 
850.907 11 
499.864 11 
538.89 11 
641.795 11 
514.538 11 
562.265 11 
537.096 11 
479.217 11 
445.202 11 
463.309 11 
464.391 11 
633.606 11 
568.308 11 
362.015 11 
636.979 11 
529.102 11 
765.427 11 
373.84 11 
557.599 11 
524.42 11 
904.241 11 
455.868 11 
471.252 11 
532.181 11 
468.411 11 
620.375 11 
521.666 11 
575.003 11 
501.654 11 
459.825 11 
580.445 11 
485.309 11 
657.559 11 
600.81 11 
549.632 11 
464.042 11 
476.809 11 
485.485 11 
497.658 11 
487.474 11 
537.425 11 
552.451 11 
446.304 11 
481.925 11 
591.332 11 
420.922 11 
557.168 11 
574.14 11 
453.161 11 
548.246 11 
402.565 11 
377.168 11 
556.387 11 
419.06 11 
492.402 11 
507.643 11 
534.56 11 
554.34 11 
463.583 11 
472.124 11 
443.973 11 
505.485 11 
441.231 11 
520.968 11 
485.175 11 
447.991 11 
470.552 11 
576.673 11 
546.7 11 
406.838 11 
542.377 11 
529.488 11 
448.78 11 
505.213 11 
534.698 11 
540.147 11 
526.852 11 
622.743 11 
533.958 11 
421.364 11 
382.24 11 
567.469 11 
547.173 11 
413.164 11 
444.376 11 
539.061 11 
476.839 11 
522.924 11 
924.604 11 
432.965 11 
581.524 11 
476.95 11 
531.08 11 
458.905 11 
658.435 11 
784.507 11 
521.245 11 
519.942 11 
531.413 11 
562.639 11 
492.992 11 
478.045 11 
543.118 11 
640.572 11 
474.747 11 
567.472 11 
584.09 11 
461.613 11 
496.393 11 
527.165 11 
442.53 11 
439.663 11 
1081 11 
470.414 11 
663.438 11 
559.633 11 
561.88 11 
563.529 11 
502.779 11 
451.703 11 
549.793 11 
591.708 11 
449.79 11 
505.978 11 
530.702 11 
245.965 11 
563.12 11 
510.206 11 
501.34 11 
465.503 11 
553.817 11 
517.136 11 
759.299 11 
605.352 11 
407.408 11 
1006.16 11 
1078.05 11 
417.252 11 
488.95 11 
638.503 11 
524.397 11 
501.06 11 
494.421 11 
484.357 11 
476.335 11 
429.115 11 
458.84 11 
518.453 11 
515.244 11 
597.276 11 
468.762 11 
604.357 11 
560.881 11 
508.676 11 
489.215 11 
684.463 11 
519.475 11 
445.473 11 
485.497 11 
569.825 11 
507.817 11 
817.292 11 
762.91 11 
641.903 11 
558.584 11 
740.829 11 
756.446 11 
580.674 11 
455.6 11 
522.264 11 
529.91 11 
592.972 11 
500.145 11 
485.799 11 
553.002 11 
945.872 11 
573.227 11 
604.972 11 
523.525 11 
668.805 11 
533.788 11 
491.538 11 
596.315 11 
598.733 11 
505.106 11 
537.684 11 
403.442 11 
722.279 11 
635.066 11 
684.343 11 
446.726 11 
693.358 11 
554.176 11 
658.42 11 
721.971 11 
488.171 11 
600.151 11 
568.709 11 
480.147 11 
501.552 11 
369.844 11 
538.437 11 
475.542 11 
602.467 11 
444.258 11 
464.407 11 
497.69 11 
459.075 11 
446.582 11 
505.691 11 
491.899 11 
519.349 11 
505.137 11 
547.733 11 
526.123 11 
493.125 11 
480.905 11 
562.879 11 
452.983 11 
544.829 11 
583.992 11 
588.613 11 
436.355 11 
489.16 11 
492.137 11 
500.542 11 
563.795 11 
471.492 11 
497.98 11 
374.803 11 
426.434 11 
444.645 11 
473.711 11 
567.568 11 
525.384 11 
480.133 11 
521.902 11 
393.153 11 
500.871 11 
930.75 11 
525.208 11 
503.832 11 
553.411 11 
517.22 11 
608.788 11 
719.633 11 
455.356 11 
557.272 11 
560.788 11 
618.174 11 
553.815 11 
629.595 11 
459.517 11 
511 11 
558.101 11 
526.699 11 
504.978 11 
486.506 11 
678.426 11 
793.715 11 
714.679 11 
509.083 11 
592.547 11 
477.596 11 
924.699 11 
541.652 11 
501.349 11 
687.79 11 
479.339 11 
535.02 11 
704.155 11 
504.482 11 
502.499 11 
598.584 11 
445.861 11 
520.799 11 
492.327 11 
486.942 11 
691.763 11 
415.468 11 
685.7 11 
709.012 11 
939.529 11 
438.96 11 
814.537 11 
886.018 11 
548.938 11 
529.79 11 
548.748 11 
740.143 11 
624.201 11 
607.393 11 
496.697 11 
470.635 11 
469.38 11 
460.725 11 
603.398 11 
499.868 11 
495.694 11 
622.908 11 
462.057 11 
477.543 11 
544.815 11 
965.431 11 
498.222 11 
472.658 11 
492.454 11 
578.554 11 
582.46 11 
534.793 11 
531.602 11 
501.342 11 
429.831 11 
465.992 11 
836.29 11 
511.378 11 
457.462 11 
536.04 11 
471.528 11 
521.08 11 
478.881 11 
561.428 11 
420.909 11 
509.031 11 
534.264 11 
534.648 11 
559.126 11 
489.198 11 
581.954 11 
588.944 11 
533.256 11 
255.233 11 
412.103 11 
587.458 11 
618.945 11 
292.745 11 
485.202 11 
536.053 11 
684.777 11 
566.955 11 
587.101 11 
420.492 11 
465.176 11 
494.284 11 
371.326 11 
567.087 11 
547.115 11 
539.31 11 
503.649 11 
414.584 11 
672.263 11 
428.824 11 
970.231 11 
503.557 11 
467.991 11 
451.771 11 
694.349 11 
553.589 11 
434.697 11 
481.471 11 
580.757 11 
499.53 11 
532.918 11 
594.34 11 
584.196 11 
530.028 11 
677.22 11 
478.04 11 
425.385 11 
549.93 11 
620.339 11 
684.47 11 
578.056 11 
585.352 11 
543.386 11 
585.15 11 
591.731 11 
531.549 11 
646.202 11 
570.224 11 
498.558 11 
466.324 11 
404.913 11 
616.137 11 
491.841 11 
626.969 11 
574.026 11 
595.355 11 
426.094 11 
609.543 11 
389.291 11 
387.445 11 
699.042 11 
719.145 11 
502.948 11 
421.704 11 
486.196 11 
469.163 11 
555.615 11 
617.569 11 
677.701 11 
442.627 11 
566.802 11 
536.115 11 
592.086 11 
958.417 11 
699.164 11 
574.02 11 
546.984 11 
436.743 11 
655.952 11 
483.488 11 
500.164 11 
547.674 11 
512.21 11 
397.446 11 
874.294 11 
415.49 11 
536.485 11 
552.147 11 
539.338 11 
508.252 11 
573.975 11 
546.585 11 
487.915 11 
391.395 11 
482.401 11 
606.369 11 
639.4 11 
490.479 11 
426.799 11 
463.316 11 
562.61 11 
441.647 11 
565.834 11 
578.792 11 
634.204 11 
695.982 11 
510.532 11 
686.499 11 
721.363 11 
486.999 11 
470.462 11 
520.715 11 
451.049 11 
450.972 11 
423.866 11 
503.622 11 
428.851 11 
402.845 11 
605.589 11 
555.269 11 
504.68 11 
507.383 11 
574.825 11 
500.826 11 
442.478 11 
520.354 11 
425.935 11 
567.203 11 
513.308 11 
384.94 11 
500.461 11 
458.646 11 
462.789 11 
899.892 11 
876.361 11 
453.207 11 
539.925 11 
762.872 11 
759.703 11 
508.431 11 
494.398 11 
508.59 11 
551.961 11 
531.404 11 
485.667 11 
552.398 11 
577.266 11 
497.854 11 
846.607 11 
662.172 11 
490.763 11 
665.392 11 
588.359 11 
509.522 11 
480.308 13 
485.497 13 
561.507 13 
595.306 13 
704.474 13 
473.303 13 
554.283 13 
492.35 13 
513.208 13 
697.64 13 
237.564 13 
508.457 13 
514.593 13 
397.337 13 
463.172 13 
499.285 13 
575.423 13 
524.872 13 
567.262 13 
565.168 13 
541.006 13 
1187.22 13 
509.397 13 
589.915 13 
485.253 13 
518.847 13 
554.227 13 
526.042 13 
743.945 13 
429.481 13 
595.544 13 
753.036 13 
531.422 13 
500.848 13 
492.973 13 
496.046 13 
487.748 13 
534.664 13 
471.562 13 
572.285 13 
529.802 13 
493.858 13 
541.01 13 
606.765 13 
526.45 13 
862.089 13 
539.047 13 
485.833 13 
473.698 13 
519.923 13 
696.972 13 
500.791 13 
583.645 13 
513.379 13 
412.078 13 
418.641 13 
111.721 13 
499.947 13 
594.923 13 
528.84 13 
489.333 13 
433.614 13 
488.26 13 
541.49 13 
481.902 13 
590.975 13 
515.616 13 
589.727 13 
566.843 13 
480.814 13 
631.616 13 
502.619 13 
425.032 13 
539.337 13 
855.11 13 
416.687 13 
513.992 13 
486.155 13 
734.934 13 
646.633 13 
471.125 13 
478.922 13 
805.67 13 
532.963 13 
546.554 13 
518.862 13 
671.139 13 
481.911 13 
559.22 13 
484.563 13 
487.1 13 
556.206 13 
613.075 13 
429.092 13 
372.074 13 
498.581 13 
544.254 13 
437.129 13 
684.427 13 
605.578 13 
442.688 13 
466.343 13 
414.114 13 
511.843 13 
558.093 13 
492.774 13 
437.789 13 
627.371 13 
515.026 13 
460.126 13 
615.842 13 
590.892 13 
474.93 13 
465.085 13 
534.984 13 
665.326 13 
504.596 13 
361.697 13 
525.299 13 
588.268 13 
448.049 13 
633.008 13 
459.075 13 
501.512 13 
564.375 13 
479.998 13 
806.069 13 
663.303 13 
487.502 13 
539.894 13 
499.261 13 
483.909 13 
379.574 13 
491.748 13 
691.967 13 
447.471 13 
488.903 13 
503.031 13 
434.511 13 
499.814 13 
561.832 13 
505.777 13 
469.32 13 
465.075 13 
407.979 13 
507.169 13 
585.891 13 
544.934 13 
430.781 13 
876.533 13 
433.528 13 
837.843 13 
757.979 13 
527.616 13 
436.485 13 
527.11 13 
462.967 13 
441.781 13 
505.438 13 
471.922 13 
571.047 13 
498.485 13 
517.56 13 
487.959 13 
522.111 13 
540.768 13 
539.729 13 
509.132 13 
516.941 13 
449.529 13 
455.225 13 
434.549 13 
495.369 13 
528.804 13 
557.082 13 
555.712 13 
432.289 13 
486.384 13 
239.608 13 
562.649 13 
563.835 13 
436.736 13 
555.987 13 
477.568 13 
474.289 13 
651.227 13 
501.862 13 
735.111 13 
667.349 13 
474.347 13 
1084.99 13 
535.605 13 
415.621 13 
832.066 13 
657.852 13 
495.658 13 
585.568 13 
444.402 13 
566.339 13 
439.418 13 
594.437 13 
591.569 13 
715.086 13 
415.473 13 
573.763 13 
518.488 13 
384.15 13 
486.765 13 
513.819 13 
479.512 13 
603.499 13 
582.443 13 
604.112 13 
519.219 13 
654.42 13 
391.487 13 
449.226 13 
507.747 13 
396.287 13 
706.932 13 
513.261 13 
436.777 13 
434.11 13 
519.108 13 
506.332 13 
349.523 13 
462.794 13 
499.163 13 
386.421 13 
506.016 13 
503.029 13 
635.717 13 
330.338 13 
525.927 13 
503.233 13 
457.774 13 
611.789 13 
600.718 13 
488.51 13 
740.66 13 
461.165 13 
489.309 13 
467.871 13 
905.282 13 
600.137 13 
496.972 13 
542.014 13 
531.359 13 
452.251 13 
613.378 13 
511.738 13 
554.134 13 
558.423 13 
543.56 13 
502.42 13 
552.994 13 
560.805 13 
566.972 13 
475.893 13 
539.951 13 
745.701 13 
719.397 13 
662.696 13 
605.886 13 
484.148 13 
601.571 13 
513.602 13 
541.908 13 
368.427 13 
516.801 13 
475.557 13 
473.632 13 
569.412 13 
580.914 13 
567.877 13 
341.348 13 
522.036 13 
563.858 13 
515.032 13 
532.613 13 
435.055 13 
417.256 13 
520.199 13 
713.175 13 
573.527 13 
527.482 13 
555.055 13 
481.86 13 
576.709 13 
478.728 13 
454.472 13 
711.278 13 
576.748 13 
471.244 13 
556.21 13 
574.821 13 
544.565 13 
475.945 13 
465.377 13 
538.551 13 
388.978 13 
419.278 13 
490.407 13 
441.333 13 
568.486 13 
520.323 13 
444.838 13 
980.923 13 
497.56 13 
469.561 13 
423.832 13 
594.01 13 
664.98 13 
513.978 13 
766.572 13 
759.587 13 
623.485 13 
840.93 13 
682.525 13 
587.268 13 
83.0685 13 
556.918 13 
408.363 13 
497.171 13 
505.345 13 
485.918 13 
520.233 13 
555.02 13 
488.283 13 
622.574 13 
592.994 13 
513.295 13 
779.31 13 
702.875 13 
508.641 13 
476.02 13 
458.09 13 
528.42 13 
747.309 13 
478.627 13 
781.604 13 
602.909 13 
611.668 13 
471.121 13 
600.755 13 
450.626 13 
435.734 13 
579.228 13 
647.889 13 
548.623 13 
565.284 13 
368.56 13 
590.405 13 
532.105 13 
420.087 13 
441.547 13 
400.104 13 
872.419 13 
408.611 13 
856.857 13 
544.899 13 
444.4 13 
406.949 13 
473.255 13 
429.554 13 
621.499 13 
532.715 13 
776.365 13 
444.986 13 
570.825 13 
632.222 13 
582.898 13 
459.052 13 
392.446 13 
689.757 13 
545.494 13 
409.279 13 
376.383 13 
424.285 13 
484.542 13 
506.563 13 
468.314 13 
513.207 13 
390.187 13 
512.941 13 
590.641 13 
565.305 13 
492.365 13 
545.44 13 
620.287 13 
591.925 13 
841.151 13 
565.772 13 
534.386 13 
499.633 13 
520.103 13 
424.861 13 
681.536 13 
424.153 13 
515.78 13 
565.801 13 
622.106 13 
537.589 13 
493.764 13 
488.081 13 
562.114 13 
566.84 13 
520.562 13 
573.052 13 
484.082 13 
466.104 13 
593.653 13 
117.156 13 
455.935 13 
440.422 13 
586.615 13 
452.343 13 
646.914 13 
371.78 13 
375.286 13 
375.701 13 
537.056 13 
1098.04 13 
568.534 13 
543.351 13 
544.49 13 
642.771 13 
766.618 13 
475.654 13 
480.709 13 
731.512 13 
454.305 13 
552.673 13 
564.999 13 
545.342 13 
499.495 13 
482.353 13 
557.249 13 
477.591 13 
285.918 13 
409.343 13 
393.914 13 
510.005 13 
627.261 13 
418.334 13 
538.451 13 
831.999 13 
422.885 13 
604.793 13 
676.479 13 
707.112 13 
516.816 13 
642.383 13 
561.698 13 
583.576 13 
520.422 13 
572.294 13 
418.271 13 
400.79 13 
470.772 13 
495.858 13 
796.002 13 
479.56 13 
899.347 13 
473.742 13 
526.732 13 
555.962 13 
484.158 13 
427.744 13 
600.729 13 
507.439 13 
570.643 13 
556.671 13 
672.709 13 
634.499 13 
359.924 13 
478.042 13 
440.015 13 
483.26 13 
495.268 13 
502.576 13 
430.092 13 
598.91 13 
627.194 13 
590.993 13 
505.418 13 
652.438 13 
482.507 13 
466.005 13 
529.712 13 
527.799 13 
601.973 13 
604.825 13 
528.339 13 
407.598 13 
563.577 13 
551.158 13 
509.995 13 
516.121 13 
516.736 13 
521.972 13 
224.19 13 
506.964 13 
442.404 13 
534.771 13 
529.62 13 
775.131 13 
538.337 13 
469.24 13 
836.8 13 
513.198 13 
600.722 13 
523.27 13 
479.318 13 
438.137 13 
358.224 13 
952.466 13 
469.329 13 
497.387 13 
496.575 13 
605.1 13 
521.113 13 
579.246 13 
723.816 13 
542.195 13 
444.136 13 
547.448 13 
500.501 13 
513.88 13 
502.881 13 
750.362 13 
411.782 13 
595.384 13 
610.996 13 
494.455 13 
923.086 13 
467.985 13 
450.421 13 
470.505 13 
397.48 13 
452.482 13 
676.079 13 
543.714 13 
571.942 13 
745.907 13 
566.128 13 
478.294 13 
529.782 13 
441.908 13 
511.244 13 
436.742 13 
338.477 13 
573.224 13 
860.764 13 
803.4 13 
434.068 13 
499.573 13 
441.244 13 
464.603 13 
840.639 13 
546.861 13 
603.352 13 
553.611 13 
812.141 13 
590.2 13 
440.142 13 
687.916 13 
413.022 13 
453.801 13 
456.163 13 
473.987 13 
478.478 13 
405.688 13 
529.919 13 
459.379 13 
508.416 13 
483.928 13 
637.998 13 
475.856 13 
475.98 13 
454.044 13 
437.335 13 
508.521 13 
499.281 13 
523.534 13 
444.003 13 
528.244 13 
562.303 13 
645.089 13 
497.408 13 
504.215 13 
497.436 13 
552.833 13 
583.004 13 
530.503 13 
389.788 13 
520.935 13 
482.324 13 
459.949 13 
463.741 13 
491.766 13 
517.21 13 
496.138 13 
618.351 13 
463.954 13 
553.111 13 
467.422 13 
544.228 13 
534.947 13 
588.37 13 
545.491 13 
401.897 13 
473.455 13 
509.792 13 
509.324 13 
362.331 13 
502.617 13 
464.801 13 
549.331 13 
421.916 13 
472.506 13 
496.062 13 
434.239 13 
451.934 13 
468.889 13 
478.022 13 
536.612 13 
560.439 13 
463.919 13 
473.45 13 
427.882 13 
541.887 13 
441.109 13 
519.983 13 
584.252 13 
487.596 13 
581.803 13 
399.597 13 
519.504 13 
502.77 13 
519.997 13 
564.801 13 
635.023 13 
823.338 13 
597.017 13 
458.096 13 
514.92 13 
451.816 13 
452.473 13 
295.271 13 
442.045 13 
555.93 13 
712.464 13 
426.703 13 
547.353 13 
588.679 13 
677.274 13 
507.231 13 
563.083 13 
314.719 13 
520.963 13 
568.563 13 
703.149 13 
509.076 13 
429.183 13 
518.918 13 
494.404 13 
521.803 13 
561.472 13 
529.691 13 
424.827 13 
541 13 
401.691 13 
802.04 13 
520.534 13 
414.48 13 
525.15 13 
350.577 13 
441.936 13 
541.277 13 
627.706 13 
393.793 13 
442.549 13 
592.377 13 
730.509 13 
538.415 13 
557.991 13 
424.092 13 
584.171 13 
335.026 13 
480.656 13 
577.295 13 
533.373 13 
539.789 13 
543.73 13 
605.612 13 
461.673 13 
565.834 13 
724.326 13 
768.128 13 
505.683 13 
556.876 13 
469.624 13 
784.546 13 
711.86 13 
611.852 13 
420.524 13 
504.535 13 
739.114 13 
585.722 13 
560.794 13 
599.123 13 
722.27 13 
1050.25 13 
515.842 13 
525.808 13 
578.49 13 
517.733 13 
537.807 13 
524.664 13 
527.405 13 
441.397 13 
464.086 13 
628.555 13 
510.889 13 
507.336 13 
546.119 13 
425.994 13 
443.686 13 
515.016 13 
689.757 13 
474.668 13 
582.849 13 
461.268 13 
494.663 13 
656.447 13 
766.459 13 
529.804 13 
1087.29 13 
483.215 13 
457.187 13 
537.831 13 
467.618 13 
418.618 13 
500.198 13 
672.147 13 
552.839 13 
499.091 13 
542.36 13 
442.492 13 
404.842 13 
765.565 13 
423.334 13 
510.686 13 
423.948 13 
619.58 13 
420.55 13 
473.609 13 
798.34 13 
696.974 13 
483.34 13 
485.525 13 
520.765 13 
488.194 13 
489.429 13 
587.305 13 
601.59 13 
483.325 13 
538.007 13 
526.071 13 
515.398 13 
480.213 13 
558.31 13 
579.716 13 
456.908 13 
560.137 13 
477.817 13 
689.358 13 
590.531 13 
455.21 13 
463.292 13 
463.485 13 
443.463 13 
474.142 13 
470.596 13 
442.92 13 
629.996 13 
488.165 13 
843.885 13 
604.346 13 
548.749 13 
477.106 13 
474.434 13 
589.128 13 
453.776 13 
471.215 13 
448.093 13 
705.977 13 
569.143 13 
650.882 13 
710.463 13 
575.784 13 
474.154 13 
586.985 13 
451.966 13 
503.915 13 
434.984 13 
501.154 13 
460.763 13 
618.303 13 
514.262 13 
503.093 13 
728.461 13 
433.98 13 
370.422 13 
700.293 13 
466.023 13 
505.486 13 
446.351 13 
513.614 13 
446.447 13 
408.809 13 
510.658 13 
450.369 13 
498.455 13 
485.655 13 
463.051 13 
728.554 13 
783.277 13 
236.981 13 
515.053 13 
389.93 13 
496.328 13 
487.292 13 
462.332 13 
502.291 13 
553.349 13 
583.308 13 
627.439 13 
496.46 13 
697.817 13 
439.817 13 
525.294 13 
492.949 13 
485.784 13 
63.6608 13 
521.049 13 
467.524 13 
663.126 13 
514.968 13 
591.874 13 
745.483 13 
563.155 13 
516.933 13 
399.231 13 
513.466 13 
538.073 13 
468.725 13 
621.035 13 
482.643 13 
525.073 13 
511.479 13 
541.091 13 
591.244 13 
502.698 13 
524.006 13 
429.049 13 
405.382 13 
547.105 13 
473.099 13 
625.947 13 
448.036 13 
560.014 13 
511.553 13 
553.78 13 
510.93 13 
602.649 13 
426.913 13 
529.492 13 
578.48 13 
574.482 13 
737.924 13 
472.52 13 
577.598 13 
514.321 13 
545.377 13 
495.334 13 
399.567 13 
414.807 13 
680.759 13 
532.384 13 
497.633 13 
529.27 13 
500.602 13 
718.179 13 
507.9 13 
518.269 13 
474.098 13 
405.662 13 
560.557 13 
459.638 13 
601.378 13 
512.359 13 
615.152 13 
388.331 13 
508.604 13 
917.697 13 
445.319 13 
540.324 13 
576.885 13 
597.947 13 
374.341 13 
514.292 13 
523.84 13 
485.001 13 
484.161 13 
477.974 13 
498.078 13 
380.641 13 
414.825 13 
399.135 13 
564.22 13 
416.091 13 
442.334 13 
462.476 13 
504.307 13 
951.402 13 
410.771 13 
588.934 13 
525.282 13 
477.875 13 
591.319 13 
506.947 13 
538.673 13 
502.117 13 
628.871 13 
443.457 13 
433.702 13 
448.665 13 
560.801 13 
446.806 13 
502.132 13 
459.681 13 
560.366 13 
509.159 13 
369.918 13 
480.573 13 
530.547 13 
545.808 13 
574.795 13 
600.41 13 
473.8 13 
508.599 13 
531.63 13 
555.406 13 
497.901 13 
569.778 13 
431.106 13 
403.734 13 
469.343 13 
426.643 13 
694.686 13 
380.866 13 
386.584 13 
511.319 13 
428.855 13 
485.974 13 
460.979 13 
715.811 13 
499.145 13 
529.206 13 
618.712 13 
660.958 13 
402.562 13 
524.209 13 
462.913 13 
771.611 13 
500.549 13 
517.782 13 
449.57 13 
488.807 13 
633.542 13 
443.555 13 
580.771 13 
429.22 13 
428.918 13 
436.409 13 
404.901 13 
551.884 13 
496.551 13 
644.869 13 
535.94 13 
474.797 13 
919.157 13 
877.958 13 
261.951 13 
474.854 13 
452.497 13 
439.48 13 
451.035 13 
661.026 13 
525.862 13 
365.141 13 
622.531 13 
455.737 13 
540.005 13 
629.368 13 
434.679 13 
620.17 13 
449.383 13 
467.355 13 
691.556 13 
687.831 13 
550.663 13 
379.475 13 
554.046 13 
680.064 13 
732.576 13 
383.649 13 
494.317 13 
512.15 13 
457.196 13 
647.705 13 
499.748 13 
561.167 13 
495.731 13 
455.418 13 
482.008 13 
859.962 13 
530.628 13 
475.402 13 
534.732 13 
449.759 13 
532.07 13 
546.692 13 
449.956 13 
402.832 13 
822.509 13 
902.411 13 
500.707 13 
517.673 13 
1049.58 13 
661.781 13 
507.806 13 
421.257 13 
534.954 13 
723.683 13 
398.552 13 
407.617 13 
465.512 13 
511.373 13 
492 13 
480.798 13 
572.731 13 
491.382 13 
512.575 13 
408.44 13 
664.147 13 
410.537 13 
583.45 13 
456.297 13 
430.35 13 
533.445 13 
485.079 13 
525.806 13 
753.075 13 
581.259 13 
405.821 13 
745.626 13 
480.098 13 
349.074 13 
513.832 13 
487.46 13 
479.197 13 
549.748 13 
492.93 13 
456.573 13 
571.206 13 
347.775 13 
572.994 13 
561.126 13 
511.86 13 
677.564 13 
368.659 13 
448.791 13 
456.685 13 
466.272 13 
401.967 13 
547.892 13 
509.091 13 
588.63 13 
524.524 13 
828.489 13 
543.409 13 
539.075 13 
509.003 13 
559.66 13 
554.086 13 
626.079 13 
392.474 13 
654.336 13 
543.148 13 
701.433 13 
423.014 13 
444.996 13 
397.543 13 
582.629 13 
613.778 13 
671.716 13 
465.897 13 
380 13 
568.516 13 
530.286 13 
533.784 13 
500.923 13 
429.588 13 
460.296 13 
449.049 13 
499.012 13 
477.513 13 
492.72 13 
473.342 13 
566.233 13 
517.26 13 
396.015 13 
459.598 13 
474.378 13 
500.854 13 
501.716 13 
440.648 13 
512.135 13 
471.775 13 
478.709 13 
495.551 13 
489.216 13 
485.851 13 
247.949 13 
467.772 13 
365.433 13 
416.278 13 
496.467 13 
464.493 13 
441.441 13 
562.354 13 
488.355 13 
578.264 13 
524.066 13 
536.704 13 
551.492 13 
400.661 13 
505.307 13 
779.204 13 
585.39 13 
523.278 13 
481.878 13 
489.607 13 
555.582 13 
480.488 13 
406.497 13 
570.895 13 
877.903 13 
561.615 13 
686.187 13 
583.154 13 
837.396 13 
518.731 13 
495.986 13 
414.522 13 
697.299 13 
611.513 13 
345.224 13 
472.668 13 
433.493 13 
447.541 13 
532.484 13 
338.341 13 
608.9 13 
370.409 13 
418.644 13 
471.158 13 
286.839 13 
596.632 13 
778.327 13 
484.169 13 
952.331 13 
445.542 13 
583.604 13 
629.457 13 
647.051 13 
649.941 13 
488.045 13 
419.866 13 
502.407 13 
512.447 13 
508.189 13 
416.823 13 
492.009 13 
546.887 13 
490.001 13 
596.596 13 
593.263 13 
591.524 13 
595.078 13 
475.492 13 
486.585 13 
454.107 13 
537.604 13 
417.548 13 
534.249 13 
691.515 13 
483.245 13 
394.403 13 
555.135 13 
584.63 13 
571.047 13 
519.484 13 
544.505 13 
526.709 13 
451.823 13 
494.467 13 
489.398 13 
519.093 13 
425.299 13 
455.336 13 
465.292 13 
481.995 13 
450.394 13 
797.741 13 
385.199 13 
685.938 13 
549.931 13 
572.485 13 
701.826 13 
596.932 13 
540.915 13 
574.973 13 
1139.96 13 
438.588 13 
459.917 13 
581.591 13 
455.85 13 
620.167 13 
512.684 13 
486.49 13 
506.358 13 
592.741 13 
780.05 13 
588.574 13 
482.472 13 
561.238 13 
471.951 13 
509.797 13 
541.064 13 
798.908 13 
517.037 13 
668.306 13 
517.628 13 
497.568 13 
434.938 13 
451.211 13 
534.102 13 
837.86 13 
478.701 13 
842.176 13 
868.182 13 
536.072 13 
496.9 13 
907.903 13 
635.159 13 
434.758 13 
523.504 13 
617.468 13 
1227.36 13 
678.539 13 
616.086 13 
499.929 13 
550.915 13 
536.755 13 
557.404 13 
843.581 13 
641.608 13 
631.897 13 
399.72 13 
625.013 13 
561.449 13 
453.016 13 
595.942 13 
224.422 13 
564.532 13 
523.045 13 
560.593 13 
514.782 13 
562.648 13 
442.992 13 
883.792 13 
541.205 13 
502.97 13 
549.629 13 
718.216 13 
930.077 13 
426.923 13 
557.174 13 
572.977 13 
391.168 13 
506.496 13 
501.332 13 
498.965 13 
568.876 13 
405 13 
472.453 13 
458.046 13 
503.52 13 
506.861 13 
524.597 13 
498.508 13 
527.907 13 
515.665 13 
517.042 13 
475.708 13 
465.352 13 
443.25 13 
668.1 13 
469.767 13 
678.333 13 
529 13 
526.509 13 
889.329 13 
493.155 13 
506.762 13 
537.784 13 
404.845 13 
475.097 13 
512.129 13 
539.054 13 
352.659 13 
564.078 13 
433.657 13 
545.054 13 
467.034 13 
503.422 13 
489.283 13 
528.799 13 
467.508 13 
529.106 13 
442.814 13 
534.349 13 
529.84 13 
530.324 13 
507.236 13 
460.583 13 
506.395 13 
485.147 13 
511.277 13 
462.173 13 
583.094 13 
487.668 13 
475.615 13 
526.532 13 
463.808 13 
524.028 13 
485.936 13 
423.78 13 
473.956 13 
520.049 13 
460.981 13 
503.465 13 
482.657 13 
442.913 13 
519.512 13 
252.944 13 
597.646 13 
453.231 13 
499.683 13 
527.169 13 
759.393 13 
476.709 13 
510.197 13 
717.691 13 
445.726 13 
451.604 13 
584.824 13 
725.002 13 
569.662 13 
491.649 13 
528.9 13 
493.685 13 
555.814 13 
534.948 13 
377.093 13 
484.259 13 
461.935 13 
680.62 13 
727.134 13 
528.413 13 
632.998 13 
524.465 13 
608.689 13 
575.034 13 
515.151 13 
417.159 13 
539.699 13 
402.348 13 
495.173 13 
520.994 13 
531.483 13 
428.299 13 
529.672 13 
567.971 13 
519.971 13 
493.07 13 
503.592 13 
715.832 13 
504.575 13 
451.973 13 
1035.57 13 
429.156 13 
507.037 13 
613.795 13 
766.408 13 
468.475 13 
481.18 13 
597.761 13 
426.643 13 
556.255 13 
455.25 13 
286.617 13 
479.664 13 
425.527 13 
478.636 13 
533.89 13 
740.808 13 
477.629 13 
406.731 13 
496.872 13 
556.401 13 
418.732 13 
678.028 13 
514.949 13 
496.868 13 
496.247 13 
535.362 13 
556.502 13 
524.428 13 
429.113 13 
423.391 13 
419.085 13 
426.182 13 
476.739 13 
502.968 13 
535.194 13 
458.16 13 
573.925 13 
467.119 13 
587.475 13 
456.186 13 
457.099 13 
512.543 13 
503.374 13 
652.482 13 
630.117 13 
409.734 13 
500.667 13 
424.898 13 
405.17 13 
439.511 13 
478.651 13 
525.855 13 
581.026 13 
476.75 13 
433.445 13 
480.882 13 
660.407 13 
500.4 13 
525.129 13 
432.044 13 
622.268 13 
434.51 13 
556.174 13 
415.963 13 
567.497 13 
484.367 13 
567.17 13 
829.84 13 
442.824 13 
394.518 13 
501.977 13 
516.069 13 
913.966 13 
548.883 13 
348.163 13 
538.568 13 
422.523 13 
602.262 13 
439.494 13 
430.83 13 
552.648 13 
633.744 13 
355.565 13 
698.453 13 
494.281 13 
579.372 13 
475.261 13 
487.326 13 
459.809 13 
540.981 13 
568.193 13 
567.173 13 
456.553 13 
474.017 13 
583.257 13 
499.644 13 
498.703 13 
731.193 13 
492.063 13 
523.06 13 
732.477 13 
837.258 13 
549.478 13 
539.298 13 
523.031 13 
488.461 13 
629.346 13 
445.077 13 
507.439 13 
430.88 13 
606.524 13 
484.192 13 
675.052 13 
620.771 13 
439.207 13 
599.552 13 
540.123 13 
446.738 13 
483.516 13 
606.284 13 
628.724 13 
645.344 13 
410.548 13 
734.593 13 
453.306 13 
478.86 13 
570.872 13 
538.629 13 
523.936 13 
414.535 13 
502.631 13 
515.596 13 
528.776 13 
475.537 13 
742.664 13 
485.851 13 
610.629 13 
568.748 13 
521.059 13 
447.482 13 
501.773 13 
827.274 13 
534.893 13 
729.198 13 
547.114 13 
512.139 13 
518.664 13 
563.89 13 
453.008 13 
566.159 13 
437.257 13 
662.95 13 
585.871 13 
486.17 13 
470.686 13 
483.456 13 
682.955 13 
505.572 13 
499.474 13 
493.018 13 
498.353 13 
668.781 13 
537.721 13 
575.235 13 
512.379 13 
688.372 13 
661.665 13 
434.473 13 
442.963 13 
684.414 13 
761.355 13 
841.686 13 
402.532 13 
431.309 13 
429.34 13 
537.558 13 
519.322 13 
416.072 13 
767.819 13 
555.636 13 
475.367 13 
693.771 13 
682.491 13 
496.168 13 
730.926 13 
684.763 13 
493.136 13 
445.111 13 
454.815 13 
574.641 13 
598.366 13 
641.636 13 
398.839 13 
769.626 13 
491.36 13 
602.716 13 
511.385 13 
455.866 13 
433.601 13 
602.512 13 
517.805 13 
378.979 13 
714.28 13 
523.755 13 
527.642 13 
558.27 13 
535.365 13 
497.997 13 
542.981 13 
464.906 13 
432.076 13 
373.97 13 
487.368 13 
765.241 13 
782.851 13 
616.99 13 
543.892 13 
478.79 13 
603.335 13 
543.036 13 
448.363 13 
467.59 13 
452.149 13 
784.684 13 
395.585 13 
565.251 13 
550.009 13 
633.864 13 
578.282 13 
486.608 13 
544.825 13 
531.703 13 
369.996 13 
421.99 13 
733.421 13 
1025.32 13 
460.806 13 
688.341 13 
542.87 13 
509.824 13 
459.695 13 
339.921 13 
705.188 13 
524.755 13 
475.863 13 
650.692 13 
528.562 13 
839.359 13 
413.913 13 
631.925 13 
501.179 13 
745.637 13 
552.267 13 
513.89 13 
689.764 13 
531.006 13 
459.482 13 
534.336 13 
466.794 13 
532.479 13 
536.022 13 
418.135 13 
500.061 13 
450.627 13 
572.973 13 
460.585 13 
361.354 13 
359.57 13 
493.413 13 
451.413 13 
510.635 13 
502.089 13 
495.691 13 
517.518 13 
599.237 13 
477.228 13 
493.952 13 
423.711 13 
425.676 13 
593.207 13 
437.854 13 
619.044 13 
532.941 13 
775.013 13 
539.669 13 
568.069 13 
449.751 13 
669.423 13 
492.328 13 
563.693 13 
382.956 13 
472.715 13 
424.452 13 
615.667 13 
409.695 13 
864.963 13 
509.458 13 
423.853 13 
425.33 13 
576.573 13 
509.432 13 
439.515 13 
473.278 13 
491.68 13 
506.021 13 
544.507 13 
624.616 13 
645.284 13 
407.437 13 
472.781 13 
536.156 13 
684.724 13 
677.304 13 
596.946 13 
580.927 13 
599.954 13 
462.082 13 
560.253 13 
938.999 13 
472.963 13 
662.589 13 
668.129 13 
408.782 13 
673.854 13 
468.649 13 
379.866 13 
758.949 13 
558.404 13 
469.295 13 
570.008 13 
605.311 13 
536.03 13 
404.844 13 
632.768 13 
487.126 13 
394.066 13 
650.077 13 
514.443 13 
510.487 13 
548.167 13 
428.25 13 
662.6 13 
512.336 13 
623.967 13 
428.674 13 
