470.422 11 
512.038 11 
353.901 11 
617.534 11 
436.168 11 
513.526 11 
450.739 11 
379.026 11 
444.914 11 
681.857 11 
487.11 11 
764.689 11 
618.446 11 
619.475 11 
587.29 11 
477.5 11 
549.652 11 
672.591 11 
580.691 11 
458.906 11 
496.675 11 
609.543 11 
501.469 11 
720.137 11 
457.372 11 
524.932 11 
417.627 11 
503.164 11 
419.467 11 
636.931 11 
506.933 11 
410.396 11 
780.446 11 
508.082 11 
740.203 11 
488.221 11 
749.122 11 
834.602 11 
482.124 11 
531.179 11 
515.277 11 
545.835 11 
437.143 11 
391.476 11 
754.596 11 
451.489 11 
440.357 11 
475.485 11 
459.536 11 
503.877 11 
453.424 11 
472.151 11 
502.045 11 
522.404 11 
467.608 11 
433.378 11 
527.176 11 
585.518 11 
546.339 11 
572.75 11 
572.645 11 
555.602 11 
416.658 11 
472.215 11 
453.152 11 
536.54 11 
554.065 11 
462.459 11 
480.034 11 
459.156 11 
496.282 11 
550.366 11 
471.26 11 
469.825 11 
633.124 11 
591.951 11 
461.677 11 
478.513 11 
471.824 11 
377.568 11 
207.609 11 
363.419 11 
505.858 11 
689.973 11 
487.663 11 
679.273 11 
486.271 11 
726.376 11 
553.929 11 
619.225 11 
562.707 11 
499.427 11 
566.757 11 
483.644 11 
769.108 11 
716.146 11 
456.924 11 
429.938 11 
381.668 11 
512.355 11 
713.491 11 
504.871 11 
425.153 11 
509.185 11 
612.089 11 
483.117 11 
428.352 11 
457.871 11 
384.621 11 
482.548 11 
450.125 11 
782.449 11 
897.439 11 
854.533 11 
513.273 11 
442.473 11 
350.298 11 
520.231 11 
445.523 11 
637.445 11 
369.053 11 
509.76 11 
517.733 11 
501.025 11 
478.89 11 
461.971 11 
651.634 11 
499.884 11 
416.813 11 
343.642 11 
553.499 11 
664.313 11 
680.951 11 
438.664 11 
542.641 11 
509.145 11 
667.971 11 
607.449 11 
462.507 11 
374.9 11 
542.57 11 
755.752 11 
621.09 11 
644.512 11 
498.275 13 
321.392 13 
528.592 13 
437.733 13 
463.444 13 
400.557 13 
602.272 13 
419.26 13 
727.422 13 
445.216 13 
378.638 13 
521.885 13 
522.15 13 
499.726 13 
398.984 13 
491.827 13 
482.298 13 
424.26 13 
522.997 13 
398.843 13 
494.754 13 
522.565 13 
516.855 13 
533.635 13 
587.098 13 
622.568 13 
571.894 13 
546.27 13 
573.486 13 
925.639 13 
545.906 13 
786.971 13 
511.682 13 
599.992 13 
468.009 13 
561.344 13 
562.594 13 
599.282 13 
529.118 13 
877.176 13 
556.917 13 
409.491 13 
484.771 13 
384.825 13 
454.035 13 
523.743 13 
138.705 13 
493.998 13 
535.895 13 
563.484 13 
512.567 13 
478.165 13 
502.917 13 
463.23 13 
515.777 13 
621.873 13 
414.758 13 
444.398 13 
626.926 13 
831.345 13 
435.74 13 
432.913 13 
467.69 13 
519.915 13 
377.162 13 
447.891 13 
13.9079 13 
533.489 13 
367.606 13 
460.918 13 
761.043 13 
643.208 13 
472.917 13 
522.907 13 
971.255 13 
453.182 13 
467.618 13 
581.767 13 
509.229 13 
443.963 13 
586.082 13 
526.682 13 
531.896 13 
463.691 13 
411.613 13 
451.718 13 
483.405 13 
554.798 13 
471.089 13 
479.786 13 
504.972 13 
482.652 13 
414.007 13 
468.428 13 
519.64 13 
554.632 13 
534.556 13 
475.598 13 
1011.42 13 
613.83 13 
1018.93 13 
532.114 13 
509.849 13 
458.456 13 
537.082 13 
420.396 13 
645.043 13 
605.35 13 
516.145 13 
558.744 13 
466.112 13 
849.336 13 
1199.04 13 
630.932 13 
575.613 13 
488.53 13 
791.389 13 
386.471 13 
474.178 13 
414.892 13 
495.663 13 
620.641 13 
415.117 13 
539.996 13 
769.401 13 
520.498 13 
487.079 13 
392.873 13 
726.268 13 
425.509 13 
562.586 13 
486.323 13 
402.733 13 
458.991 13 
580.008 13 
405.598 13 
444.99 13 
403.379 13 
108.802 13 
770.507 13 
281.864 13 
433.249 13 
496.037 13 
583.87 13 
493.188 13 
524.351 13 
465.698 13 
567.755 13 
511.813 13 
513.714 13 
465.87 13 
691.134 13 
588.85 13 
542.383 13 
493.308 13 
525.522 13 
431.359 13 
510.747 13 
456.758 13 
928.851 13 
438.832 13 
601.631 13 
409.599 13 
693.764 13 
486.298 13 
548.635 13 
657.487 13 
524.505 13 
538.042 13 
682.536 13 
415.785 13 
499.057 13 
638.217 13 
425.339 13 
626.304 13 
598.002 13 
515.556 13 
693.194 13 
743.713 13 
495.783 13 
422.1 13 
428.531 13 
449.852 13 
531.412 13 
548.333 13 
432.161 13 
365.843 13 
593.359 13 
406.76 13 
474.515 13 
545.643 13 
405.298 13 
490.501 13 
1016.31 13 
707.376 13 
554.431 13 
440.076 13 
934.185 13 
1016.44 13 
513.11 13 
479.331 13 
524.942 13 
457.587 13 
681.587 13 
