447.493 11 
1093.42 11 
1292.91 11 
698.071 11 
1452.18 11 
1603.96 11 
1365.03 11 
381.77 11 
1289.41 11 
1095.33 11 
933.916 11 
1529.18 11 
998.859 11 
1604.58 11 
942.306 11 
1172.31 11 
1212.1 11 
1089.63 11 
914.961 11 
753.825 11 
1023.65 11 
1076.36 11 
1760.93 11 
1703.6 11 
752.274 11 
620.91 11 
731.818 11 
1178.84 11 
1347.52 11 
1431.03 11 
915.303 11 
1363.33 11 
1387.52 11 
520.833 11 
1355.07 11 
635.021 11 
1237.04 11 
1350.91 11 
1477.55 11 
1284.94 11 
1440.42 11 
1420.15 11 
1374.72 11 
1312.87 11 
1442.6 11 
1317.93 11 
1037.6 11 
1461.94 11 
1033.75 11 
1484.43 11 
1438.76 11 
394.147 11 
1487.1 11 
763.422 11 
1279.13 11 
1178.69 11 
1582 11 
1088.72 11 
1057.28 11 
1345.43 11 
1423.43 11 
663.804 11 
503.817 11 
927.344 11 
1518.45 11 
663.507 11 
985.164 11 
613.631 11 
1272.41 11 
1629.7 11 
1530.62 11 
1422.29 11 
1323.95 11 
914.543 11 
1574.93 11 
1343.08 11 
1013.74 11 
1479.67 11 
1316.79 11 
708.832 11 
1293.9 11 
1358.81 11 
1393.52 11 
1478.59 11 
1693.13 11 
1402.31 11 
1271.21 11 
1587.12 11 
1429.53 11 
1317.15 11 
1065.99 11 
698.652 11 
1181.2 11 
1536.36 11 
889.023 11 
1328.99 11 
1950.07 11 
1346.6 11 
1620.66 11 
921.699 11 
655.537 11 
1296.91 11 
958.923 11 
458.481 11 
1275.86 11 
1422.19 11 
1125.41 11 
1009.33 11 
848.515 11 
1358.56 11 
1397.07 11 
957.967 11 
778.717 11 
1396.85 11 
1349.25 11 
863.297 11 
637.736 11 
1331.17 11 
657.284 11 
1261.58 11 
1272.61 11 
1673.47 11 
1315.15 11 
1526.17 11 
1435.44 11 
1110.03 11 
794.507 11 
728.886 11 
876.197 11 
827.437 11 
1452.56 11 
490.091 11 
543.785 11 
691.851 11 
1498.73 11 
1483.08 11 
1208.38 11 
1626.48 11 
1261.5 11 
1170.64 11 
492.621 11 
1517.01 11 
1419.47 11 
1484.06 11 
663.251 11 
662.849 11 
1113.08 11 
1343.12 11 
1321.74 11 
720.514 11 
1020.33 11 
1358.11 11 
925.814 11 
1433.12 11 
1477.48 11 
1550.82 11 
1295.43 11 
488.01 11 
1052.46 11 
379.861 11 
548.198 11 
1422.51 11 
899.247 11 
1278.11 11 
920.729 11 
566.273 11 
891.16 11 
1412.98 11 
664.996 11 
1021.53 11 
1400.46 11 
1079.73 11 
991.23 11 
1427.31 11 
1326.16 11 
590.533 11 
1376.82 11 
1318.93 11 
1451.89 11 
1104.65 11 
1337.53 11 
786.325 11 
764.037 11 
1263.1 11 
815.309 11 
842.211 11 
1098.88 11 
1262.16 11 
1381.73 11 
1582.56 11 
513.784 11 
1527.15 11 
891.853 11 
1305.64 11 
1425.5 11 
1240.47 11 
1147.55 11 
626.495 11 
1347.53 11 
1008.81 11 
1613.95 11 
1071.96 11 
1420.58 11 
1205.72 11 
486.967 11 
912.37 11 
946.097 11 
1427.78 11 
1242.68 11 
1527.58 11 
927.762 11 
1800.01 11 
1055.77 11 
1343.18 11 
1156.2 11 
1323.38 11 
841.899 11 
806.975 11 
1343.5 11 
902.427 11 
1469.13 11 
863.393 11 
1192.22 11 
1540.39 11 
1380.23 11 
928.251 11 
1266.38 11 
1234.89 11 
1518.97 11 
1289.89 11 
1119.98 11 
1212.96 11 
1009.28 11 
1252.3 11 
729.299 11 
1334.55 11 
521.638 11 
1307.56 11 
1184.6 11 
835.112 11 
1104.53 11 
802.895 11 
549.238 11 
935.424 11 
1545.69 11 
1181.23 11 
672.51 11 
1425.91 11 
1471.25 11 
1115.47 11 
1428.72 11 
1518.85 11 
768.445 11 
722.528 11 
1338.3 11 
1464.45 11 
1311.27 11 
1449.57 11 
1178.39 11 
1328.95 11 
1425.52 11 
1174.72 11 
1197.01 11 
654.39 11 
1581.28 11 
1090.37 11 
1534.11 11 
640.914 11 
862.05 11 
1180.91 11 
777.946 11 
981.236 11 
1633.51 11 
1422.41 11 
1434.72 11 
1369.26 11 
1389.82 11 
846.368 11 
1392.74 11 
1160.2 11 
1350.44 11 
915.315 11 
1046.4 11 
1423.01 11 
810.026 11 
1213.54 11 
1760.15 11 
1157.78 11 
622.171 11 
1595.09 11 
1397.77 11 
1206.03 11 
1389.47 11 
1435.81 11 
1049.19 11 
985.555 11 
1282.15 11 
1270.56 11 
948.002 11 
1167.68 11 
584.94 11 
886.884 11 
824.26 11 
1468.42 11 
1115.08 11 
928.797 11 
707.961 11 
1144.09 11 
1294.62 11 
1451 11 
1339.53 11 
1170.15 11 
1627.98 11 
1642.89 11 
1309.66 11 
1238.87 11 
1113.61 11 
1228.96 11 
1021.44 11 
868.55 11 
1001.33 11 
1260.51 11 
1015.41 11 
1241.82 11 
1050.64 11 
982.082 11 
1141.46 11 
718.753 11 
1506.92 11 
1387.24 11 
1289.87 11 
685.552 11 
996.171 11 
1326.71 11 
1437.17 11 
1657.28 11 
1029.09 11 
1430.01 11 
1456.66 11 
1456.21 11 
1475.02 11 
1499.55 11 
828.689 11 
1635.34 11 
1586.53 11 
729.917 11 
1209.55 11 
1626.69 11 
1042.2 11 
1125.61 11 
1533.48 11 
550.098 11 
1454.39 11 
1407.04 11 
1408.67 11 
442.508 11 
976.804 11 
1573.18 11 
1480.51 11 
1312.19 11 
1426.55 11 
1142.75 11 
1217.22 11 
958.796 11 
786.567 11 
1082.75 11 
1501.14 11 
1095.83 11 
1465.96 11 
1316.59 11 
1593.9 11 
1437 11 
1470.04 11 
1372.09 11 
741.552 11 
1696.48 11 
1545.3 11 
1334.29 11 
720.915 11 
1000.53 11 
1395.13 11 
1111.71 11 
612.672 11 
1216.36 11 
1506.84 11 
1275.98 11 
1047.81 11 
989.669 11 
1553.63 11 
1541.96 11 
1435.34 11 
1065.9 11 
1427.43 11 
633.612 11 
1686.32 11 
1277.61 11 
1428.02 11 
1529.8 11 
783.25 11 
1542.43 11 
1229.76 11 
1001.49 11 
384.269 11 
1162.55 11 
516.71 11 
1350.07 11 
920.889 11 
1569.32 11 
1423.5 11 
630.329 11 
1437.49 11 
1346.95 11 
653.095 11 
1122.81 11 
1877.79 11 
1272.63 11 
1474.16 11 
1471.81 11 
1418.6 11 
980.414 11 
1123.36 11 
1802.21 11 
430.518 11 
547.793 11 
1347.47 11 
1070.24 11 
998.674 11 
867.139 11 
1412.66 11 
1036.81 11 
1608.38 11 
1336.82 11 
1434.97 11 
1169.12 11 
1428.97 11 
1661.62 11 
581.261 11 
1502.19 11 
1228.84 11 
1086.59 11 
979.735 11 
1496.81 11 
1171.99 11 
1363.77 11 
1493.87 11 
955.789 11 
1376.71 11 
1699.61 11 
1445.5 11 
1267.21 11 
1148.58 11 
728.111 11 
1435.35 11 
508.802 11 
1024.32 11 
1235.01 11 
848.251 11 
906.675 11 
1421.55 11 
538.463 11 
1359.51 11 
1303.19 11 
1058.14 11 
1679.34 11 
1007.22 11 
539.151 11 
493.844 11 
628.976 11 
1384.19 11 
1205.8 11 
1318.27 11 
1156.81 11 
801.839 11 
1490.55 11 
978.419 11 
1305.72 11 
1222.27 11 
977.944 11 
687.475 11 
801.289 11 
1126.61 11 
1366.8 11 
1421.74 11 
1137.55 11 
939.218 11 
1705.35 11 
1352.75 11 
1498.33 11 
1264.98 11 
716.411 11 
1283.6 11 
1408.51 11 
1213.45 11 
781.196 11 
1573.98 11 
365.502 11 
1515.4 11 
1511.1 11 
1612.93 11 
982.266 11 
690.988 11 
590.518 11 
1255.87 11 
1344.95 11 
1375.6 11 
1265.04 11 
873.259 11 
1132.36 11 
1031.46 11 
1143.23 11 
617.332 11 
934.983 11 
1455.2 11 
1274.11 11 
562.539 11 
1618.07 11 
623.977 11 
1441.89 11 
1351.01 11 
1451.69 11 
1482.85 11 
1496.64 11 
1251.86 11 
1331.1 11 
1345.57 11 
1431.58 11 
1429.52 11 
1306.89 11 
1476.7 11 
1668.03 11 
1493.61 11 
1220.61 11 
1322.89 11 
1332.87 11 
1117.83 11 
707.979 11 
734.11 11 
1208.14 11 
1493.86 11 
591.637 11 
1552.43 11 
1554.92 11 
1438.46 11 
1102.09 11 
582.292 11 
1348.77 11 
1211.15 11 
1494.03 11 
708.998 11 
1778.72 11 
1063.69 11 
1261.22 11 
912.993 11 
1096.15 11 
1342.02 11 
1059.04 11 
1352.21 11 
1486.41 11 
428.618 11 
735.556 11 
752.81 11 
641.027 11 
1220.98 11 
1391.04 11 
1240.46 11 
1567.13 11 
888.578 11 
1724.66 11 
736.459 11 
1263.82 11 
1082.35 11 
928.655 11 
1403.45 11 
1079.47 11 
574.075 11 
383.327 11 
1345.45 11 
1186.66 11 
1319.51 11 
970.219 11 
1408.8 11 
1622.86 11 
850.815 11 
1410.4 11 
1173.01 11 
1049.23 11 
1257.72 11 
1577.66 11 
1306.09 11 
1591.92 11 
1584.59 11 
1387.76 11 
1498.4 11 
1131.23 11 
1562.09 11 
1324 11 
1324.52 11 
1453.62 11 
806.141 11 
1019.98 11 
1236.3 11 
1452.71 11 
582.455 11 
1427.73 11 
1357.91 11 
1040.14 11 
1303.35 11 
917.605 11 
874.497 11 
760.73 11 
1148.82 11 
1258.35 11 
886.742 11 
577.18 11 
1469.29 11 
1320.26 11 
1548.02 11 
768.246 11 
1033.8 11 
1515.53 11 
720.316 11 
1502.49 11 
721.705 11 
1401.6 11 
1401.97 11 
1322.03 11 
470.232 11 
1492.43 11 
1306.79 11 
452.681 11 
1460.71 11 
1050.55 11 
1113.78 11 
1292.04 11 
1314.38 11 
1216.76 11 
989.336 11 
760.485 11 
761.166 11 
1285.12 11 
1360.75 11 
1176.82 11 
1115.33 11 
1253.15 11 
1562.38 11 
613.413 11 
1455.35 11 
854.302 11 
1446.01 11 
973.484 11 
1668.5 11 
1500.92 11 
1237.76 11 
1423.92 11 
1281.09 11 
1497.13 11 
1458.75 11 
1432.03 11 
1332.13 11 
508.054 11 
1226.09 11 
1367.92 11 
1542.08 11 
1133.52 11 
1017.32 11 
1180.12 11 
601.427 11 
1304.66 11 
1571.65 11 
1508.65 11 
1133.47 11 
862.718 11 
682.219 11 
1431.78 11 
1455.42 11 
1389.52 11 
897.757 11 
1563.55 11 
863.068 11 
1332.46 11 
1095.54 11 
1257.27 11 
1437.85 11 
1266.9 11 
1474.44 11 
1483.84 11 
992.035 11 
999.875 11 
1698.59 11 
794.405 11 
1002.74 11 
1623.13 11 
1427.04 11 
1342.69 11 
1422.78 11 
1268.81 11 
1345.83 11 
1374.37 11 
1173.23 11 
440.33 11 
581.451 11 
1398.09 11 
714.065 11 
1482.4 11 
2161.95 11 
1002.15 11 
1361.54 11 
1340.63 11 
1789.66 11 
1563.07 11 
616.067 11 
947.705 11 
1406.77 11 
499.599 11 
1237.52 11 
1312.44 11 
934.715 11 
1026.08 11 
1303.29 11 
994.035 11 
1253.94 11 
1270.7 11 
1028.97 11 
610.779 11 
856.716 11 
1365.02 11 
552.744 11 
1273.08 11 
1080.37 11 
1490.9 11 
1229.55 11 
396.324 11 
615.681 11 
836.245 11 
1351.1 11 
1135.19 11 
901.497 11 
1076.93 11 
757.637 11 
1120.92 11 
1280.83 11 
1517.06 11 
1411.72 11 
1484.75 11 
1384.44 11 
1352.95 11 
1118.53 11 
1605.83 11 
969.038 11 
707.945 11 
977.978 11 
1467.45 11 
1403.65 11 
873.744 11 
1331.74 11 
1049.19 11 
1494.64 11 
1491.23 11 
1395.4 11 
1001.26 11 
1276.21 11 
1288.54 11 
1546.98 11 
1224.93 11 
1120.83 11 
1274.37 11 
439.631 11 
720.622 11 
1610.89 11 
1222.19 11 
958.146 11 
1229.87 11 
1429.73 11 
926.015 11 
1104.59 11 
883.155 11 
1389.51 11 
1259.47 11 
1339.96 11 
1359.55 11 
1086.77 11 
1294.69 11 
1629.53 11 
1502.46 11 
1406.59 11 
1222.3 11 
1370.65 11 
1299.06 11 
527.917 11 
1264.56 11 
1996.69 11 
655.039 11 
1383.02 11 
784.298 11 
737.127 11 
654.169 11 
1404.81 11 
1076.98 11 
1453.21 11 
1407.83 11 
1382.68 11 
619.44 11 
914.786 11 
1112.55 11 
1525.05 11 
975.602 11 
974.205 11 
1043.71 11 
917.215 11 
443.399 11 
647.186 11 
420.416 11 
1311.46 11 
1569.14 11 
298.923 11 
912.048 11 
255.255 11 
925.859 11 
510.65 11 
1273.24 11 
1109.37 11 
1088.28 11 
1005.32 11 
1198.14 11 
1508.37 11 
1472.71 11 
1540.6 11 
862.556 11 
675.467 11 
1254.33 11 
545.872 11 
865.665 11 
1183.5 11 
507.187 11 
859.463 11 
1565.07 11 
1373.25 11 
1440.62 11 
926.623 11 
1517.79 11 
1395.65 11 
1480.81 11 
1062.99 11 
1411.54 11 
1193.53 11 
484.304 11 
1079.39 11 
1001.54 11 
1342.9 11 
1355.03 11 
1329.47 11 
1286.49 11 
1364.74 11 
1041.07 11 
1530.81 11 
1418.98 11 
658.014 11 
1249.17 11 
949.927 11 
1607.84 11 
889.722 11 
1418.93 11 
698.924 11 
1248.39 11 
1012 11 
1305.32 11 
1209.87 11 
1099.3 11 
971.38 11 
1240.86 11 
1284.26 11 
794.66 11 
497.584 11 
1380.16 11 
1529.17 11 
1425.65 11 
558.697 11 
1475.41 11 
929.223 11 
652.568 11 
1208.94 11 
1052.82 11 
639.101 11 
1392.23 11 
1515.79 11 
994.154 11 
797.841 11 
1431.3 11 
727.683 11 
947.267 11 
1185.12 11 
1186.05 11 
1429.77 11 
1282.33 11 
1094.28 11 
1191.47 11 
1511.07 11 
1372.17 11 
1030.8 11 
1285.86 11 
586.958 11 
967.269 11 
989.028 11 
1197.42 11 
1262.75 11 
1328.18 11 
821.021 11 
1396.29 11 
1550.27 11 
1354.04 11 
1320.85 11 
1037.44 11 
1645.83 11 
978.164 11 
1625.02 11 
1037.46 11 
1480.47 11 
1672.17 11 
835.633 11 
1214.46 11 
1285.44 11 
826.352 11 
1008.28 11 
1134.7 11 
583.548 11 
880.818 11 
1622.56 11 
1466.87 11 
734.381 11 
762.74 11 
1482.96 11 
1072.88 11 
1098.89 11 
1368.44 11 
700.226 11 
1382.49 11 
1103.65 11 
1226.24 11 
1281.95 11 
937.886 11 
1469.99 11 
1423.7 11 
830.029 11 
1361.99 11 
1364.8 11 
1764.81 11 
1274.12 11 
1369.71 11 
1557.2 11 
1556.22 11 
1358.57 11 
1274.81 11 
1564.86 11 
777.406 11 
750.832 11 
1493.03 11 
1333.94 11 
1324.84 11 
1403.8 11 
938.672 11 
774.644 11 
1293.39 11 
610.679 11 
1234.38 11 
1008.24 11 
1362.62 11 
1246.41 11 
1162.48 11 
1244.72 11 
1497.08 11 
647.233 11 
1340.92 11 
1005.89 11 
1012.62 11 
1424.3 11 
1248.7 11 
1080.93 11 
1335.93 11 
809.509 11 
695.511 11 
1095.34 11 
1223.52 11 
1401.77 11 
1289.21 11 
1470.98 11 
1252.77 13 
1121.01 13 
1066.98 13 
917.141 13 
1435.56 13 
737.347 13 
1385.77 13 
480.754 13 
1242.56 13 
1424.48 13 
472.318 13 
1065.05 13 
1321.39 13 
1191.55 13 
997.845 13 
1215.94 13 
1568.26 13 
1483.78 13 
1614.77 13 
1567.45 13 
1166.05 13 
1111.22 13 
1119 13 
1981.11 13 
1017.58 13 
1058.9 13 
1223.45 13 
1217.8 13 
1323.43 13 
1327.4 13 
1038.93 13 
663.961 13 
1214.41 13 
1478.71 13 
1351.47 13 
1422.59 13 
1315.21 13 
1482.52 13 
1364.1 13 
1060.87 13 
1522.6 13 
1659.45 13 
1691.49 13 
711.961 13 
513.557 13 
1563.15 13 
1533.21 13 
1478.91 13 
1278.94 13 
779.736 13 
1077.75 13 
1204.63 13 
1421.35 13 
1460.66 13 
1238.46 13 
1683.48 13 
969.194 13 
1427.22 13 
874.7 13 
1215.64 13 
1464.36 13 
1184.59 13 
1466.69 13 
951.427 13 
1468.12 13 
1457.22 13 
1140.07 13 
1386.79 13 
1267.01 13 
1490.28 13 
1219.01 13 
1016.89 13 
1429.99 13 
595.477 13 
1409.2 13 
1006.65 13 
1452.64 13 
1525.21 13 
1200.74 13 
915.066 13 
1909.84 13 
1542.94 13 
1220.36 13 
1273.25 13 
978.694 13 
1473.5 13 
1304.63 13 
1367.71 13 
1496.82 13 
1343.28 13 
754.16 13 
1405.92 13 
1104.33 13 
1539.73 13 
1251.58 13 
1616.5 13 
753.899 13 
1185.67 13 
939.949 13 
1402.2 13 
1170.95 13 
1160.3 13 
1119.24 13 
2026.64 13 
1403.35 13 
1385.03 13 
992.68 13 
1441.36 13 
747.01 13 
1595.28 13 
1336.04 13 
1245.78 13 
1085.46 13 
577.104 13 
1411.11 13 
1546.63 13 
1352.88 13 
812.753 13 
1316.12 13 
625.335 13 
1706.95 13 
1292.1 13 
876.847 13 
1424.77 13 
1120.97 13 
1223.32 13 
1234.02 13 
1365.69 13 
1177.28 13 
1430.11 13 
1189.93 13 
969.772 13 
1472.17 13 
1052.88 13 
1645.86 13 
1380.73 13 
1473.14 13 
1678.47 13 
1043.85 13 
1287.48 13 
1024.4 13 
1102.22 13 
1044.53 13 
1243.73 13 
1157.83 13 
1426.52 13 
1473.89 13 
1365.95 13 
1461.72 13 
1135.7 13 
1563.73 13 
1209.97 13 
1519.27 13 
979.029 13 
1141.48 13 
1162.74 13 
467.85 13 
1522.92 13 
957.438 13 
1007.56 13 
966.68 13 
655.645 13 
1398.2 13 
1223.83 13 
1189.28 13 
1203.78 13 
1509.01 13 
1242.99 13 
912.734 13 
617.354 13 
1283.52 13 
1251.25 13 
1208.55 13 
1060.19 13 
1529.18 13 
1480.35 13 
635.961 13 
893.352 13 
492.723 13 
1251.97 13 
1550.83 13 
878.441 13 
1512.07 13 
1531.89 13 
1480.42 13 
1472.31 13 
608.244 13 
653.184 13 
1350.23 13 
1470.29 13 
1224.55 13 
1250.13 13 
769.44 13 
1366.95 13 
1505.67 13 
1014.64 13 
832.478 13 
1167.11 13 
1102.18 13 
490.587 13 
302.156 13 
1039.7 13 
1279.07 13 
1308.86 13 
1530.52 13 
1417.4 13 
1267.03 13 
1351.95 13 
1225.77 13 
882.78 13 
1423.1 13 
1324.66 13 
1349.96 13 
1628.03 13 
894.545 13 
1009.14 13 
893.285 13 
1598.13 13 
1178.85 13 
1749.36 13 
1115.27 13 
844.974 13 
1341.02 13 
1254.3 13 
852.466 13 
878.781 13 
1231.59 13 
374.821 13 
1217.46 13 
1429.98 13 
1666.38 13 
1117.87 13 
1437.55 13 
1858.93 13 
1522.8 13 
1561.7 13 
974.217 13 
1229.12 13 
1466.88 13 
1259.55 13 
1906.55 13 
1471.17 13 
1369.52 13 
1058.92 13 
1452.05 13 
1059.92 13 
1284.01 13 
1319.83 13 
1276.19 13 
1036.21 13 
813.371 13 
1380.89 13 
1495.89 13 
1484.32 13 
1184.54 13 
1486.84 13 
865.931 13 
1726.69 13 
1221.9 13 
1044.23 13 
422.251 13 
1463.7 13 
1499.64 13 
1527.95 13 
1058 13 
1444.26 13 
1582.41 13 
1401.53 13 
1354.07 13 
1388.2 13 
821.052 13 
1563.06 13 
1417.81 13 
862.105 13 
1365.88 13 
1034.44 13 
947.235 13 
919.492 13 
1098.44 13 
1367.15 13 
994.314 13 
663.912 13 
1308.53 13 
990.536 13 
828.216 13 
664.896 13 
1256.22 13 
1531.16 13 
1120.38 13 
1092.4 13 
1362.33 13 
972.961 13 
1332.73 13 
925.628 13 
1540.03 13 
1159.35 13 
943.946 13 
1515.48 13 
1036.38 13 
1200.78 13 
1060.31 13 
1409 13 
671.452 13 
1217.35 13 
1514.92 13 
716.023 13 
864.383 13 
1117.67 13 
631.473 13 
1478.58 13 
863.179 13 
1487.87 13 
349.103 13 
1709.19 13 
1341.88 13 
878.244 13 
1098.98 13 
1263.18 13 
628.501 13 
812.891 13 
1523.85 13 
1439.76 13 
1434.48 13 
972.419 13 
720.45 13 
1353.27 13 
1587.62 13 
891.947 13 
1419.04 13 
1631.68 13 
818.54 13 
374.039 13 
1475.45 13 
621.963 13 
1084.36 13 
1416.93 13 
601.286 13 
1604.61 13 
1278.7 13 
1532.67 13 
1419.19 13 
1131.56 13 
1598.42 13 
1459.03 13 
1482.33 13 
1299.39 13 
1372.56 13 
1005.93 13 
1519.56 13 
1327.43 13 
1204.51 13 
1420.78 13 
477.554 13 
831.665 13 
1077.36 13 
908.556 13 
1466.08 13 
1301.26 13 
1167.14 13 
1491.93 13 
541.965 13 
1882.39 13 
508.182 13 
787.435 13 
594.548 13 
1976.99 13 
1136.28 13 
1003.64 13 
661.661 13 
1084.3 13 
1133.31 13 
1326.07 13 
1240.76 13 
812.625 13 
928.518 13 
451.285 13 
1474.08 13 
1323.87 13 
1328.17 13 
1400.27 13 
1297.21 13 
820.653 13 
766.993 13 
1449.83 13 
1139.35 13 
558.231 13 
928.994 13 
1284.69 13 
579 13 
1525.01 13 
413.319 13 
1380.89 13 
1194.61 13 
1235.07 13 
1497.04 13 
1556.64 13 
1310.77 13 
1488.94 13 
1376.12 13 
1334.57 13 
1418 13 
976.078 13 
1359.22 13 
701.638 13 
1249.01 13 
1590.68 13 
1276.66 13 
868.17 13 
734.962 13 
1073.69 13 
1442.1 13 
1174.38 13 
673.753 13 
1269.24 13 
1124.9 13 
1434.58 13 
1150.06 13 
612.779 13 
433.854 13 
719.607 13 
1487.75 13 
1536.02 13 
1023.62 13 
1284.17 13 
805.923 13 
1494.83 13 
1184.24 13 
965.178 13 
964.449 13 
1178.92 13 
1034.2 13 
661.326 13 
1356.39 13 
887.101 13 
559.901 13 
1169.45 13 
1114.21 13 
1442.12 13 
972.146 13 
1043.58 13 
1365.38 13 
748.58 13 
1466.98 13 
1389.54 13 
1479.15 13 
1334.1 13 
1153.53 13 
1451.05 13 
1355.81 13 
1337.47 13 
795.161 13 
1492.62 13 
978.538 13 
1129.1 13 
1514.94 13 
1439.63 13 
1038.76 13 
1313.25 13 
1434.25 13 
909.735 13 
843.663 13 
1539.69 13 
592.579 13 
1355.37 13 
648.051 13 
1459.6 13 
1214.61 13 
1071.81 13 
1678.29 13 
1379.43 13 
1019.46 13 
2289.43 13 
998.929 13 
1626.39 13 
1486.85 13 
601.42 13 
474.695 13 
828.703 13 
1528.56 13 
1140.59 13 
1363.72 13 
1535.59 13 
448.241 13 
428.181 13 
565.624 13 
1541.13 13 
1246.94 13 
1416.23 13 
672.816 13 
991.152 13 
1303.74 13 
1361.39 13 
1494.63 13 
1439.63 13 
1225.25 13 
1403.58 13 
1115.57 13 
1355.71 13 
1069.96 13 
1521.88 13 
1731.96 13 
1160.01 13 
1520.97 13 
1319.34 13 
480.395 13 
1239.12 13 
801.258 13 
1381.56 13 
694.33 13 
666.232 13 
626.04 13 
1579.35 13 
1004.95 13 
1143.83 13 
929.256 13 
967.898 13 
821.312 13 
953.414 13 
1400.06 13 
1547.35 13 
1577.14 13 
1467 13 
871.124 13 
1548.31 13 
1428.72 13 
1199.2 13 
976.317 13 
1458.55 13 
777.745 13 
1122.01 13 
1349.91 13 
1149.94 13 
1446.17 13 
1355.28 13 
642.154 13 
1667.57 13 
1168.51 13 
552.618 13 
1438.95 13 
1474.53 13 
989.016 13 
1215.63 13 
1290.81 13 
1167.21 13 
672.161 13 
1484.32 13 
1511.87 13 
1049.16 13 
968.881 13 
1385.56 13 
608.681 13 
1005.53 13 
1357.65 13 
837.786 13 
883.982 13 
991.551 13 
707.482 13 
1548.17 13 
631.604 13 
1230.54 13 
1518.1 13 
1010.86 13 
1065.93 13 
1251.1 13 
1005.79 13 
903.17 13 
1419.28 13 
1006.98 13 
1262.6 13 
645.392 13 
531.1 13 
1003.48 13 
857.357 13 
1517.24 13 
1246.71 13 
629.984 13 
1298.02 13 
872.136 13 
1347.33 13 
1177.37 13 
1249.52 13 
655.118 13 
608.939 13 
1400 13 
1379.97 13 
1454.63 13 
741.036 13 
1426.8 13 
1320.56 13 
633.819 13 
1192.13 13 
1354.25 13 
1391.59 13 
1480.01 13 
740.419 13 
1383.62 13 
1126.27 13 
1348.09 13 
1166.47 13 
887.214 13 
861.378 13 
1484.42 13 
1422.25 13 
1395.85 13 
1414.39 13 
1012.47 13 
1144.34 13 
989.09 13 
721.36 13 
1031.21 13 
366.945 13 
1397.84 13 
1429.37 13 
1579.24 13 
884.445 13 
1456.2 13 
1255.78 13 
968.171 13 
966.701 13 
656.62 13 
1223.98 13 
1197.09 13 
1454.96 13 
1411.9 13 
838.074 13 
590.216 13 
781.157 13 
1474.32 13 
1077.03 13 
1203.45 13 
1373.43 13 
1460.26 13 
845.399 13 
1424.05 13 
1403.61 13 
542.851 13 
655.301 13 
502.332 13 
1430.22 13 
635.948 13 
1460.43 13 
1208.05 13 
1109.33 13 
1070.6 13 
1314.77 13 
1226.74 13 
778.628 13 
1321 13 
1336.02 13 
1127.01 13 
1434.44 13 
1196.57 13 
1554.07 13 
1584.44 13 
1624.09 13 
1954.22 13 
1151.92 13 
1294.83 13 
1350.39 13 
1251.54 13 
1506.23 13 
1372.65 13 
561.407 13 
830.186 13 
1325.26 13 
1505.69 13 
657.348 13 
825.651 13 
1248.86 13 
866.539 13 
661.497 13 
1920.03 13 
1992.36 13 
1388.76 13 
1231.77 13 
1467.37 13 
1385.49 13 
1108.91 13 
1341.39 13 
1284.85 13 
969.993 13 
1314.61 13 
1357.3 13 
2031.77 13 
1269.21 13 
1402.76 13 
1444.66 13 
897.713 13 
1061.32 13 
1232.21 13 
1253.66 13 
872.94 13 
702.585 13 
971.11 13 
764.139 13 
754.492 13 
1656.17 13 
1277.89 13 
1421.21 13 
1269.08 13 
992.318 13 
1332.57 13 
859.896 13 
1444.21 13 
1261.43 13 
1496.56 13 
639.245 13 
1265.45 13 
797.287 13 
1268.12 13 
1120.08 13 
1362.76 13 
643.359 13 
621.887 13 
831.57 13 
1197.76 13 
1378.95 13 
713.553 13 
952.781 13 
582.04 13 
1225.92 13 
1429.12 13 
1640.55 13 
622.834 13 
1349.33 13 
1206.75 13 
1333.03 13 
1453.51 13 
1370.8 13 
528.212 13 
1013.98 13 
916.594 13 
1403.29 13 
954.41 13 
1027.5 13 
631.872 13 
1403.69 13 
1176.39 13 
918.595 13 
1480.88 13 
1331.4 13 
871.654 13 
775.532 13 
868.57 13 
958.097 13 
966.62 13 
1624.08 13 
814.127 13 
1442.3 13 
1182.02 13 
964.857 13 
1124.73 13 
1480.13 13 
1360.08 13 
659.568 13 
1285.33 13 
1477.31 13 
1555.68 13 
1486.92 13 
1187.26 13 
1464.9 13 
1309.61 13 
731.567 13 
868.266 13 
1481.5 13 
1337.5 13 
1256.45 13 
1539.48 13 
1145.77 13 
1241.44 13 
490.159 13 
1467.82 13 
1871.83 13 
1539.29 13 
771.92 13 
754.226 13 
1422.41 13 
1470.13 13 
1600.18 13 
1258.93 13 
1126.32 13 
1371.29 13 
1571.18 13 
991.208 13 
1359.82 13 
1502.69 13 
1259.26 13 
1533.69 13 
1416.34 13 
1144.56 13 
1270.57 13 
1241.15 13 
1796.38 13 
237.829 13 
1109.12 13 
1025.72 13 
330.28 13 
1578.87 13 
1421.04 13 
1437.6 13 
1487.64 13 
1201.7 13 
781.967 13 
1066.03 13 
1407.15 13 
1338.24 13 
1473.46 13 
789.172 13 
1127.02 13 
1448.71 13 
586.917 13 
1203.18 13 
1248.81 13 
1487.59 13 
1380.57 13 
440.343 13 
1462.37 13 
1503.42 13 
1295.8 13 
1184.7 13 
1430.15 13 
1292.39 13 
697.021 13 
725.136 13 
847.474 13 
1035.3 13 
814.092 13 
1347.41 13 
559.751 13 
1203.2 13 
1435.41 13 
1505.62 13 
543.995 13 
751.812 13 
822.519 13 
1248.91 13 
791.214 13 
990.211 13 
1310.3 13 
1541.45 13 
781.901 13 
1384.93 13 
1200.16 13 
1461.05 13 
1311.67 13 
1297.7 13 
747.491 13 
1281.74 13 
785.305 13 
1184.02 13 
1357.61 13 
1376.41 13 
1120.76 13 
1485.22 13 
981.676 13 
1211.56 13 
683.746 13 
1396.57 13 
1316.31 13 
1271.75 13 
1774.32 13 
1253.18 13 
1312.6 13 
1373.25 13 
1214.84 13 
1229.09 13 
909.562 13 
1081.62 13 
863.212 13 
1790.64 13 
765.194 13 
1070.38 13 
1214.51 13 
1740.96 13 
1357.66 13 
1165.58 13 
630.534 13 
567.834 13 
1734.21 13 
1385.68 13 
1243.01 13 
738.07 13 
880.719 13 
852.721 13 
777.299 13 
682.31 13 
688.566 13 
1509.88 13 
1686.37 13 
1120.67 13 
1405.18 13 
666.807 13 
1261.36 13 
1335.5 13 
1529.99 13 
737.136 13 
1605.45 13 
1248.36 13 
1497.69 13 
1447.89 13 
1631.17 13 
1345.92 13 
1547.73 13 
1603.11 13 
1913.51 13 
872.422 13 
1071.75 13 
1659.21 13 
837.308 13 
1458.87 13 
1173.28 13 
1429.72 13 
1680.66 13 
1330.16 13 
1475.6 13 
1472.99 13 
1272.6 13 
1658.1 13 
1020.11 13 
1068.59 13 
1473.67 13 
894.188 13 
1192.33 13 
1449.67 13 
508.794 13 
1042.45 13 
825.506 13 
1395.37 13 
1519.56 13 
1249.42 13 
1203.1 13 
1101.33 13 
1083.63 13 
716.969 13 
641.49 13 
388.571 13 
731.548 13 
1412.98 13 
803.112 13 
916.581 13 
1546.41 13 
1468.57 13 
1384.01 13 
1538.96 13 
1133.8 13 
782.871 13 
1151.59 13 
1467.51 13 
1532.97 13 
1027.06 13 
1449.9 13 
1112.01 13 
1039.38 13 
659.16 13 
1038.1 13 
1314.61 13 
1612.09 13 
1169.54 13 
850.25 13 
938.623 13 
1655.77 13 
864.726 13 
918.829 13 
1302.39 13 
1005.3 13 
1369.47 13 
1275.68 13 
1191.67 13 
943.997 13 
998.034 13 
846.3 13 
1130 13 
1477.79 13 
1188.94 13 
1227.19 13 
1557.26 13 
1296.15 13 
589.069 13 
1172.72 13 
1031.51 13 
1223.01 13 
1374.58 13 
1363.17 13 
973.409 13 
1002.93 13 
1310.78 13 
1647.93 13 
1448.56 13 
1095.59 13 
1296.82 13 
973.19 13 
575.949 13 
1411.6 13 
1524.52 13 
644.396 13 
1258.7 13 
1001.83 13 
1397.18 13 
1584.97 13 
1267.8 13 
1176.5 13 
1335.09 13 
766.941 13 
1421.76 13 
1624.13 13 
1213.96 13 
548.655 13 
576.348 13 
1455.11 13 
767.201 13 
1221.44 13 
1535.41 13 
690.331 13 
778.89 13 
1084.62 13 
1268.52 13 
1147.82 13 
1491.22 13 
687.343 13 
1266.4 13 
1225.29 13 
1537.52 13 
1334.05 13 
1024.39 13 
625.562 13 
1237.18 13 
748.184 13 
1268.96 13 
1073.7 13 
473.154 13 
499.193 13 
1123.16 13 
1479.44 13 
1037.64 13 
878.858 13 
994.631 13 
1422.75 13 
579.8 13 
1344.79 13 
1265.91 13 
1294.32 13 
1334.41 13 
1488 13 
623.874 13 
949.165 13 
1033.87 13 
1220.23 13 
1461.5 13 
1333.51 13 
840.694 13 
605.232 13 
1408.12 13 
1426.95 13 
1447.23 13 
1477.33 13 
510.443 13 
719.131 13 
1597.07 13 
752.765 13 
1425.07 13 
1403.89 13 
426.999 13 
1236.6 13 
1366.06 13 
1462.66 13 
1319.49 13 
1156.7 13 
1257.61 13 
1461.92 13 
1069.96 13 
1795.35 13 
1325.68 13 
1138.11 13 
1306.15 13 
1278.76 13 
1159.97 13 
1207.35 13 
1444.1 13 
1327.37 13 
1221.96 13 
1586.64 13 
1291.89 13 
980.837 13 
1539.22 13 
1374.46 13 
1367.67 13 
1440.46 13 
598.847 13 
868.591 13 
1688.65 13 
1034.01 13 
1396.75 13 
1513.22 13 
1396.81 13 
1186.08 13 
1365.15 13 
1037.8 13 
675.794 13 
1118.26 13 
1525.59 13 
915.727 13 
1425.65 13 
904.677 13 
854.479 13 
1639.18 13 
1152.98 13 
659.45 13 
1192.12 13 
1285.48 13 
1103.22 13 
1305.49 13 
1309.3 13 
1406.33 13 
1335.01 13 
805.803 13 
766.002 13 
1143.21 13 
1056.15 13 
1338.2 13 
889.23 13 
997.072 13 
581.874 13 
1140.61 13 
1411.37 13 
530.774 13 
958.519 13 
1007.1 13 
1329.89 13 
1495.28 13 
1115.61 13 
1075.75 13 
1447.24 13 
1005.46 13 
466.472 13 
1014.57 13 
1099.85 13 
1392.69 13 
1492.35 13 
1332.6 13 
1300.88 13 
1199.23 13 
1319.07 13 
819.017 13 
1706.68 13 
1506.74 13 
1101.58 13 
1303.5 13 
664.641 13 
1323.39 13 
1348.18 13 
814.346 13 
727.049 13 
1211.3 13 
1021.56 13 
746.689 13 
1319.32 13 
1389.21 13 
1347.21 13 
1499.36 13 
1053.54 13 
673.966 13 
680.517 13 
1503.57 13 
1406.31 13 
1456.59 13 
769.077 13 
1097.73 13 
886.332 13 
1463.31 13 
708.061 13 
1370.92 13 
1191.2 13 
972.467 13 
1244.95 13 
1592.79 13 
1230.37 13 
1250.22 13 
1604.59 13 
1336.08 13 
1062.42 13 
1309.56 13 
447.292 13 
1341.35 13 
1314.53 13 
796.696 13 
1391.53 13 
1237.15 13 
1638.4 13 
1093.09 13 
1133.3 13 
1376.32 13 
1524.67 13 
1432.24 13 
1376.13 13 
1002.58 13 
994.042 13 
