1503.03 11 
1584.13 11 
1309.99 11 
795.962 11 
708.891 11 
858.915 11 
1446.1 11 
1580.52 11 
1101.21 11 
1007.17 11 
735.407 11 
1347.22 11 
1441.19 11 
1393.41 11 
843.378 11 
1055.91 11 
1135.19 11 
1427.25 11 
1430.53 11 
449.799 11 
666.733 11 
450.498 11 
1386.19 11 
873.866 11 
1393.28 11 
1647.49 11 
1231.52 11 
981.193 11 
1369.87 11 
544.214 11 
822.052 11 
1052.71 11 
1100.41 11 
1919.97 11 
1407.87 11 
1844.9 11 
1405.51 11 
1293.72 11 
1526.36 11 
716.144 11 
699.507 11 
1324.58 11 
1094.66 11 
784.568 11 
1224.19 11 
1195.51 11 
1640.35 11 
1189.69 11 
1335.87 11 
1588.66 11 
912.433 11 
1283.57 11 
1333.07 11 
1636.36 11 
1809.28 11 
1331.45 11 
1518.99 11 
869.124 11 
1165.95 11 
926.825 11 
1446.57 11 
1191.97 11 
801.239 11 
1345.38 11 
1369.01 11 
521.299 11 
1296.91 11 
1404.38 11 
1256.51 11 
1496.52 11 
1247.33 11 
1389.4 11 
1413.98 11 
1620.03 11 
1495.08 11 
622.323 11 
882.782 11 
1249.29 11 
596.712 11 
763.246 11 
715.392 11 
999.979 11 
879.023 11 
1558.09 11 
776.083 11 
923.364 11 
1091.01 11 
1320.41 11 
1404.04 11 
1374.48 11 
575.911 11 
1246.7 11 
824.39 11 
1444.88 11 
868.29 11 
939.545 11 
1108.46 11 
1135.73 11 
1522.36 11 
833.764 11 
794.86 11 
1437.81 11 
1503.06 11 
1519.9 11 
1656.6 11 
899.871 11 
764.01 11 
515.974 11 
1077.72 11 
1189.28 11 
795.616 11 
1654.22 11 
1454.04 11 
1612.6 11 
1424.51 11 
1015.3 11 
718.371 11 
1447.3 11 
1419.02 11 
1499.62 11 
1385.1 11 
1402.49 11 
795.358 11 
1272.51 11 
979.854 13 
1110.39 13 
820.78 13 
1059.3 13 
1402.24 13 
1533.01 13 
790.419 13 
1412.86 13 
1759.87 13 
327.686 13 
2057.86 13 
794.471 13 
1267.28 13 
1217.06 13 
1441.06 13 
952.296 13 
1260.73 13 
730.039 13 
1346.24 13 
684.858 13 
1405.18 13 
791.173 13 
1673.9 13 
1315.48 13 
1088.85 13 
947.069 13 
1422.32 13 
2045.57 13 
1352.32 13 
1323.95 13 
1501.86 13 
714.579 13 
1534.54 13 
1547.68 13 
1277.03 13 
1184.54 13 
1608.97 13 
1242.49 13 
1456.86 13 
1645.89 13 
1527.52 13 
1507.84 13 
1163.12 13 
885.696 13 
974.471 13 
1341.75 13 
1489.52 13 
858.083 13 
1169.29 13 
774.362 13 
1315.23 13 
1403.18 13 
1547.69 13 
1680.14 13 
1543.74 13 
684.961 13 
802.158 13 
1448.96 13 
992.021 13 
961.259 13 
404.17 13 
708.59 13 
1540.6 13 
1569.29 13 
925.285 13 
1311.78 13 
1485.68 13 
696.493 13 
1492.12 13 
683.698 13 
1597.87 13 
1135.37 13 
798.176 13 
535.612 13 
1386.61 13 
1434.96 13 
690.299 13 
1217.65 13 
1287.14 13 
612.179 13 
1324.1 13 
1276.45 13 
1332.83 13 
865.804 13 
1527.91 13 
1427.39 13 
1472.25 13 
673.608 13 
1086.67 13 
583.191 13 
1002.83 13 
1236.76 13 
863.387 13 
1371.37 13 
1131.09 13 
1092.86 13 
586.434 13 
1018.83 13 
450.175 13 
1238.19 13 
1217.92 13 
694.665 13 
780.563 13 
1272.04 13 
1673.79 13 
1576.73 13 
1478.81 13 
1233.26 13 
1352.91 13 
581.395 13 
1445.65 13 
775.355 13 
1578.78 13 
1302.82 13 
980.996 13 
1479.11 13 
1066.34 13 
1346.39 13 
1325.55 13 
781.326 13 
1511.68 13 
1372.24 13 
1277.17 13 
1566.72 13 
1233.48 13 
1625.14 13 
1681.09 13 
1298.26 13 
1008.44 13 
1553.83 13 
856.815 13 
1069.5 13 
733.76 13 
1226.52 13 
1018.32 13 
1330.17 13 
1555.21 13 
733.687 13 
856.705 13 
917.472 13 
1067.31 13 
1280.37 13 
669.995 13 
1138.26 13 
593.883 13 
1218.88 13 
638.969 13 
990.103 13 
869.811 13 
880.772 13 
1409.27 13 
1484.56 13 
1040.13 13 
1191.9 13 
1378.95 13 
1842.65 13 
1177.59 13 
1039.63 13 
1071.52 13 
