895.628 11 
890.451 11 
654.904 11 
818.08 11 
879.028 11 
750.987 11 
1227.47 11 
951.49 11 
1225.64 11 
845.21 11 
802.135 11 
720.832 11 
828.407 11 
854.944 11 
1374.65 11 
515.664 11 
944.369 11 
825.887 11 
1020.97 11 
914.977 11 
1012.44 11 
893.93 11 
805.882 11 
490.584 11 
952.357 11 
496.442 11 
996.044 11 
940.411 11 
938.095 11 
769.713 11 
946.253 11 
519.243 11 
528.935 11 
849.355 11 
975.046 11 
945.303 11 
905.661 11 
885.503 11 
1036.1 11 
576.761 11 
978.024 11 
705.109 11 
1022.49 11 
741.964 11 
719.038 11 
938.361 11 
949.806 11 
1077.32 11 
944.755 11 
700.623 11 
758.457 11 
768.73 11 
466.881 11 
506.239 11 
857.422 11 
688.907 11 
769.581 11 
1020.85 11 
716.2 11 
750.524 11 
969.185 11 
593.089 11 
930.819 11 
1127.89 11 
1022.88 11 
1076.95 11 
852.884 11 
857.743 11 
1084.4 11 
984.547 11 
1042.82 11 
1013.06 11 
611.049 11 
395.296 11 
1004.16 11 
763.109 11 
677.661 11 
874.279 11 
874.481 11 
1124.19 11 
1058.75 11 
582.462 11 
658.48 11 
640.431 11 
960.109 11 
1040.56 11 
995.038 11 
600.638 11 
1541.85 11 
765.013 11 
909.955 11 
899.634 11 
954.354 11 
417.134 11 
878.584 11 
1385.3 11 
596.752 11 
1135.99 11 
691.176 11 
876.191 11 
1144.77 11 
943.301 11 
921.818 11 
906.556 11 
760.584 11 
782.668 11 
971.345 11 
823.942 11 
715.48 11 
832.516 11 
546.352 11 
1291.41 11 
791.318 11 
810.699 11 
1072.28 11 
721.035 11 
1097.52 11 
1081.09 11 
1052.77 11 
947.841 11 
1141.17 11 
863.51 11 
913.084 11 
694.467 11 
888.755 11 
625.019 11 
807.617 11 
829.544 11 
583.095 11 
491.197 11 
1274.89 11 
881.974 11 
446.411 11 
884.331 11 
563.221 11 
893.75 11 
966.349 11 
587.643 11 
809.69 11 
882.706 11 
690.436 11 
1042.15 11 
1159.33 11 
1055.4 11 
753.874 11 
749.541 11 
1087.36 11 
1158.24 11 
994.298 11 
736.341 11 
1007.66 11 
816.075 11 
1012.21 11 
1153.35 11 
406.54 11 
1000.68 11 
918.997 11 
788.437 11 
765.561 11 
849.605 11 
1048.12 11 
834.985 11 
954.325 11 
811.526 11 
800.487 11 
936.266 11 
819.193 11 
943.828 11 
1031.13 11 
1049.96 11 
1050.85 11 
918.178 11 
1048.18 11 
1114.77 11 
996.33 11 
661.556 11 
1352.09 11 
853.591 11 
845.474 11 
936.226 11 
767.875 11 
783.627 11 
873.242 11 
689.961 11 
846.624 11 
781.94 11 
872.617 11 
932.825 11 
513.318 11 
894.091 11 
844.186 11 
1037.75 11 
875.441 11 
889.972 11 
617.914 11 
954.759 11 
961.207 11 
607.451 11 
1187.64 11 
1223.48 11 
934.405 11 
938.183 11 
726.056 11 
782.323 11 
733.01 11 
813.48 11 
950.585 11 
912.661 11 
959.313 11 
923.537 11 
617.843 11 
867.621 11 
786.358 11 
867.071 11 
1270.39 11 
892.385 11 
996.919 11 
889.63 11 
510.154 11 
938.085 11 
999.856 11 
723.001 11 
565.265 11 
857.629 11 
731.151 11 
961.126 11 
824.285 11 
863.234 11 
965.075 11 
894.881 11 
746.732 11 
1156.06 11 
1144.17 11 
1090.49 11 
996.447 11 
1041.47 11 
980.998 11 
1024.08 11 
1151.37 11 
1024.57 11 
1146.38 11 
1150.29 13 
821.568 13 
977.052 13 
1058.65 13 
989.552 13 
940.971 13 
942.072 13 
995.176 13 
1114.97 13 
858.344 13 
941.885 13 
994.268 13 
554.58 13 
724.43 13 
832.327 13 
991.54 13 
947.288 13 
928.364 13 
724.935 13 
590.644 13 
881.483 13 
1097.73 13 
650.698 13 
934.17 13 
846.104 13 
1022.13 13 
989.571 13 
556.522 13 
970.272 13 
426.828 13 
885.185 13 
844.445 13 
702.209 13 
739.221 13 
455.32 13 
635.62 13 
892.057 13 
932.72 13 
941.38 13 
958.909 13 
780.48 13 
811.339 13 
1052.69 13 
871.551 13 
474.562 13 
1310.2 13 
893.066 13 
1089.04 13 
1137.77 13 
1028.58 13 
635.628 13 
830.933 13 
1051.85 13 
599.726 13 
719.544 13 
922.134 13 
995.758 13 
890.559 13 
1129.45 13 
775.13 13 
699.734 13 
1126.43 13 
646.068 13 
905.348 13 
954.429 13 
1058.15 13 
732.639 13 
952.584 13 
877.981 13 
789.878 13 
1085.05 13 
875.866 13 
876.624 13 
723.193 13 
663.65 13 
801.034 13 
941.628 13 
946.177 13 
921.369 13 
868.479 13 
991.278 13 
951.074 13 
854.705 13 
894.801 13 
840.55 13 
392.944 13 
928.522 13 
911.213 13 
925.433 13 
652.678 13 
544.905 13 
902.081 13 
1189.96 13 
917.657 13 
655.837 13 
1026.96 13 
1023.78 13 
1467.2 13 
479.975 13 
414.588 13 
590.613 13 
859.57 13 
1028.68 13 
1052.31 13 
1081.75 13 
940.097 13 
544.279 13 
1066.03 13 
1053.83 13 
1357.27 13 
839.931 13 
919.109 13 
897.536 13 
1070.88 13 
674.473 13 
683.713 13 
1005.33 13 
851.502 13 
765.933 13 
850.404 13 
818.97 13 
774.171 13 
681.636 13 
887.501 13 
650.026 13 
594.73 13 
802.398 13 
631.334 13 
830.609 13 
1031.15 13 
763.587 13 
650.749 13 
922.984 13 
1049.55 13 
1001.35 13 
941.319 13 
948.329 13 
738.314 13 
1052.64 13 
1129.71 13 
970.144 13 
1012.61 13 
943.857 13 
758.379 13 
870.206 13 
680.048 13 
408.65 13 
871.184 13 
937.601 13 
908.854 13 
948.442 13 
524.62 13 
960.256 13 
1177.19 13 
1030.92 13 
880.244 13 
1088.99 13 
1070.39 13 
962.53 13 
958.479 13 
504.854 13 
897.799 13 
904.866 13 
950.4 13 
910 13 
746.124 13 
1017.72 13 
542.675 13 
849.083 13 
1152 13 
1191.78 13 
689.927 13 
991.567 13 
993.136 13 
1097.85 13 
798.935 13 
958.987 13 
666.482 13 
925.625 13 
724.929 13 
996.68 13 
785.759 13 
962.696 13 
1162.2 13 
878.704 13 
832.256 13 
789.692 13 
873.962 13 
797.386 13 
970.094 13 
1071.65 13 
1117.9 13 
746.479 13 
1051.88 13 
934.712 13 
968.206 13 
768.761 13 
892.826 13 
972.089 13 
1061.13 13 
882.837 13 
859.972 13 
921.467 13 
546.085 13 
909.894 13 
991.007 13 
612.369 13 
749.27 13 
967.28 13 
795.564 13 
888.588 13 
1389.42 13 
778.756 13 
984.118 13 
922.083 13 
1076.98 13 
937.38 13 
726.101 13 
1029.4 13 
875.208 13 
1184.38 13 
1115.06 13 
848.898 13 
1004.94 13 
942.227 13 
989.541 13 
776.591 13 
860.047 13 
748.33 13 
844.939 13 
649.253 13 
982.64 13 
907.45 13 
739.587 13 
708.108 13 
872.621 13 
818.297 13 
543.645 13 
1068.55 13 
547.198 13 
807.208 13 
873.405 13 
933.71 13 
733.972 13 
734.257 13 
819.99 13 
1065.03 13 
682.728 13 
709.325 13 
965.054 13 
711.449 13 
999.695 13 
1005.05 13 
552.463 13 
905.164 13 
698.711 13 
1043.74 13 
990.314 13 
