683.462 11 
688.693 11 
666.916 11 
459.916 11 
849.048 11 
620.6 11 
871.375 11 
720.094 11 
772.703 11 
772.76 11 
564.521 11 
755.632 11 
722.295 11 
777.701 11 
691.376 11 
733.648 11 
737.855 11 
896.387 11 
601.586 11 
478.839 11 
712.493 11 
748.046 11 
800.477 11 
638.833 11 
752.419 11 
732.218 11 
1230.91 11 
650.227 11 
772.85 11 
618.228 11 
700.953 11 
653.749 11 
637.41 11 
624.024 11 
424.327 11 
819.396 11 
801.677 11 
967.328 11 
758.567 11 
761.468 11 
682.424 11 
781.603 11 
409.247 11 
685.655 11 
839.405 11 
775.746 11 
644.903 11 
898.195 11 
622.098 11 
783.937 11 
897.454 11 
1019.51 11 
653.33 11 
673.436 11 
741.202 11 
863.302 11 
612.384 11 
743.182 11 
695.838 11 
762.731 11 
1197.33 11 
813.868 11 
729.939 11 
827.359 11 
716.91 11 
735.526 11 
683.985 11 
720.69 11 
637.096 11 
771.545 11 
783.499 11 
773.047 11 
515.399 11 
392.897 11 
561.146 11 
754.137 11 
703.814 11 
634.09 11 
535.839 11 
552.625 11 
941.941 11 
1075.68 11 
593.483 11 
667.49 11 
533.474 11 
741.215 11 
758.045 11 
675.379 11 
674.968 11 
729.42 11 
653.85 11 
1077.27 11 
458.531 11 
859.732 11 
461.508 11 
592.271 11 
802.852 11 
714.117 11 
1167.01 11 
683.135 11 
742.455 11 
913.589 11 
738.85 11 
817.061 11 
672.552 11 
866.15 11 
805.346 11 
516.808 11 
709.555 11 
717.025 11 
587.657 11 
701.624 11 
708.338 11 
559.95 11 
692.359 11 
656.553 11 
848.81 11 
673.254 11 
627.411 11 
999.696 11 
808.663 11 
415.969 11 
911.76 11 
767.387 11 
953.309 11 
844.21 11 
509.788 11 
695.991 11 
587.591 11 
641.311 11 
702.18 11 
695.126 11 
686.464 11 
689.467 11 
559.308 11 
586.648 11 
570.736 11 
780.692 11 
810.337 11 
843.569 11 
618.352 11 
756.478 11 
809.683 11 
570.663 11 
682.581 11 
798.066 11 
814.652 11 
635.568 11 
681.652 11 
735.706 11 
709.134 11 
804.435 11 
777.054 11 
1382.18 11 
791.294 11 
926.361 11 
487.903 11 
817.204 11 
705.631 11 
487.681 11 
693.49 11 
676.077 11 
770.094 11 
506.669 11 
986.514 11 
564.306 11 
887.036 11 
574.668 11 
627.625 11 
814.353 11 
622.313 11 
774.903 11 
779.157 11 
629.396 11 
716.972 11 
641.765 11 
703.195 11 
710.087 11 
695.101 11 
725.218 11 
836.566 11 
658.309 11 
966.605 11 
766.604 11 
778.664 11 
617.664 11 
454.144 11 
580.671 11 
819.431 11 
646.923 11 
701.87 11 
808.105 11 
338.414 11 
671.122 11 
444.743 11 
586.714 11 
502.423 11 
336.53 11 
680.902 11 
395.173 11 
545.579 11 
727.599 11 
695.251 11 
745.43 11 
459.672 11 
1043.28 11 
710.147 11 
873.6 11 
976.931 11 
726.055 11 
588 11 
674.136 11 
679.614 11 
752.857 11 
794.029 11 
661.916 11 
966.074 11 
672.593 11 
625.558 11 
660.176 13 
853.933 13 
641.449 13 
714.503 13 
664.719 13 
630.874 13 
838.989 13 
752.156 13 
796.084 13 
584.132 13 
649.71 13 
876.142 13 
768.16 13 
642.945 13 
747.799 13 
423.95 13 
607.982 13 
525.664 13 
483.879 13 
995.055 13 
672.588 13 
729.856 13 
730.764 13 
850.584 13 
786.655 13 
644.707 13 
392.831 13 
725.598 13 
523.792 13 
606.5 13 
628.121 13 
593.725 13 
716.111 13 
420.955 13 
599.806 13 
654.353 13 
746.233 13 
848.483 13 
714.673 13 
400.159 13 
808.622 13 
1202.22 13 
904.677 13 
791.261 13 
688.585 13 
947.007 13 
498.504 13 
545.72 13 
736.064 13 
589.217 13 
624.176 13 
449.327 13 
796.434 13 
542.619 13 
728.213 13 
744.612 13 
970.141 13 
630.304 13 
767.135 13 
547.425 13 
651.176 13 
627.576 13 
858.939 13 
653.046 13 
510.184 13 
431.913 13 
525.932 13 
833.59 13 
614.7 13 
661.053 13 
747.753 13 
696.619 13 
644.667 13 
188.602 13 
471.259 13 
657.037 13 
616.349 13 
514.637 13 
704.552 13 
732.666 13 
625.865 13 
739.374 13 
724.497 13 
610.657 13 
761.758 13 
601.419 13 
422.793 13 
810.713 13 
773.044 13 
571.273 13 
673.381 13 
926.939 13 
685.46 13 
416.411 13 
531.712 13 
702.34 13 
891.205 13 
763.714 13 
614.824 13 
534.818 13 
662.53 13 
706.338 13 
581.661 13 
849.563 13 
570.728 13 
824.807 13 
722.577 13 
845.311 13 
534.263 13 
735.316 13 
587.008 13 
689.073 13 
696.774 13 
696.282 13 
713.198 13 
747.456 13 
868.966 13 
655.941 13 
857.642 13 
415.139 13 
638.461 13 
523.734 13 
869.778 13 
693.612 13 
755.517 13 
775.898 13 
808.836 13 
784.323 13 
721.876 13 
816.473 13 
927.353 13 
942.988 13 
845.541 13 
526.735 13 
623.194 13 
747.456 13 
649.934 13 
760.29 13 
734.097 13 
450.901 13 
668.069 13 
645.763 13 
853.616 13 
767.572 13 
611.563 13 
735.131 13 
772.092 13 
701.255 13 
688.498 13 
671.214 13 
759.659 13 
881.734 13 
745.334 13 
784.171 13 
865.468 13 
846.133 13 
781.815 13 
838.305 13 
691.425 13 
931.513 13 
779.176 13 
471.864 13 
686.222 13 
716.694 13 
758.121 13 
757.226 13 
713.725 13 
695.987 13 
547.651 13 
630.399 13 
788.948 13 
720.887 13 
335.359 13 
789.314 13 
745.541 13 
637.188 13 
755.516 13 
667.489 13 
679.765 13 
692.128 13 
748.086 13 
734.716 13 
853.502 13 
884.934 13 
553.948 13 
753.529 13 
699.744 13 
612.628 13 
714.934 13 
964.306 13 
786.019 13 
960.873 13 
702.138 13 
1446.04 13 
665.971 13 
754.813 13 
485.521 13 
478.021 13 
526.983 13 
1375.76 13 
855.631 13 
657.289 13 
793.398 13 
784.701 13 
607.031 13 
928.33 13 
1024.8 13 
761.858 13 
679.376 13 
577.523 13 
712.272 13 
558.527 13 
794.448 13 
523.527 13 
506.473 13 
588.57 13 
638.806 13 
794.49 13 
710.476 13 
835.345 13 
867.461 13 
957.376 13 
734.665 13 
630.713 13 
819.914 13 
420.349 13 
699.462 13 
581.494 13 
956.676 13 
567.356 13 
764.992 13 
649.411 13 
702.972 13 
658.565 13 
756.578 13 
799.365 13 
425.54 13 
645.752 13 
465.181 13 
595.172 13 
717.665 13 
686.416 13 
441.732 13 
849.829 13 
741.995 13 
351.954 13 
809.189 13 
771.389 13 
686.625 13 
822.401 13 
771.218 13 
728.508 13 
533.539 13 
1390.07 13 
743.2 13 
931.15 13 
889.339 13 
631.074 13 
844.517 13 
641.572 13 
636.898 13 
412.742 13 
737.617 13 
719.254 13 
671.438 13 
589.304 13 
