692.497 11 
697.326 11 
671.926 11 
473.537 11 
862.816 11 
630.624 11 
869.295 11 
725.567 11 
780.307 11 
780.557 11 
613.554 11 
582.006 11 
732.921 11 
789.347 11 
703.64 11 
744.466 11 
794.552 11 
484.317 11 
725.509 11 
756.982 11 
811.074 11 
645.548 11 
758.742 11 
744.728 11 
1241.92 11 
656.194 11 
780.63 11 
635.626 11 
708.353 11 
659.803 11 
654.938 11 
658.71 11 
430.409 11 
841.941 11 
812.887 11 
977.973 11 
767.42 11 
768.98 11 
692.104 11 
788.279 11 
414.559 11 
693.766 11 
842.846 11 
784.022 11 
656.386 11 
906.701 11 
628.656 11 
793.234 11 
725.558 11 
1020.52 11 
617.658 11 
679.957 11 
609.248 11 
747.404 11 
877.907 11 
618.989 11 
749.752 11 
703.271 11 
772.437 11 
1216.94 11 
854.603 11 
823.77 11 
740.914 11 
838.267 11 
731.142 11 
805.224 11 
694.808 11 
728.404 11 
646.923 11 
777.613 11 
797.608 11 
778.736 11 
520.536 11 
397.324 11 
566.118 11 
762.346 11 
714.726 11 
641.096 11 
542.658 11 
559.349 11 
959.45 11 
1077.51 11 
603.622 11 
453.481 11 
680.226 11 
570.414 11 
750.284 11 
427.421 11 
764.403 11 
680.596 11 
681.793 11 
552.571 11 
744.01 11 
663.705 11 
976.568 11 
465.508 11 
867.695 11 
463.601 11 
469.609 11 
597.364 11 
812.331 11 
714.856 11 
1188.35 11 
688.611 11 
750.661 11 
925.598 11 
746.737 11 
822.149 11 
679.311 11 
875.066 11 
788.602 11 
524.515 11 
715.89 11 
719.574 11 
592.581 11 
709.971 11 
713.548 11 
568.651 11 
598.25 11 
694.477 11 
662.52 11 
860.793 11 
680.934 11 
696.119 11 
632.706 11 
1014 11 
822.096 11 
421.794 11 
921.288 11 
776.187 11 
967.03 11 
854.762 11 
515.256 11 
601.107 11 
575.377 11 
706.801 11 
703.51 11 
694.266 11 
697.004 11 
565.285 11 
593.557 11 
579.968 11 
786.504 11 
822.506 11 
855.477 11 
624.874 11 
763.174 11 
816.814 11 
574.4 11 
774.476 11 
690.868 11 
806.431 11 
821.813 11 
640.917 11 
691.752 11 
745.21 11 
781.592 11 
634.672 11 
833.531 11 
795.057 11 
1399.65 11 
791.349 11 
940.636 11 
492.086 11 
825.418 11 
712.641 11 
493.465 11 
700.825 11 
681.41 11 
788.276 11 
512.645 11 
994.957 11 
569.458 11 
894.598 11 
581.623 11 
637.618 11 
823.486 11 
632.509 11 
789.634 11 
642.267 11 
731.156 11 
649.461 11 
710.424 11 
716.825 11 
707.341 11 
720.806 11 
851.399 11 
663.965 11 
776.014 11 
788.934 11 
628.871 11 
458.441 11 
586.09 11 
829.988 11 
653.318 11 
710.306 11 
601.731 11 
817.72 11 
370.525 11 
695.476 11 
454.66 11 
595.839 11 
661.806 11 
512.108 11 
340.317 11 
690.978 11 
399.758 11 
476.945 11 
739.67 11 
704.825 11 
757.322 11 
467.626 11 
685.336 11 
1057.44 11 
717.916 11 
882.221 11 
996.116 11 
736.406 11 
592.566 11 
680.972 11 
688.166 11 
762.027 11 
800.234 11 
668.844 11 
976.586 11 
681.339 11 
632.193 11 
667.797 13 
866.303 13 
649.729 13 
722.393 13 
672.079 13 
638.149 13 
847.597 13 
759.656 13 
805.951 13 
592.403 13 
659.824 13 
883.88 13 
778.183 13 
635.415 13 
759.638 13 
436.271 13 
615.899 13 
530.184 13 
489.033 13 
1005.66 13 
679.09 13 
740.477 13 
738.878 13 
861.028 13 
801.714 13 
448.971 13 
395.263 13 
733.264 13 
527.978 13 
610.99 13 
598.098 13 
732.491 13 
425.637 13 
610.844 13 
662.126 13 
756.99 13 
858.163 13 
725.213 13 
404.724 13 
813.327 13 
1229.28 13 
913.792 13 
797.682 13 
694.983 13 
955.914 13 
530.02 13 
737.74 13 
502.907 13 
551.229 13 
744.992 13 
688.99 13 
595.103 13 
628.443 13 
640.414 13 
453.981 13 
803.704 13 
548.402 13 
735.069 13 
575.703 13 
431.597 13 
753.186 13 
982.99 13 
637.308 13 
553.519 13 
635.093 13 
633.851 13 
868.009 13 
659.471 13 
518.553 13 
437.109 13 
526.997 13 
845.372 13 
623.776 13 
676.438 13 
705.838 13 
509.455 13 
234.52 13 
760.947 13 
479.329 13 
663.989 13 
622.809 13 
521.233 13 
710.065 13 
447.061 13 
739.235 13 
633.52 13 
611.431 13 
732.777 13 
622.526 13 
768.637 13 
607.802 13 
471.948 13 
595.715 13 
367.152 13 
780.055 13 
583.217 13 
680.891 13 
934.522 13 
694.227 13 
424.854 13 
538.412 13 
721.482 13 
698.012 13 
900.264 13 
772.527 13 
622.68 13 
527.743 13 
669.835 13 
715.256 13 
591.538 13 
861.58 13 
572.786 13 
836.727 13 
729.088 13 
851.668 13 
542.504 13 
782.394 13 
590.93 13 
696.671 13 
706.086 13 
705.389 13 
723.683 13 
759.259 13 
878.83 13 
662.625 13 
866.233 13 
643.134 13 
615.12 13 
879.339 13 
699.331 13 
765.424 13 
783.17 13 
797.529 13 
733.426 13 
830.267 13 
937.917 13 
951.722 13 
858.301 13 
536.352 13 
628.642 13 
755.265 13 
660.391 13 
685.717 13 
768.628 13 
737.663 13 
453.6 13 
680.884 13 
655.737 13 
855.41 13 
776.412 13 
618.02 13 
754.083 13 
695.269 13 
710.562 13 
690.622 13 
738.356 13 
1023.26 13 
677.809 13 
764.854 13 
750.834 13 
790.921 13 
843.167 13 
857.15 13 
789.515 13 
852.559 13 
699.345 13 
940.425 13 
936.968 13 
477.996 13 
693.826 13 
726.144 13 
765.146 13 
764.198 13 
725.13 13 
709.479 13 
551.822 13 
636.14 13 
807.476 13 
724.335 13 
801.75 13 
766.79 13 
652.387 13 
764.846 13 
675.497 13 
696.875 13 
701.722 13 
754.199 13 
741.731 13 
864.482 13 
883.568 13 
561.443 13 
778.341 13 
708.604 13 
723.429 13 
977.675 13 
626.139 13 
800.57 13 
971.061 13 
1468.17 13 
674.722 13 
761.561 13 
494.694 13 
483.36 13 
546.726 13 
1402.2 13 
520.919 13 
871.599 13 
663.587 13 
805.149 13 
786.429 13 
616.411 13 
934.73 13 
881.124 13 
1034.76 13 
766.87 13 
682.776 13 
583.842 13 
720.037 13 
564.431 13 
802.687 13 
415.489 13 
511.821 13 
672.332 13 
599.088 13 
643.228 13 
799.026 13 
717.47 13 
842.462 13 
1203.79 13 
968.501 13 
750.205 13 
635.796 13 
827.421 13 
417.81 13 
710.697 13 
587.966 13 
966.225 13 
574.975 13 
777.813 13 
525.255 13 
725.87 13 
666.971 13 
766.438 13 
452.288 13 
429.517 13 
653.342 13 
460.587 13 
603.733 13 
725.123 13 
690.235 13 
447.794 13 
853.82 13 
756.286 13 
361.907 13 
815.329 13 
758.979 13 
691.278 13 
830.901 13 
778.246 13 
736.191 13 
538.404 13 
1408.22 13 
726.528 13 
945.755 13 
896.407 13 
379.255 13 
854.428 13 
648.523 13 
647.241 13 
419.668 13 
734.649 13 
678.399 13 
597.617 13 
