1035.31 11 
821.542 11 
988.998 11 
570.783 11 
1048.42 11 
372.15 11 
1124.84 11 
666.128 11 
729.029 11 
1007.82 11 
882.658 11 
526.554 11 
770.193 11 
1121.32 11 
1052.84 11 
1048.12 11 
713.578 11 
659.262 11 
1498.47 11 
1085.24 11 
978.218 11 
1086.56 11 
1180.82 11 
1026.72 11 
803.67 11 
1028.19 11 
528.957 11 
974.742 11 
1044.37 11 
695.98 11 
650.704 11 
887.67 11 
736.681 11 
1412.35 11 
1033.21 11 
887.162 11 
772.384 11 
1056.93 11 
629.919 11 
986.417 11 
821.265 11 
943.82 11 
913.61 11 
988.076 11 
990.616 11 
949.517 11 
833.034 11 
1021.51 11 
953.421 11 
1306.22 11 
1067.48 11 
1200.75 11 
995.088 11 
1061.19 11 
1034.47 11 
1027.78 11 
853.261 11 
910.152 11 
852.771 11 
1247.16 11 
857.035 11 
953.322 11 
835.401 11 
934.716 11 
623.513 11 
604.952 11 
775.895 11 
851.188 11 
520.632 11 
1245.35 11 
704.422 11 
1031.77 11 
767.474 11 
980.883 11 
1025.1 11 
630.279 11 
746.191 11 
874.412 11 
1070.91 11 
966.93 11 
642.37 11 
1178.72 11 
1178.36 11 
1050.8 11 
887.049 11 
1067.05 11 
960.068 11 
1211.73 11 
1030.17 11 
766.786 11 
812.662 11 
993.24 11 
867.563 11 
707.097 11 
918.822 11 
723.097 11 
799.366 11 
933.941 11 
610.168 11 
1030.87 11 
1015.13 11 
961.376 11 
955.805 11 
1009.11 11 
924.148 11 
1100.81 11 
729.8 11 
863.58 11 
944.444 11 
694.833 11 
609.991 11 
954.56 11 
1000.34 11 
916.767 11 
684.344 11 
876.212 11 
886.439 11 
933.723 11 
1031.32 11 
813.532 11 
906.999 11 
993.44 11 
713.064 11 
908.913 11 
463.389 11 
995.327 11 
1419.02 11 
949.757 11 
796.126 11 
928.047 11 
1044.42 11 
1037.44 11 
1004.06 11 
600.689 11 
748.724 11 
838.355 11 
938.538 11 
1020.94 11 
820.884 11 
635.423 11 
593.483 11 
1268.55 11 
901.185 11 
547.995 11 
860.28 11 
559.228 11 
1030.15 11 
869.956 11 
878.386 11 
509.628 11 
624.29 11 
920.816 11 
916.36 11 
966.782 11 
1024.49 11 
1020.9 11 
861.216 11 
684.334 11 
496.543 11 
860.102 11 
983.305 11 
969.036 11 
850.314 11 
1114.6 11 
956.865 11 
935.895 11 
868.031 11 
572.567 11 
813.657 11 
802.796 11 
904.51 11 
796.391 11 
1037.63 11 
1000.85 11 
1267.97 11 
1032.95 11 
1018.61 11 
951.743 11 
918.873 11 
1006.94 11 
853.791 11 
878.774 11 
863.522 11 
639.073 11 
622.048 11 
676.057 11 
1009.68 11 
823.435 11 
793.497 11 
1124.02 11 
1014.53 11 
965.712 11 
871.835 11 
918.191 11 
725.737 11 
1001.77 11 
928.407 11 
943.144 11 
947.338 11 
705.691 11 
1424.78 11 
1030.54 11 
998.398 11 
1354.66 11 
930.177 11 
665.609 11 
1207.8 11 
870.599 11 
1077.29 11 
693.45 11 
968.374 11 
989.019 11 
935.287 11 
575.883 11 
869.102 11 
1101.28 11 
836.388 11 
653.095 11 
839.105 11 
711.659 11 
572.257 11 
1018.48 11 
814.955 11 
654.65 11 
1047.66 11 
735.736 11 
840.737 11 
933.122 11 
1065.23 11 
1120.83 11 
567.435 11 
820.753 11 
937.367 11 
1130.43 11 
737.231 11 
752.867 11 
996.815 11 
519.51 11 
1221.29 11 
787.566 11 
932.664 11 
1088.87 11 
705.487 11 
999.611 11 
671.577 11 
962.271 11 
625.03 11 
1116.79 11 
1002 11 
596.392 11 
574.048 11 
883.119 11 
471.376 11 
636.786 11 
750.349 11 
880.983 11 
1039.34 11 
809.547 11 
871.345 11 
1301.89 11 
744.622 11 
1000.8 11 
1017.04 11 
459.673 11 
197.7 11 
863.182 11 
912.836 11 
861.844 11 
1106.77 11 
738.151 11 
760.951 11 
1007.81 11 
928.372 11 
904.832 11 
1025.08 11 
1228.76 11 
682.829 11 
993.565 11 
1048.28 11 
1089.85 11 
889.543 11 
1300.4 11 
794.658 11 
843.997 11 
723.215 11 
1007.88 11 
853.178 11 
928.926 11 
740.593 11 
1005.99 11 
664.421 11 
879.936 11 
1097.72 11 
991.352 11 
1152.19 11 
834.974 11 
639.584 11 
798.826 11 
918.017 11 
817.817 11 
814.138 11 
1249.68 11 
975.801 11 
1043.51 11 
837.095 11 
914.592 11 
978.653 11 
1010.17 11 
901.005 11 
874.053 11 
1001.4 11 
849.76 11 
970.607 11 
1053.89 11 
1042.23 11 
1089.96 11 
1032.74 11 
1004.78 11 
813.447 11 
354.708 11 
1064.57 11 
685.263 11 
958.259 11 
985.124 11 
758.606 11 
880.446 11 
1105.17 11 
1041.23 11 
751.01 11 
802.194 11 
1018.57 11 
1036.89 11 
1003.53 11 
655.217 11 
777.307 11 
854.262 11 
1149.46 11 
1062.92 11 
857.071 11 
921.553 11 
1095.36 11 
470.062 11 
1035.36 11 
690.024 11 
986.585 11 
945.612 11 
1038.99 11 
454.91 11 
833.146 11 
923.639 11 
772.675 11 
1076.6 11 
616.454 11 
1208.26 11 
850.689 11 
1019.26 11 
976.85 11 
1262.18 11 
882.023 11 
1438.45 11 
958.091 11 
437.514 11 
958.518 11 
913.839 11 
927.768 11 
947.136 11 
979.996 11 
616.51 11 
1068.9 11 
951.548 11 
946.219 11 
1032.88 11 
969.829 11 
999.689 11 
1279.07 11 
907.374 11 
934.933 11 
528.564 11 
581.024 11 
881.011 11 
946.805 11 
584.681 11 
692.948 11 
882.14 11 
573.885 11 
934.688 11 
777.745 11 
747.866 11 
918.301 11 
769.673 11 
1498.56 11 
601.184 11 
854.736 11 
824.937 11 
712.656 11 
1022.46 11 
982.97 11 
558.077 11 
748.904 11 
958.054 11 
823.297 11 
881.279 11 
1017.35 11 
1006.48 11 
1081.44 11 
1107.4 11 
556.206 11 
987.86 11 
985.189 11 
1144.72 11 
1200.9 11 
1075.67 11 
981.111 11 
1069.68 11 
1047.23 11 
882.959 11 
936.43 11 
874.028 11 
946.652 11 
625.173 11 
1053.69 11 
1017.32 11 
674.659 11 
934.146 11 
894.426 11 
1126.01 11 
957.545 11 
713.498 11 
914.636 11 
929.845 11 
970.837 11 
904.82 11 
628.306 11 
505.716 11 
794.418 11 
953.482 11 
459.894 11 
1156.56 11 
930.198 11 
664.237 11 
964.066 11 
851.303 11 
749.783 11 
975.459 11 
691.686 11 
494.518 11 
873.409 11 
788.688 11 
638.594 11 
1004.48 11 
1043.18 11 
1006.91 11 
801.824 11 
969.426 11 
1080.44 11 
560.809 11 
1098.36 11 
913.373 11 
845.131 11 
1130.47 11 
880.565 11 
874.291 11 
812.124 11 
859.386 11 
892.022 11 
1077.09 11 
813.542 11 
451.652 11 
695.345 11 
988.376 11 
906.312 11 
870.167 11 
821.877 11 
997.818 11 
1023.8 11 
910.353 11 
803.054 11 
827.393 11 
985.239 11 
978.283 11 
893.726 11 
942.486 11 
1117.58 11 
477.787 11 
1092.12 11 
1062.24 11 
712.237 11 
821.992 11 
656.138 11 
789.621 11 
662.344 11 
967.002 11 
973.78 11 
738.536 11 
550.426 11 
1067.77 11 
1046.38 11 
526.865 11 
808.953 11 
1030.13 11 
937.154 11 
1135.75 11 
1004.04 11 
956.866 11 
874.97 11 
958.219 11 
954.054 11 
548.402 11 
1044.65 11 
1114.15 11 
718.891 11 
702.196 11 
853.831 11 
1086.63 11 
911.131 11 
577.887 11 
664.522 11 
714.598 11 
1135.29 11 
1182.83 11 
909.272 11 
996.896 11 
888.544 11 
970.552 11 
983.1 11 
787.89 11 
1033.98 11 
699.525 11 
639.804 11 
824.126 11 
991.058 11 
510.054 11 
410.315 11 
890.193 11 
991.193 11 
965.528 11 
1025.88 11 
815.338 11 
193.903 11 
960.444 11 
741.262 11 
1086.94 11 
898.963 11 
1236.79 11 
939.997 11 
1008.94 11 
918.402 11 
1031.31 11 
1113.15 11 
669.446 11 
895.158 11 
571.861 11 
702.323 11 
1032.39 11 
923.254 11 
852.632 11 
1027.13 11 
850.218 11 
1290.86 11 
1016.38 11 
681.203 11 
923.967 11 
860.469 11 
1005.54 11 
957.142 11 
914.121 11 
1055.46 11 
1062.57 11 
742.048 11 
1177.26 11 
448.213 11 
1013.34 11 
951.082 11 
697.29 11 
807.855 11 
835.794 11 
1142.35 11 
925.362 11 
1051.34 11 
817.951 11 
1172.22 11 
989.278 11 
537.71 11 
900.837 11 
982.996 11 
1002.94 11 
849.831 11 
1032.21 11 
1072.13 11 
1088.18 11 
932.716 11 
1190.76 11 
790.596 11 
1241.17 11 
998.822 11 
968.084 11 
884.089 11 
962.172 11 
748.884 11 
961.513 11 
504.864 11 
953.116 11 
987.435 11 
1083.27 11 
1066.27 11 
904.762 11 
1036.2 11 
872.188 11 
712.367 11 
1021.6 11 
881.505 11 
973.992 11 
760.896 11 
913.783 11 
758.05 11 
792.483 11 
964.751 11 
890.795 11 
1047.29 11 
947.124 11 
422.508 11 
783.811 11 
987.482 11 
901.277 11 
1065.38 11 
631.892 11 
999.776 11 
947.507 11 
520.077 11 
544.549 11 
997.752 11 
744.106 11 
947.158 11 
973.74 11 
890.345 11 
952.518 11 
624.798 11 
1130.16 11 
819.575 11 
980.63 11 
1351.79 11 
976.162 11 
1230.18 11 
700.174 11 
865.43 11 
674.909 11 
934.858 11 
1014.66 11 
1101.65 11 
969.338 11 
966.685 11 
1065.08 11 
845.8 11 
1001.43 11 
785.439 11 
1143.47 11 
989.601 11 
1075.79 11 
759.238 11 
835.452 11 
1291.93 11 
955.391 11 
591.376 11 
1008.72 11 
1153 11 
942.274 11 
963.604 11 
967.198 11 
665.013 11 
991.585 11 
810.909 11 
1142.56 11 
836.369 11 
752.65 11 
944.665 11 
881.598 11 
658.127 11 
444.218 11 
754.442 11 
1190.56 11 
985.633 11 
898.004 11 
998.96 11 
1118.6 11 
523.737 11 
977.294 11 
427.266 11 
872.727 11 
828.295 11 
971.736 11 
831.423 11 
1082.39 11 
1021.9 11 
885.961 11 
907.645 11 
807.979 11 
664.482 11 
881.269 11 
1033.56 11 
933.293 11 
617.851 11 
897.209 11 
626.974 11 
883.287 11 
1028.69 11 
416.713 11 
883.452 11 
953.804 11 
872.641 11 
713.257 11 
1098.33 11 
970.622 11 
973.092 11 
881.909 11 
971.634 11 
1262.59 11 
885.017 11 
838.555 11 
873.365 11 
972.717 11 
1382.32 11 
1132.47 11 
1073.67 11 
956.301 11 
826.976 11 
829.998 11 
794.469 11 
929.621 11 
1057.17 11 
982.761 11 
782.484 11 
916.161 11 
1096.49 11 
827.875 11 
777.739 11 
864.834 11 
820.47 11 
895.231 11 
628.837 11 
636.172 11 
907.199 11 
948.702 11 
1074.47 11 
751.213 11 
730.328 11 
1094.51 11 
1024.87 11 
1062.69 11 
901.9 11 
1085.27 11 
744.599 11 
916.914 11 
950.407 11 
697.448 11 
934.062 11 
723.067 11 
908.316 11 
1058.89 11 
1161.82 11 
907.83 11 
921.92 11 
456.332 11 
914.666 11 
864.211 11 
701.942 11 
410.237 11 
955.347 11 
674.147 11 
1366.29 11 
593.527 11 
426.039 11 
958.99 11 
970.364 11 
954.251 11 
627.036 11 
1304.68 11 
973.235 11 
1041.74 11 
791.445 11 
841.635 11 
916.449 11 
1003.89 11 
1161.29 11 
883.018 11 
721.333 11 
565.531 11 
1025.64 11 
743.494 11 
971.271 11 
566.606 11 
804.878 11 
1062.78 11 
892.031 11 
654.501 11 
973.388 11 
801.339 11 
897.322 11 
1220.26 11 
946.901 11 
1009.46 11 
886.211 11 
802.801 11 
1303.63 11 
416.139 11 
1053.61 11 
779.682 11 
663.269 11 
925.602 11 
1070.49 11 
700.406 11 
1004.73 11 
684.71 11 
780.945 11 
1080.22 11 
822.067 11 
940.428 11 
1135.47 11 
1100.69 11 
1079.63 11 
835.778 11 
585.659 11 
932.603 11 
918.71 11 
960.007 11 
662.396 11 
924.677 11 
1058.18 11 
856.059 11 
833.3 11 
552.538 11 
943.987 11 
592.221 11 
1010.85 11 
880.848 11 
1006.72 11 
979.423 11 
765.478 11 
1306.87 11 
1008.17 11 
674.385 11 
1032.76 11 
672.952 11 
963.551 11 
870.179 11 
1148.53 11 
1139.19 11 
936.699 11 
1145.23 11 
993.446 11 
1104.84 11 
950.477 11 
492.001 11 
952.385 11 
845.942 11 
1038.39 11 
825.9 11 
1000.14 11 
958.55 11 
532.668 11 
834.49 11 
874.848 11 
900.13 11 
884.45 11 
988.902 11 
944.976 11 
900.566 11 
917.266 11 
883.171 11 
1092.72 11 
895.578 11 
960.281 11 
885.316 11 
795.896 11 
1188.66 11 
1120.78 11 
640.781 11 
1066.85 11 
982.439 11 
740.929 11 
786.365 11 
1085.34 11 
666.776 11 
820.637 11 
991.924 11 
1007.64 11 
958.205 11 
983.607 11 
1043.32 11 
988.239 11 
915.09 11 
1019.24 11 
636.728 11 
1092.67 11 
507.018 11 
948.903 11 
770.384 11 
815.352 11 
1047.59 11 
1021.78 11 
699.434 11 
969.313 11 
917.362 11 
982.702 11 
904.248 11 
991.605 11 
817.248 11 
900.494 11 
728.353 11 
598.831 11 
996.22 11 
749.307 11 
900.009 11 
257.22 11 
1122.97 11 
1037.58 11 
701.809 11 
674.549 11 
766.051 11 
665.561 11 
1000.16 11 
831.537 11 
1016.65 11 
1258.81 11 
937.48 11 
861.087 11 
479.425 11 
898.26 11 
915.362 11 
979.757 11 
1020.3 11 
1017.13 11 
789.82 11 
1060.25 11 
896.856 11 
655.999 11 
435.826 11 
903.156 11 
889.691 11 
516.289 11 
716.247 11 
824.843 11 
625.43 11 
917.854 11 
1083.21 11 
1012.66 11 
615.369 11 
848.605 11 
997.025 11 
943.725 11 
913.718 11 
944.826 11 
779.472 11 
1032.98 11 
1129.73 11 
1027.42 11 
1017.24 11 
351.079 11 
986.693 11 
1023.97 11 
1018.11 11 
754.656 11 
1512.27 11 
1017.81 11 
811.076 11 
1175.64 11 
1020.54 11 
1006.04 11 
813.272 11 
1008.66 11 
1257.1 11 
1147.41 11 
843.685 11 
969.286 11 
736.295 11 
1006.84 11 
1067.98 11 
789.86 11 
969.048 11 
933.898 11 
970.238 11 
481.157 11 
369.784 11 
812.395 11 
633.793 11 
985.019 11 
883.719 11 
723.065 11 
1008.9 11 
620.934 11 
1000.16 11 
856.821 11 
1153.99 11 
1067.08 11 
813.976 11 
945.92 11 
782.224 11 
1078.04 11 
990.368 11 
1155.08 11 
968.811 11 
1048.12 11 
925.665 11 
1142.42 11 
552.802 11 
870.427 11 
982.512 11 
1005.17 11 
619.215 11 
818.616 11 
822.721 11 
1025.27 11 
723.173 11 
946.819 11 
1080.62 11 
898.385 11 
994.503 11 
1087.7 11 
724.322 11 
880.381 11 
820.05 11 
677.339 11 
668.297 11 
842.928 11 
817.146 11 
991.097 11 
952.335 11 
1061.71 11 
941.657 11 
933.386 11 
1181.14 11 
957.197 11 
685.089 11 
1043.97 11 
1016.57 11 
853.36 11 
994.774 11 
1056.29 11 
869.546 11 
899.13 11 
1132.6 11 
861.965 11 
1037.31 11 
911.301 11 
1029.24 11 
1078.43 11 
445.364 11 
1115.63 11 
1195.32 11 
887.08 11 
917.198 11 
901.668 11 
1007.34 11 
846.508 11 
566.49 11 
1086.84 11 
921.633 11 
1117.49 11 
854.3 11 
1044.59 11 
923.748 11 
1119.05 11 
897.761 11 
971.671 11 
951.976 11 
1020.29 11 
1005.44 11 
492.043 11 
959.656 11 
821.525 11 
974.688 11 
1027.62 11 
883.698 11 
648.677 11 
818.048 11 
918.589 11 
781.939 11 
918.123 11 
894.407 11 
848.601 11 
846.89 11 
1087.36 11 
880.02 11 
999.974 11 
1106.78 11 
963.63 11 
1088.53 11 
703.81 11 
778.446 11 
1051.14 11 
939.956 11 
436.363 11 
1129.34 11 
653.71 11 
1022.3 11 
848.965 11 
814.933 11 
902.287 11 
1127.98 11 
576.059 11 
936.016 11 
697.576 11 
1025.58 11 
1026.26 11 
845.246 11 
433.575 11 
980.014 11 
1019.84 11 
798.088 11 
994.12 11 
885.857 11 
1082.34 11 
988.625 11 
1009.97 11 
1068.95 11 
864.344 11 
814.903 11 
991.587 11 
1122.8 11 
993.676 11 
594.44 11 
1000.59 11 
824.833 11 
899.658 11 
983.579 11 
943.985 11 
541.549 11 
749.862 11 
1037.36 11 
548.257 11 
848.076 11 
990.218 11 
739.332 11 
881.951 11 
765.855 11 
834.091 11 
1061.4 11 
610.964 11 
636.099 11 
965.821 11 
929.575 11 
964.859 11 
782.175 11 
910.231 11 
804.721 11 
966.334 11 
981.656 11 
1136.19 11 
967.069 11 
1098.75 11 
1036.1 11 
866.274 11 
968.98 11 
1084.13 11 
613.07 11 
1071.74 11 
1109.65 11 
743.964 11 
744.711 11 
923.174 11 
1068.25 11 
1198.43 11 
828.742 11 
805.284 11 
989.222 11 
914.979 11 
920.195 11 
976.754 11 
735.203 11 
493.197 11 
727.359 11 
1016.19 11 
974.449 11 
1076.62 11 
897.335 11 
857.253 11 
980.579 11 
551.449 11 
1183.56 11 
1012.52 11 
745.802 11 
782.303 11 
1010.87 11 
640.05 11 
1050.49 11 
1001.19 11 
942.357 11 
630.111 11 
955.978 11 
929.461 11 
851.416 11 
1239.71 11 
1095.22 11 
1014.73 11 
644.082 11 
1009.34 11 
1040.29 11 
981.679 11 
1155.16 11 
956.367 11 
691.095 11 
667.257 11 
799.915 11 
586.94 11 
772.524 11 
627.635 11 
1031.56 11 
815.689 11 
808.015 11 
1129.01 11 
933.477 11 
1182.39 11 
599.336 11 
889.755 11 
1022.37 11 
1073.04 11 
1025.95 11 
1151.83 11 
996.495 11 
831.223 11 
911.95 11 
987.885 11 
995.378 11 
819.256 11 
1458.89 11 
982.028 11 
894.34 11 
511.245 11 
1050.55 11 
989.157 11 
1029.05 11 
926.274 11 
844.567 11 
1059.56 11 
1033.3 11 
651.964 11 
1035.76 11 
613.223 11 
1825.22 11 
929.097 11 
1043.43 11 
548.291 11 
763.865 11 
921.433 11 
776.914 11 
534.078 11 
877.26 11 
773.75 11 
643.041 11 
1141.49 11 
1052.66 11 
895.905 11 
838.917 11 
1061.47 11 
1107.42 11 
613.62 11 
969.94 11 
921.703 11 
819.718 11 
458.648 11 
1064.33 11 
960.459 11 
1019.26 11 
1100.06 11 
429.041 11 
1109.88 11 
524.332 11 
738.437 11 
979.157 11 
1072.03 11 
951.138 11 
660.771 11 
886.983 11 
913.888 11 
677.949 11 
1009.3 11 
961.101 11 
647.172 11 
1104.46 11 
1104.84 11 
917.052 11 
700.128 11 
919.042 11 
675.103 11 
1034.05 11 
983.082 11 
950.438 11 
1012.96 11 
887.074 11 
1002.54 11 
649.956 11 
810.494 11 
1061.07 11 
1020.57 11 
1045.27 11 
636.707 11 
1070.91 11 
1124.03 11 
730.126 11 
1036.89 11 
997.544 11 
851.207 11 
758.094 11 
295.314 11 
565.463 11 
935.633 11 
498.384 11 
1146.98 11 
567.063 11 
896.007 11 
1015.19 11 
761.753 11 
817.774 11 
914.926 11 
974.283 11 
785.094 11 
1048.81 11 
1052.17 11 
910.289 11 
812.003 11 
1150.43 11 
929.366 11 
1313.88 11 
1062.31 11 
532.584 11 
776.997 11 
1016.74 11 
1136.37 11 
581.696 11 
751.38 11 
1129.34 11 
790.323 11 
961.031 11 
1129.43 11 
1058.83 11 
1145.81 11 
796.157 11 
926.746 11 
935.208 11 
675.383 11 
401.504 11 
1122.14 11 
950.292 11 
917.721 11 
526.439 11 
943.892 11 
897.56 11 
950.684 11 
374.544 11 
672.119 11 
955.552 11 
1050.97 11 
918.858 11 
1001.16 11 
959.528 11 
770.607 11 
987.343 11 
879.603 11 
985.037 11 
1021.03 11 
883.397 11 
817.157 11 
794.494 11 
868.563 11 
1289.85 11 
809.433 11 
635.862 11 
663.868 11 
954.2 11 
997.385 11 
482.456 11 
1096.54 11 
1098.47 11 
917.007 11 
848.553 11 
1003.69 11 
517.418 11 
960.762 11 
1007.64 11 
971.251 11 
1053.24 11 
1023.88 11 
928.256 11 
833.211 11 
663.712 11 
727.944 11 
950.172 11 
635.634 11 
936.486 11 
862.538 11 
735.04 11 
940.122 11 
859.463 11 
998.981 11 
90.3777 11 
1100.79 11 
918.321 11 
881.495 11 
643.238 11 
939.334 11 
723.832 11 
952.535 11 
971.403 11 
685.866 11 
1032.07 11 
1071.66 11 
633.172 11 
774.141 11 
977.177 11 
1011.24 11 
726.043 11 
1059.4 11 
713.512 11 
751.548 11 
1076.48 11 
537.078 11 
1086.01 11 
1039.54 11 
1029.95 11 
1154.01 11 
991.363 11 
1039.15 11 
946.529 11 
729.218 11 
931.607 11 
958.929 11 
934.313 11 
1139.24 11 
976.69 11 
1215.65 11 
852.033 11 
887.774 11 
1425.68 11 
994.627 11 
901.63 11 
898.76 11 
1051.02 11 
867.583 11 
1117.23 11 
925.372 11 
1032.68 11 
705.868 11 
1078.17 11 
703.204 11 
946.304 11 
781.599 11 
923.496 11 
928.21 11 
926.132 11 
505.507 11 
472.084 11 
772.389 11 
908.809 11 
722.849 11 
672.93 11 
1113.1 11 
980.329 11 
473.49 11 
850.679 11 
1000.91 11 
953.315 11 
1309.19 11 
775.793 11 
1323.17 11 
705.937 11 
975.264 11 
680.496 11 
610.178 11 
831.024 11 
766.485 11 
705.678 11 
467.13 11 
968.542 11 
901.635 11 
692.363 11 
609.307 11 
843.68 11 
715.904 11 
980.374 11 
968.545 11 
896.4 11 
701.694 11 
931.674 11 
1090.67 11 
686.984 11 
813.361 11 
1121.37 11 
1040.14 11 
937.607 11 
576.24 11 
993.312 11 
922.696 11 
970.36 11 
1014.94 11 
950.271 11 
1040.55 11 
613.455 11 
1041.61 11 
686.898 11 
1100.85 11 
871.317 11 
593.524 11 
911.043 11 
922.201 11 
1009.5 11 
919.117 11 
713.952 11 
1021.79 11 
1027.35 11 
969.437 11 
826.961 11 
1089.75 11 
628.876 11 
788.338 11 
725.011 11 
975.369 11 
976.857 11 
820.388 11 
660.208 11 
939.328 11 
454.265 11 
1128.3 11 
1214.85 11 
504.913 11 
990.639 11 
839.329 11 
885.978 11 
615.363 11 
809.424 11 
991.935 11 
973.972 11 
1082.62 11 
983.256 11 
1130.33 11 
997.835 11 
1039.8 11 
665.713 11 
1091.39 11 
879.99 11 
939.343 11 
952.764 11 
791.175 11 
1078.66 11 
878.15 11 
903.253 11 
869.465 11 
709.098 11 
787.214 11 
971.922 11 
1010.12 11 
884.034 11 
1002.53 11 
883.36 11 
726.239 11 
898.24 11 
1017.11 11 
669.718 11 
833.473 11 
869.04 11 
781.741 11 
897.662 11 
956.741 11 
776.201 11 
1039.44 11 
925.951 11 
1055.01 11 
692.712 11 
591.804 11 
506.334 11 
1130.07 11 
1001.62 11 
863.901 11 
811.365 11 
848.759 11 
679.374 11 
968.339 11 
506.215 11 
625.258 11 
926.74 11 
960.706 11 
1118.77 11 
919.336 11 
488.462 11 
1026.12 11 
1158.05 11 
1051.14 11 
1049.28 11 
965.828 11 
954.719 11 
967.713 11 
916.721 11 
539.217 11 
643.305 11 
740.466 11 
924.85 11 
1013.73 11 
890.323 11 
982.209 11 
1032.95 11 
878.49 11 
921.115 11 
1124.51 11 
1541.01 11 
975.543 11 
1175.63 11 
871.314 11 
1046.11 11 
953.902 11 
908.555 11 
1068.15 11 
1124.26 11 
775.365 11 
716.089 11 
710.632 11 
823.984 11 
740.51 11 
609.172 11 
1275.65 11 
899.899 11 
738.023 11 
975.6 11 
876.326 11 
591.526 11 
858.797 11 
915.435 11 
865.06 11 
1083.07 11 
1005.39 11 
652.087 11 
815.931 11 
1060.31 11 
785.448 11 
913.056 11 
855.139 11 
1012.41 11 
1093 11 
900.753 11 
802.896 11 
921.535 11 
804.304 11 
886.82 11 
911.765 11 
922.161 11 
966.486 11 
819.189 11 
397.014 11 
509.295 11 
617.532 11 
1045.94 11 
661.732 11 
887.067 11 
883.119 11 
990.719 11 
1117.32 11 
940.88 11 
878.204 11 
638.956 11 
526.253 11 
770.811 11 
757.702 11 
975.592 11 
1118.68 11 
925.136 11 
621.242 11 
474.111 11 
878.524 11 
998.14 11 
1033.48 11 
678.113 11 
762.448 11 
926.247 11 
1072.94 11 
883.732 11 
923.793 11 
515.999 11 
733.731 11 
936.609 11 
861.308 11 
923.258 11 
819.722 11 
1022.85 11 
815.44 11 
884.629 11 
966.23 11 
892.995 11 
960.912 11 
930.925 11 
875.049 11 
1104.28 11 
379.513 11 
1000.66 11 
848.259 11 
1137.47 11 
695.104 11 
921.306 11 
647.382 11 
966.572 11 
812.283 11 
940.329 11 
921.048 11 
793.541 11 
937.102 11 
995.316 11 
1216.18 11 
660.807 11 
955.917 11 
1113.81 11 
1253.15 11 
1006.76 11 
929.428 11 
903.694 11 
486.953 11 
997.213 11 
945.168 11 
1244.45 11 
677.801 11 
753.169 11 
811.989 11 
905.652 11 
992.999 11 
474.785 11 
1124.77 11 
1142.61 11 
960.23 11 
748.197 11 
627.936 11 
834.062 11 
1049.97 11 
865.891 11 
839.631 11 
499.829 11 
884.105 11 
1055.49 11 
1209.03 11 
741.423 11 
800.427 11 
724.77 11 
789.135 11 
1293.12 11 
1024.47 11 
1034.12 11 
967.528 11 
925.803 11 
1035.51 11 
959.448 11 
782.142 11 
856.452 11 
532.512 11 
938.301 11 
871.485 11 
1163.88 11 
1083.88 11 
623.543 11 
673.476 11 
912.115 11 
1112.15 11 
751.618 11 
827.83 11 
1065.05 11 
809.706 11 
497.31 11 
805.495 11 
759.378 11 
641.641 11 
728.498 11 
1098.98 11 
1227.09 11 
1022.09 11 
938.713 11 
976.019 11 
562.995 11 
927.211 11 
998.482 11 
1079.09 11 
1042.71 11 
1004.52 11 
898.517 11 
1012.23 11 
968.973 11 
428.43 11 
739.232 11 
983.208 11 
693.594 11 
827.61 11 
490.633 11 
901.161 11 
980.618 11 
1088.72 11 
1066.68 11 
926.502 11 
1175.96 11 
811.344 11 
790.685 11 
685.996 11 
1015.33 11 
954.133 11 
623.568 11 
859.756 11 
1023.69 11 
1154.14 11 
798.413 11 
738.695 11 
959.321 11 
1025.73 11 
922.52 11 
1126.08 11 
614.175 11 
977.012 11 
1025.52 11 
800.064 11 
691.674 11 
603.862 11 
887.81 11 
1461.09 11 
865.816 11 
810.805 11 
1099.96 11 
1051.71 11 
933.626 11 
1127.11 11 
614.303 11 
947.34 11 
530.862 11 
822.015 11 
951.932 11 
980.892 11 
625.992 11 
930.411 11 
729.332 11 
930.017 11 
890.829 11 
863 11 
964.143 11 
795.514 11 
580.989 11 
849.712 11 
961.334 11 
934.227 11 
584.604 11 
908.006 11 
868.773 11 
965.753 11 
902.312 11 
891.807 11 
974.793 11 
769.148 11 
700.408 11 
724.495 11 
989.391 11 
932.753 11 
856.745 11 
771.739 11 
1027.9 11 
1454.5 11 
728.805 11 
667.086 11 
836.969 11 
875.001 11 
880.637 11 
909.098 11 
1012.57 11 
933.449 11 
892.793 11 
787.738 11 
927.178 11 
512.531 11 
978.267 11 
762.703 11 
1090.22 11 
751.492 11 
1044.83 11 
950.264 11 
869.015 11 
1000.05 11 
942.239 11 
962.097 11 
961.03 11 
754.4 11 
739.217 11 
883.372 11 
782.598 11 
1088.49 11 
816.827 11 
918.918 11 
756.174 11 
846.814 11 
634.973 11 
986.332 11 
739.084 11 
837.352 11 
1003.93 11 
883.701 11 
1130.24 11 
951.046 11 
858.534 11 
861.786 11 
698.715 11 
744.443 11 
1042.59 11 
849.547 11 
740.74 11 
1114.94 11 
981.736 11 
975.966 11 
901.305 11 
895.311 11 
766.595 11 
1243.89 11 
978.066 11 
1003.09 11 
964.697 11 
882.043 11 
1211.24 11 
1203.16 11 
601.937 11 
1026.68 11 
722.036 11 
1150.54 11 
845.706 11 
1031.56 11 
1094.76 11 
887.917 11 
724.817 11 
863.109 11 
886.467 11 
1035.26 11 
1344.27 11 
799.464 11 
600.874 11 
522.672 11 
985.957 11 
987.764 11 
1044.71 11 
937.937 11 
877.501 11 
801.579 11 
599.88 11 
755.728 11 
638.807 11 
969.234 11 
652.149 11 
1110.64 11 
959.644 11 
1050.46 11 
680.154 11 
932.475 11 
783.633 11 
1097.9 11 
794.364 11 
552.728 11 
900.911 11 
931.58 11 
734.41 11 
643.7 11 
484.535 11 
683.299 11 
1131.09 11 
725.022 11 
889.876 11 
896.411 11 
494.951 11 
1050.44 11 
967.073 11 
813.396 11 
607.322 11 
877.811 11 
941.584 11 
975.056 11 
455.661 11 
1024.58 11 
1074.83 11 
854.174 11 
978.531 11 
1099 11 
766.116 11 
927.381 11 
407.978 11 
711.804 11 
975.599 11 
1027.28 11 
508.378 11 
718.881 13 
512.498 13 
512.07 13 
1004.64 13 
834.461 13 
1146.57 13 
645.395 13 
1095.04 13 
779.771 13 
1008.59 13 
884.111 13 
621.259 13 
992.45 13 
1023.41 13 
599.484 13 
892.389 13 
929.201 13 
713.159 13 
877.524 13 
1011.72 13 
608.925 13 
749.945 13 
888.672 13 
1160.13 13 
975.227 13 
694.148 13 
417.685 13 
894.713 13 
764.232 13 
1212.08 13 
867.655 13 
1097.34 13 
817.579 13 
991.698 13 
774.093 13 
1164.64 13 
518.883 13 
748.503 13 
1047.41 13 
1072.24 13 
1201.73 13 
989.119 13 
983.603 13 
976.267 13 
744.669 13 
964.064 13 
1187.36 13 
1075.69 13 
1072.9 13 
1051.79 13 
926.457 13 
944.572 13 
689.269 13 
989.614 13 
767.387 13 
985.732 13 
955.374 13 
1002.97 13 
1036.13 13 
717.781 13 
916.233 13 
457.326 13 
710.685 13 
909.354 13 
966.416 13 
615.853 13 
1032.51 13 
841.352 13 
1121.18 13 
969.253 13 
899.899 13 
957.551 13 
1031.18 13 
861.328 13 
931.273 13 
1218.73 13 
1014.92 13 
1311.68 13 
1024.96 13 
1009.8 13 
710.07 13 
1690.64 13 
1080.54 13 
1028.51 13 
578.257 13 
779.012 13 
615.088 13 
923.346 13 
533.766 13 
1552.89 13 
805.241 13 
1001.32 13 
953.376 13 
1051.77 13 
779.526 13 
1048.19 13 
852.158 13 
1380.13 13 
1043.16 13 
669.39 13 
813.494 13 
477.611 13 
547.381 13 
833.622 13 
1133.99 13 
903.211 13 
1011.2 13 
902.918 13 
898.358 13 
790.987 13 
897.083 13 
885.649 13 
626.609 13 
818.782 13 
556.873 13 
1187.6 13 
940.41 13 
1036.66 13 
735.87 13 
1081.2 13 
1246.74 13 
1099.04 13 
891.895 13 
950.528 13 
1112.51 13 
1101.04 13 
977.258 13 
923.106 13 
1233.43 13 
910.113 13 
931.704 13 
794.622 13 
386.762 13 
927.623 13 
969.953 13 
861.018 13 
952.878 13 
977.327 13 
1073.09 13 
1035.33 13 
761.071 13 
763.197 13 
515.61 13 
920.48 13 
1079.1 13 
811.028 13 
729.029 13 
837.209 13 
991.35 13 
631.359 13 
964.579 13 
984.506 13 
912.912 13 
652.66 13 
944.776 13 
990.202 13 
566.155 13 
791.854 13 
913.763 13 
897.127 13 
648.552 13 
875.051 13 
1002.63 13 
1115.67 13 
940.909 13 
895.508 13 
861.485 13 
670.473 13 
1127.6 13 
466.515 13 
810.183 13 
782.692 13 
1066.5 13 
1021.18 13 
1034.4 13 
801.553 13 
863.003 13 
1005.94 13 
615.219 13 
1010.45 13 
873.921 13 
894.24 13 
1055.22 13 
569.307 13 
970.751 13 
802.287 13 
1089.58 13 
777.958 13 
907.601 13 
1235.87 13 
1445.36 13 
535.468 13 
951.085 13 
970.462 13 
810.234 13 
954.812 13 
719.736 13 
843.405 13 
564.488 13 
1016.41 13 
969.495 13 
877.088 13 
1264.88 13 
907.494 13 
1139.75 13 
969.576 13 
940.53 13 
591.98 13 
977.929 13 
734.506 13 
896.12 13 
1006.68 13 
1127.6 13 
918.299 13 
780.181 13 
616.189 13 
820.121 13 
1009.84 13 
971.237 13 
835.248 13 
798.473 13 
1067.74 13 
869.6 13 
1105.68 13 
1022.92 13 
1225.01 13 
879.48 13 
992.351 13 
957.597 13 
1181.42 13 
1101.52 13 
796.803 13 
989.299 13 
1069.53 13 
1218.07 13 
1227.11 13 
776.367 13 
910.454 13 
995.675 13 
849.08 13 
660.081 13 
1006.45 13 
993.535 13 
917.428 13 
1015.08 13 
1611.06 13 
782.058 13 
989.73 13 
965.658 13 
740.069 13 
974.945 13 
886.397 13 
1196.45 13 
913.333 13 
876.936 13 
453.706 13 
882.536 13 
496.664 13 
982.56 13 
1035.31 13 
659.228 13 
478.126 13 
1030.25 13 
1090.34 13 
776.835 13 
955.44 13 
1065.62 13 
632.82 13 
790.992 13 
725.969 13 
584.154 13 
1041.42 13 
1051.38 13 
1361.35 13 
1276.83 13 
994.296 13 
819.465 13 
1090.05 13 
924.511 13 
911.677 13 
1059.18 13 
645.918 13 
760.75 13 
809.15 13 
1092.15 13 
1054.59 13 
1088.43 13 
1041.54 13 
690.986 13 
870.358 13 
500.763 13 
900.217 13 
914.151 13 
1017.09 13 
821.465 13 
991.491 13 
1006.12 13 
803.377 13 
1024.97 13 
588.052 13 
1031.77 13 
985.118 13 
872.389 13 
451.74 13 
758.987 13 
1029.58 13 
1021.99 13 
839.057 13 
1034.89 13 
1022.67 13 
1024.93 13 
869.813 13 
1119.03 13 
957.083 13 
977.461 13 
925.015 13 
1029.8 13 
983.414 13 
820.434 13 
1037.54 13 
645.916 13 
560.633 13 
1183.58 13 
608.693 13 
903.918 13 
947.742 13 
755.676 13 
893.331 13 
986.203 13 
591.395 13 
445.145 13 
830.122 13 
900.236 13 
910.35 13 
877.895 13 
757.377 13 
910.459 13 
404.377 13 
956.157 13 
762.08 13 
1199.57 13 
1168.21 13 
664.251 13 
928.684 13 
1033.09 13 
1016.59 13 
960.358 13 
945.071 13 
950.854 13 
875.179 13 
913.175 13 
1052.58 13 
971.729 13 
936.125 13 
538.092 13 
1075.34 13 
691.779 13 
897.318 13 
773.899 13 
1036.87 13 
1055.79 13 
688.097 13 
928.153 13 
993.696 13 
548.763 13 
853.461 13 
800.502 13 
956.629 13 
633.533 13 
1097.49 13 
1039.55 13 
1130.43 13 
882.098 13 
1094.28 13 
1014.26 13 
962.308 13 
958.946 13 
931.535 13 
1022.43 13 
793.49 13 
592.732 13 
958.954 13 
960.644 13 
645.506 13 
801.492 13 
796.521 13 
1069.69 13 
809.076 13 
800.232 13 
867.85 13 
939.167 13 
1146.88 13 
1118.34 13 
826.676 13 
744.847 13 
860.721 13 
847.457 13 
572.197 13 
831.983 13 
641.682 13 
1054.01 13 
970.922 13 
738.563 13 
667.381 13 
892.21 13 
493.76 13 
919.601 13 
613.173 13 
1070.2 13 
1110.16 13 
929.608 13 
972.778 13 
493.85 13 
1012.08 13 
901.031 13 
973.959 13 
887.07 13 
836.744 13 
1005.71 13 
961.993 13 
767.628 13 
803.382 13 
781.227 13 
871.675 13 
766.176 13 
1038.02 13 
1243.94 13 
973.571 13 
1058.69 13 
890.741 13 
912.608 13 
941.221 13 
1113.22 13 
972.822 13 
623.021 13 
827.849 13 
683.413 13 
1099.67 13 
904.286 13 
823.788 13 
875.443 13 
953.026 13 
684.02 13 
1008.31 13 
989.802 13 
760.938 13 
771.74 13 
446.693 13 
921.036 13 
1055.25 13 
708.053 13 
881.675 13 
979.481 13 
812.726 13 
1084.66 13 
568.12 13 
1197.91 13 
1016.87 13 
1000.92 13 
996.818 13 
796.593 13 
845.117 13 
922.755 13 
955.699 13 
1121.89 13 
1063.12 13 
1234.94 13 
951.957 13 
736.822 13 
1007.73 13 
946.872 13 
1011.06 13 
804.901 13 
627.798 13 
701.048 13 
1015.87 13 
712.065 13 
1309.69 13 
915.951 13 
841.683 13 
880.288 13 
1083.91 13 
1163.05 13 
912.801 13 
860.196 13 
924.26 13 
1520.57 13 
690.477 13 
646.307 13 
1049.39 13 
375.869 13 
1037.7 13 
908.273 13 
1007.49 13 
845.911 13 
866.004 13 
967.442 13 
1177.58 13 
1008.47 13 
1063.34 13 
629.257 13 
585.913 13 
1052.51 13 
1079.9 13 
1299.76 13 
1062.82 13 
757.337 13 
1073.38 13 
749.657 13 
947.113 13 
1033.18 13 
747.194 13 
812.706 13 
512.153 13 
927.047 13 
673.136 13 
676.633 13 
615.749 13 
1032.36 13 
823.12 13 
869.469 13 
937.512 13 
908.546 13 
854.838 13 
942.139 13 
1057.36 13 
980.107 13 
994.184 13 
591.681 13 
827.556 13 
1049.03 13 
872.792 13 
943.701 13 
708.143 13 
987.161 13 
482.788 13 
1009.1 13 
860.462 13 
540.378 13 
994.196 13 
958.097 13 
843.633 13 
914.323 13 
1025.63 13 
1049.54 13 
1026.51 13 
848.557 13 
795.704 13 
418.418 13 
834.206 13 
494.15 13 
1174.85 13 
817.577 13 
726.2 13 
966.534 13 
969.939 13 
980.87 13 
797.111 13 
973.015 13 
772.919 13 
969.126 13 
1050.95 13 
732.186 13 
999.383 13 
851.478 13 
682.131 13 
993.147 13 
907.757 13 
1191.29 13 
722.429 13 
898.702 13 
946.623 13 
821.214 13 
752.277 13 
931.973 13 
645.926 13 
978.664 13 
908.129 13 
832.201 13 
980.843 13 
604.239 13 
1116.41 13 
856.612 13 
377.082 13 
896.294 13 
1034.99 13 
872.394 13 
814.972 13 
465.817 13 
833.555 13 
1207.01 13 
1000.04 13 
886.045 13 
814.568 13 
878.535 13 
604.427 13 
736.41 13 
1023.48 13 
1430.17 13 
912.651 13 
1029.44 13 
1151.11 13 
603.159 13 
575.971 13 
833.652 13 
935.254 13 
464.161 13 
1083.73 13 
999.887 13 
1028.93 13 
1117.68 13 
763.813 13 
916.246 13 
1153.79 13 
1001.47 13 
1275.01 13 
834.825 13 
1780.13 13 
500.434 13 
904.921 13 
1094.18 13 
1016.55 13 
1049.36 13 
973.322 13 
899.472 13 
643.695 13 
564.961 13 
1084.58 13 
1015.36 13 
1033.49 13 
1002.62 13 
924.966 13 
838.73 13 
773.746 13 
1072.02 13 
910.759 13 
774.955 13 
922.82 13 
723.255 13 
789.239 13 
610.364 13 
1169.81 13 
854.108 13 
949.835 13 
1362.66 13 
487.585 13 
965.493 13 
735.396 13 
1024.31 13 
1050.06 13 
625.422 13 
1118.68 13 
842.388 13 
995.916 13 
917.241 13 
957.885 13 
652.425 13 
1091.03 13 
1010.96 13 
919.68 13 
898.717 13 
914.642 13 
887.687 13 
577.219 13 
1014.02 13 
1090.91 13 
869.678 13 
706.406 13 
727.751 13 
856.253 13 
1226.93 13 
821.695 13 
919.378 13 
1076.81 13 
710.747 13 
550.744 13 
907.248 13 
895.105 13 
685.888 13 
768.659 13 
942.776 13 
1031.54 13 
1046.4 13 
957.109 13 
869.225 13 
965.692 13 
440.284 13 
1028.03 13 
1026.07 13 
795.537 13 
781.512 13 
1022.33 13 
1019.67 13 
915.495 13 
527.552 13 
868.682 13 
1038.42 13 
723.149 13 
758.689 13 
824.629 13 
1161.45 13 
987.587 13 
889.16 13 
1008.43 13 
1117.87 13 
916.566 13 
1069.46 13 
967.743 13 
905.427 13 
817.873 13 
964.411 13 
385.45 13 
613.172 13 
962.467 13 
556.046 13 
898.208 13 
1063.56 13 
922.744 13 
933.014 13 
1023.88 13 
1051.7 13 
1036.37 13 
1056.77 13 
887.264 13 
768.556 13 
766.382 13 
637.445 13 
1012.15 13 
489.621 13 
719.749 13 
651.584 13 
938.316 13 
1003.16 13 
958.191 13 
577.985 13 
756.617 13 
761.155 13 
985.446 13 
933.094 13 
897.092 13 
1255.4 13 
1076.08 13 
1014.71 13 
908.111 13 
1123.62 13 
904.556 13 
704.429 13 
981.796 13 
779.416 13 
991.757 13 
920.901 13 
482.059 13 
806.603 13 
769.568 13 
1066.49 13 
1083.82 13 
944.501 13 
758.929 13 
933.777 13 
938.201 13 
580.49 13 
1029.2 13 
817.388 13 
1072.23 13 
805.4 13 
1158.56 13 
735.628 13 
949.749 13 
1005.12 13 
693.504 13 
837.745 13 
723.879 13 
980.03 13 
981.233 13 
908.013 13 
569.924 13 
673.592 13 
995.014 13 
1026.56 13 
869.688 13 
842.536 13 
639.859 13 
1014.28 13 
802.092 13 
725.346 13 
955.465 13 
868.202 13 
1049.99 13 
895.652 13 
1188.13 13 
1029.81 13 
965.048 13 
803.177 13 
1258.52 13 
938.065 13 
957.189 13 
1018.11 13 
897.826 13 
521.743 13 
724.181 13 
935.798 13 
1028.18 13 
1028.82 13 
665.563 13 
513.856 13 
1014.13 13 
741.026 13 
668.519 13 
1216.66 13 
576.317 13 
660.377 13 
1015.79 13 
1047.55 13 
1600.43 13 
840.246 13 
806.482 13 
948.997 13 
1005.65 13 
936.098 13 
1000.53 13 
835.097 13 
992.545 13 
695.863 13 
860.384 13 
731.374 13 
1070.87 13 
1062.94 13 
872.933 13 
1151.83 13 
978.249 13 
963.472 13 
687.986 13 
886.759 13 
861.878 13 
944.434 13 
1061.3 13 
848.128 13 
1024.35 13 
511.425 13 
783.817 13 
899.196 13 
726.142 13 
1187.28 13 
882.16 13 
711.297 13 
1201.69 13 
990.121 13 
1001.2 13 
493.347 13 
920.523 13 
866.974 13 
991.409 13 
916.405 13 
941.009 13 
1065.97 13 
1088.5 13 
701.399 13 
992.111 13 
567.665 13 
627.365 13 
911.999 13 
1184.44 13 
1085.4 13 
834.797 13 
955.255 13 
984.302 13 
856.068 13 
837.431 13 
940.061 13 
987.958 13 
844.235 13 
902.414 13 
906.453 13 
943.051 13 
987.004 13 
981.718 13 
1045.15 13 
852.717 13 
815.107 13 
955.599 13 
1094.94 13 
1244.01 13 
718.223 13 
1011.14 13 
739.505 13 
860.858 13 
974.644 13 
939.984 13 
574.125 13 
669.348 13 
1030.29 13 
892.582 13 
873.089 13 
947.341 13 
1048.86 13 
900.588 13 
1222.48 13 
981.493 13 
932.321 13 
771.351 13 
899.773 13 
954.716 13 
1001.47 13 
1133.16 13 
796.658 13 
1085.32 13 
1026.2 13 
536.797 13 
900.449 13 
1066.46 13 
965.966 13 
908.338 13 
968.894 13 
673.288 13 
1015.1 13 
1004.31 13 
519.603 13 
756.32 13 
532.567 13 
748.789 13 
483.395 13 
998.769 13 
771.859 13 
974.633 13 
874.281 13 
630.248 13 
969.252 13 
912.394 13 
783.573 13 
1101.68 13 
844.303 13 
470.14 13 
1047.95 13 
1139.57 13 
976.249 13 
524.229 13 
1062.78 13 
472.737 13 
998.503 13 
372.064 13 
894.293 13 
1146.98 13 
866.127 13 
953.54 13 
880.033 13 
806.683 13 
700.612 13 
883.455 13 
869.605 13 
1115.56 13 
873.296 13 
763.236 13 
711.395 13 
788.978 13 
1006.31 13 
1082.26 13 
1056.13 13 
974.582 13 
1105.35 13 
752.115 13 
886.139 13 
1090.44 13 
1131.33 13 
797.399 13 
1029.06 13 
945.733 13 
1054.15 13 
1093.58 13 
737.182 13 
1145.04 13 
751.47 13 
1030.86 13 
1122.2 13 
1011.6 13 
1038.66 13 
810.119 13 
766.931 13 
1042.71 13 
419.81 13 
849.905 13 
583.651 13 
1080.26 13 
997.285 13 
816.396 13 
1218.65 13 
844.625 13 
1087.29 13 
841.547 13 
1036.97 13 
1252.8 13 
1201.22 13 
883.458 13 
955.068 13 
1021.52 13 
697.447 13 
903.288 13 
485.263 13 
816.884 13 
487.889 13 
993.096 13 
898.93 13 
972.871 13 
978.378 13 
698.886 13 
845.369 13 
893.542 13 
919.054 13 
1057.7 13 
716.615 13 
1161.67 13 
924.701 13 
792.718 13 
862.002 13 
657.563 13 
936.273 13 
933.515 13 
743.789 13 
900.862 13 
871.413 13 
1113.32 13 
1165.51 13 
654.342 13 
891.04 13 
724.186 13 
936.057 13 
703.977 13 
1021.81 13 
1137.3 13 
892.753 13 
1032.91 13 
755.254 13 
992.724 13 
1162.86 13 
718.256 13 
854.258 13 
407.41 13 
1041.82 13 
1073.68 13 
981.867 13 
759.053 13 
737.96 13 
600.279 13 
983.983 13 
1204.15 13 
1025.75 13 
960.963 13 
497.623 13 
805.553 13 
1005.1 13 
909.658 13 
1118.84 13 
839.345 13 
538.504 13 
878.932 13 
1267.68 13 
1021.45 13 
718.211 13 
848.055 13 
685.516 13 
1064.6 13 
879.408 13 
342.366 13 
620.145 13 
892.601 13 
1011.51 13 
619.211 13 
918.297 13 
867.322 13 
674.583 13 
1093.79 13 
1069.76 13 
975.587 13 
783.307 13 
699.598 13 
915.16 13 
915.789 13 
819.427 13 
851.726 13 
1018.01 13 
1046.04 13 
898.356 13 
729.345 13 
955.106 13 
959.741 13 
1113.72 13 
973.913 13 
1242.75 13 
1099.74 13 
1496.49 13 
915.575 13 
494.56 13 
1016.38 13 
1005.27 13 
604.921 13 
795.045 13 
842.511 13 
1015.4 13 
877.257 13 
902.49 13 
881.071 13 
812.837 13 
840.32 13 
975.574 13 
750.08 13 
925.696 13 
970.88 13 
1029.82 13 
423.335 13 
943.434 13 
714.508 13 
679.127 13 
977.089 13 
707.914 13 
1070.22 13 
1121.67 13 
816.492 13 
793.421 13 
936.784 13 
704.044 13 
989.447 13 
853.698 13 
788.888 13 
897.726 13 
591.528 13 
801.619 13 
957.814 13 
995.827 13 
1139.52 13 
1067.18 13 
1244.17 13 
786.028 13 
906.912 13 
1059.95 13 
1354.33 13 
1011.52 13 
1320.05 13 
630.356 13 
495.067 13 
911.013 13 
912.827 13 
1025.45 13 
925.409 13 
532.622 13 
966.926 13 
701.556 13 
939.835 13 
1000.58 13 
894.153 13 
939.776 13 
606.983 13 
1076.62 13 
1105.73 13 
932.961 13 
641.557 13 
1205.84 13 
848.55 13 
573.397 13 
1061.36 13 
985.996 13 
1031.15 13 
844.986 13 
955.13 13 
1065.1 13 
944.64 13 
705.327 13 
982.374 13 
1219.94 13 
958.909 13 
976.025 13 
900.64 13 
1017.86 13 
635.359 13 
1145.38 13 
714.461 13 
1165.35 13 
877.596 13 
1032.48 13 
911.856 13 
600.955 13 
1062.64 13 
1042.38 13 
746.294 13 
822.62 13 
880.474 13 
865.442 13 
911.683 13 
583.063 13 
916.84 13 
829.254 13 
1008.37 13 
786.844 13 
676.159 13 
837.58 13 
721.462 13 
758.215 13 
868.935 13 
729.176 13 
1022.08 13 
1033.29 13 
985.628 13 
1057.15 13 
1058.2 13 
473.076 13 
1085.62 13 
997.642 13 
872.813 13 
927.588 13 
875.87 13 
1062.83 13 
841.14 13 
1017.52 13 
1063.15 13 
942.526 13 
733.646 13 
1006.58 13 
978.185 13 
767.604 13 
1108.63 13 
926.214 13 
759.653 13 
1009.13 13 
921.504 13 
963.455 13 
1008.56 13 
1019.16 13 
971.419 13 
559.657 13 
1054.08 13 
858.321 13 
1320.06 13 
975.132 13 
932.829 13 
941.598 13 
1058.41 13 
491.563 13 
1242.56 13 
1001.37 13 
1063.45 13 
977.909 13 
1083.96 13 
984.366 13 
857.324 13 
844.256 13 
1037.63 13 
1149.92 13 
981.864 13 
1198.06 13 
964.586 13 
828.194 13 
1013.68 13 
666.312 13 
936.097 13 
653.146 13 
1025.4 13 
1215.77 13 
947.716 13 
923.576 13 
953.895 13 
1010.66 13 
1099.94 13 
1013.78 13 
922.494 13 
868.8 13 
817.346 13 
917.339 13 
948.233 13 
957.721 13 
547.491 13 
1017.25 13 
769.424 13 
888.639 13 
897.825 13 
808.015 13 
1428.3 13 
1015.87 13 
623.323 13 
993.451 13 
663.985 13 
919.162 13 
899.045 13 
510.777 13 
895.12 13 
937.367 13 
899.481 13 
923.821 13 
720.834 13 
1115.87 13 
988.358 13 
1102.57 13 
1153.98 13 
936.95 13 
1532.79 13 
968.869 13 
1135.88 13 
486.181 13 
1040.46 13 
877.03 13 
972.261 13 
896.56 13 
983.573 13 
1081.65 13 
826.876 13 
544.272 13 
1199.57 13 
541.781 13 
880.003 13 
645.045 13 
874.211 13 
669.556 13 
1150.93 13 
654.434 13 
1054.38 13 
1035.66 13 
782.264 13 
911.24 13 
842.966 13 
782.548 13 
926.919 13 
973.037 13 
908.216 13 
579.283 13 
1023.24 13 
1119.09 13 
2092.29 13 
1020.85 13 
1061.71 13 
663.681 13 
1064.18 13 
875.914 13 
926.407 13 
1044.88 13 
966.467 13 
630.926 13 
777.289 13 
1224.7 13 
708.468 13 
981.106 13 
1141.72 13 
744.078 13 
979.009 13 
1034.01 13 
464.415 13 
791.814 13 
946.885 13 
958.956 13 
894.062 13 
880.883 13 
921.739 13 
1084.05 13 
741.737 13 
382.459 13 
918.775 13 
757.196 13 
810.222 13 
751.49 13 
520.439 13 
675.871 13 
644.984 13 
733.243 13 
868.867 13 
726.71 13 
1093.03 13 
478.072 13 
947.618 13 
841.412 13 
967.573 13 
1120.58 13 
950.176 13 
1049.51 13 
979.668 13 
780.108 13 
1003.81 13 
643.577 13 
946.211 13 
1077.1 13 
1262.45 13 
996.39 13 
1082.85 13 
659.315 13 
1041.73 13 
1037.11 13 
737.339 13 
1037.54 13 
846.322 13 
940.511 13 
746.862 13 
572.105 13 
1062.05 13 
964.366 13 
922.421 13 
439.28 13 
785.219 13 
918.094 13 
1082.86 13 
967.451 13 
898.484 13 
938.544 13 
932.593 13 
918.495 13 
1035.23 13 
581.023 13 
1077.89 13 
590.611 13 
939.243 13 
1056.95 13 
1128.4 13 
782.523 13 
783.772 13 
921.913 13 
914.785 13 
1014.51 13 
1059.83 13 
1140.96 13 
1167.81 13 
1079.6 13 
1107.29 13 
917.099 13 
913.355 13 
828.163 13 
953.423 13 
1099.57 13 
1085.46 13 
953.133 13 
810.212 13 
1043.24 13 
994.57 13 
621.508 13 
812.695 13 
640.392 13 
1112.7 13 
715.032 13 
1356.04 13 
826.244 13 
815.801 13 
1006.64 13 
894.347 13 
1471.25 13 
678.729 13 
980.953 13 
1077.99 13 
1044.88 13 
957.745 13 
1084.97 13 
1046.91 13 
1000.37 13 
591.919 13 
1079 13 
627.034 13 
699.862 13 
935.937 13 
770.784 13 
1065.56 13 
921.552 13 
842.655 13 
711.863 13 
784.47 13 
975.895 13 
616.155 13 
618.84 13 
325.76 13 
724.423 13 
1084.22 13 
1038.46 13 
847.764 13 
685.895 13 
947.905 13 
942.416 13 
978.172 13 
1013.95 13 
863.755 13 
1125.49 13 
461.674 13 
493.532 13 
1064.1 13 
1018.03 13 
791.9 13 
778.664 13 
1011.99 13 
1011.54 13 
823.6 13 
944.783 13 
903.395 13 
577.418 13 
804.572 13 
1038.67 13 
687.13 13 
1025.26 13 
724.952 13 
721.041 13 
554.261 13 
1009.14 13 
1302.77 13 
1204.53 13 
837.128 13 
1156.08 13 
1015.73 13 
968.265 13 
708.725 13 
614.129 13 
1030.26 13 
1047.15 13 
671.941 13 
832.151 13 
519.424 13 
864.525 13 
1157.3 13 
1248.94 13 
1115.47 13 
949.338 13 
461.885 13 
1063.61 13 
903.23 13 
1017.58 13 
550.587 13 
1021.63 13 
405.312 13 
1066.6 13 
918.211 13 
932.751 13 
715.856 13 
891.842 13 
634.951 13 
971.754 13 
1155.73 13 
1026.07 13 
630.128 13 
711.413 13 
1093.97 13 
1004.08 13 
849.272 13 
658.875 13 
1064.63 13 
711.424 13 
914.064 13 
776.529 13 
652.779 13 
990.43 13 
915.498 13 
925.091 13 
596.696 13 
993.831 13 
1045.26 13 
888.275 13 
685.177 13 
543.72 13 
912.613 13 
731.382 13 
994.702 13 
1005.73 13 
653.527 13 
942.476 13 
1110.92 13 
761.533 13 
1005.63 13 
909.484 13 
763.422 13 
1206.9 13 
793.265 13 
862.917 13 
655.207 13 
1034.59 13 
792.16 13 
881.839 13 
859.556 13 
905.912 13 
1000.22 13 
1168.64 13 
996.448 13 
650.409 13 
602.25 13 
997.911 13 
953.876 13 
588.811 13 
1066.13 13 
679.562 13 
1154.14 13 
882.34 13 
969.941 13 
732.154 13 
1021.88 13 
415.399 13 
747.144 13 
822.814 13 
629.661 13 
720.938 13 
828.581 13 
946.248 13 
1446.57 13 
1062.12 13 
1022.16 13 
649.317 13 
977.109 13 
981.122 13 
1037.13 13 
722.288 13 
534.005 13 
909.46 13 
851.494 13 
988.127 13 
859.526 13 
793.178 13 
1138.01 13 
705.711 13 
156.735 13 
605.94 13 
801.754 13 
893.722 13 
982.313 13 
1128.55 13 
1009.78 13 
781.512 13 
947.207 13 
874.101 13 
938.904 13 
1002.29 13 
1109.37 13 
668.23 13 
741.74 13 
935.151 13 
491.371 13 
963.4 13 
1022.27 13 
1034.57 13 
621.681 13 
525.425 13 
974.627 13 
1070.69 13 
804.973 13 
1019.48 13 
959.685 13 
814.209 13 
690.677 13 
1086.15 13 
797.559 13 
772.67 13 
941.818 13 
755.953 13 
1065.57 13 
837.633 13 
899.971 13 
806.918 13 
1108.1 13 
964.824 13 
1010.59 13 
1187.93 13 
499.46 13 
791.485 13 
913.891 13 
807.501 13 
534.994 13 
826.568 13 
1180.37 13 
977.789 13 
567.895 13 
701.469 13 
880.144 13 
900.937 13 
963.488 13 
858.279 13 
718.88 13 
1101.37 13 
1014.36 13 
979.421 13 
963.836 13 
920.06 13 
983.877 13 
777.628 13 
642.907 13 
601.696 13 
957.788 13 
903.128 13 
912.327 13 
973.344 13 
707.075 13 
687.08 13 
1167.89 13 
992.38 13 
828.783 13 
812.734 13 
1219.18 13 
604.309 13 
1131.9 13 
821.404 13 
651.956 13 
474.375 13 
1014.55 13 
702.589 13 
827.663 13 
952.374 13 
881.991 13 
1124.95 13 
988.769 13 
788.14 13 
465.685 13 
867.862 13 
1093.05 13 
633.454 13 
1025.84 13 
1032.06 13 
545.101 13 
1023.47 13 
1043.08 13 
876.873 13 
598.219 13 
984.939 13 
1011.63 13 
887.393 13 
908.072 13 
474.213 13 
968.22 13 
952.658 13 
721.258 13 
1141.07 13 
1006.09 13 
689.81 13 
1967.43 13 
888.428 13 
1124.03 13 
953.147 13 
865.006 13 
1035.94 13 
530.867 13 
1106.38 13 
772.777 13 
1068.69 13 
667.019 13 
904.3 13 
1137.76 13 
977.089 13 
908.137 13 
988.122 13 
910.814 13 
900.079 13 
969.693 13 
1020.92 13 
960.273 13 
1006.11 13 
744.484 13 
923.161 13 
1335.8 13 
930.612 13 
951.615 13 
1114.79 13 
1019.73 13 
984.776 13 
949.292 13 
405.421 13 
789.37 13 
751.661 13 
901.079 13 
895.915 13 
1074.01 13 
819.729 13 
1013 13 
1314.05 13 
806.746 13 
1131.88 13 
694.399 13 
900.213 13 
971.231 13 
510.995 13 
2206.66 13 
809.519 13 
1129.12 13 
889.011 13 
669.672 13 
1221.27 13 
1043.92 13 
1074.04 13 
956.098 13 
718.975 13 
905.455 13 
624.926 13 
837.976 13 
785.753 13 
418.514 13 
998.639 13 
878.472 13 
949.504 13 
828.512 13 
530.631 13 
842.149 13 
568.705 13 
856.123 13 
743.135 13 
727.808 13 
981.14 13 
709.45 13 
901.823 13 
1146.27 13 
1104.04 13 
608.528 13 
923.962 13 
1167.12 13 
867.986 13 
1162.62 13 
839.96 13 
836.843 13 
758.39 13 
1191.18 13 
1003.71 13 
1101.47 13 
499.617 13 
798.84 13 
847.153 13 
813.95 13 
739.556 13 
663.664 13 
1299.74 13 
1312.31 13 
999.466 13 
826.696 13 
1117.21 13 
648.896 13 
994.029 13 
1143.8 13 
951.919 13 
986.174 13 
1222 13 
834.497 13 
1077.95 13 
1002.6 13 
741.691 13 
875.163 13 
880.764 13 
664.944 13 
845.151 13 
881.026 13 
884.436 13 
982.316 13 
1019.05 13 
688.862 13 
958.962 13 
744.373 13 
796.89 13 
671.582 13 
886.028 13 
1108.26 13 
956.531 13 
999.903 13 
947.297 13 
1072.58 13 
1109.53 13 
528.088 13 
1054.3 13 
1054.27 13 
1222.11 13 
990.887 13 
855.595 13 
944.581 13 
1500.17 13 
1081.87 13 
801.039 13 
1163 13 
892.297 13 
1050.11 13 
743.005 13 
966.587 13 
1067.14 13 
903.932 13 
910.955 13 
1465.28 13 
923.184 13 
1009.12 13 
731.474 13 
1034.47 13 
846.938 13 
1131.15 13 
1064.57 13 
972.241 13 
817.974 13 
634.16 13 
918.032 13 
795.264 13 
901.067 13 
739.52 13 
826.728 13 
769.224 13 
1080.76 13 
986.13 13 
1051.54 13 
890.494 13 
438.132 13 
878.836 13 
1125.72 13 
932.822 13 
841.892 13 
1163.19 13 
869.97 13 
1019.53 13 
1071.36 13 
1251.24 13 
941.236 13 
981.072 13 
1015.96 13 
1011.82 13 
1024.99 13 
1110.15 13 
908.011 13 
960.651 13 
1010.21 13 
866.467 13 
903.867 13 
906.613 13 
509.351 13 
919.113 13 
623.792 13 
997.816 13 
1085.67 13 
531.145 13 
877.472 13 
678.659 13 
839.764 13 
639.891 13 
1139.74 13 
674.645 13 
949.961 13 
756.704 13 
894.603 13 
905.534 13 
787.928 13 
781.956 13 
929.266 13 
1004.85 13 
923.473 13 
801.46 13 
703.116 13 
1300.9 13 
960.704 13 
964.724 13 
512.544 13 
733.422 13 
843.505 13 
721.763 13 
666.326 13 
1672.95 13 
623.312 13 
461.93 13 
1166.49 13 
1418.22 13 
787.878 13 
1011.49 13 
684.169 13 
803.297 13 
1004.16 13 
799.235 13 
921.693 13 
971.257 13 
836.53 13 
909.245 13 
874.241 13 
969.338 13 
683.659 13 
699.344 13 
1054.02 13 
1229.55 13 
1171.43 13 
1180.94 13 
645.15 13 
906.566 13 
1098.21 13 
911.693 13 
585.793 13 
419.318 13 
1035.02 13 
1040.33 13 
961.057 13 
998.256 13 
905.09 13 
754.225 13 
1000.05 13 
970.432 13 
716.657 13 
508.003 13 
863.095 13 
734.717 13 
906.532 13 
681.122 13 
971.358 13 
518.83 13 
1262.11 13 
429.179 13 
977.433 13 
497.737 13 
1085.63 13 
616.592 13 
1085.65 13 
890.335 13 
954.825 13 
732.309 13 
775.853 13 
1073.14 13 
611.228 13 
1025.06 13 
1154.61 13 
1047.79 13 
781.514 13 
1011.18 13 
696.839 13 
932.978 13 
434.804 13 
924.765 13 
932.344 13 
1013.62 13 
594.936 13 
885.014 13 
1148.32 13 
936.285 13 
850.654 13 
779.226 13 
421.307 13 
974.69 13 
1019.2 13 
967.075 13 
991.602 13 
923.33 13 
938.196 13 
588.192 13 
989.056 13 
831.846 13 
916.156 13 
872.986 13 
927.13 13 
861.607 13 
1029.43 13 
595.448 13 
1021.55 13 
1240.81 13 
1056.69 13 
933.229 13 
598.702 13 
1010.85 13 
890.352 13 
1002.9 13 
968.266 13 
711.589 13 
1114.62 13 
1202.3 13 
924.417 13 
471.69 13 
430.086 13 
1021.57 13 
937.206 13 
907.56 13 
989.485 13 
1017.21 13 
556.776 13 
1002.21 13 
1143.19 13 
772.958 13 
993.743 13 
1074.84 13 
702.295 13 
1032.27 13 
480.478 13 
1263.14 13 
831.308 13 
753.171 13 
1209.9 13 
942.145 13 
942.987 13 
1051.87 13 
817.913 13 
1161.84 13 
758.982 13 
843.055 13 
935.596 13 
1088.42 13 
560.204 13 
511.167 13 
710.394 13 
1069.66 13 
993.469 13 
551.23 13 
782.233 13 
835.85 13 
778.909 13 
677.002 13 
737.133 13 
1219.66 13 
964.675 13 
737.363 13 
961.397 13 
1262.17 13 
758.891 13 
950.029 13 
1186.2 13 
873.246 13 
515.774 13 
885.41 13 
497.458 13 
854.626 13 
939.134 13 
892.33 13 
969.254 13 
944.881 13 
554.448 13 
999.794 13 
1461.75 13 
547.908 13 
719.461 13 
1105.22 13 
1227.89 13 
881.995 13 
961.388 13 
976.969 13 
1064.17 13 
982.449 13 
1064.84 13 
497.124 13 
1044.66 13 
1074.43 13 
1003.9 13 
662.717 13 
906.057 13 
867.495 13 
899.027 13 
863.855 13 
898.974 13 
700.217 13 
1155.25 13 
943.701 13 
719.711 13 
669.285 13 
849.708 13 
941.188 13 
1012.84 13 
715.154 13 
649.017 13 
778.086 13 
923.462 13 
1097.35 13 
1086.49 13 
938.903 13 
808.736 13 
697.635 13 
1297.82 13 
1212.95 13 
957.983 13 
594.582 13 
1109.73 13 
946.936 13 
793.84 13 
1078.16 13 
574.24 13 
916.628 13 
1008.61 13 
1299.94 13 
933.235 13 
1129.03 13 
1016.37 13 
894.282 13 
998.366 13 
971.713 13 
675.35 13 
786.299 13 
762.444 13 
1081.73 13 
702.234 13 
814.392 13 
998.442 13 
742.943 13 
1256.82 13 
927.68 13 
821.234 13 
974.241 13 
980.511 13 
768.936 13 
359.515 13 
813.934 13 
626.686 13 
908.291 13 
950.49 13 
1037.42 13 
1008.04 13 
810.485 13 
1088.32 13 
396.954 13 
981.156 13 
769.05 13 
952.037 13 
1079.69 13 
1080.24 13 
716.753 13 
1039.38 13 
1019.61 13 
1044.8 13 
875.879 13 
945.895 13 
878.797 13 
1005.55 13 
1101.65 13 
1078.49 13 
972.148 13 
907.199 13 
1131.1 13 
952.396 13 
1180.37 13 
1141.94 13 
766.144 13 
976.321 13 
932.07 13 
860.018 13 
947.102 13 
880.426 13 
943.154 13 
1010.27 13 
874.083 13 
690.721 13 
1065.91 13 
1164.96 13 
992.912 13 
924.579 13 
1126.36 13 
1070.6 13 
983.128 13 
479.772 13 
1222.19 13 
977.015 13 
1022.2 13 
684.645 13 
1150.93 13 
675.696 13 
915.531 13 
887.897 13 
778.65 13 
1008.33 13 
386.989 13 
1002.16 13 
675.402 13 
944.965 13 
919.275 13 
1206.63 13 
1178.08 13 
917.491 13 
879.679 13 
857.904 13 
1143.25 13 
997.074 13 
394.12 13 
1031.91 13 
1002.03 13 
768.55 13 
898.638 13 
1179.27 13 
952.73 13 
436.868 13 
1260.44 13 
1118.44 13 
1100.36 13 
506.068 13 
798.157 13 
1154.65 13 
841.156 13 
1100.42 13 
675.648 13 
1292.95 13 
956.036 13 
700.338 13 
840.364 13 
729.429 13 
866.208 13 
674.092 13 
756.753 13 
981.393 13 
1009.89 13 
1002.69 13 
704.188 13 
749.706 13 
988.084 13 
784.894 13 
774.157 13 
740.388 13 
1015.45 13 
954.721 13 
741.541 13 
970.934 13 
1126.26 13 
897.339 13 
1069.17 13 
1278.2 13 
1002.8 13 
1043.02 13 
554.55 13 
998.528 13 
547.275 13 
1016.36 13 
970.349 13 
716.521 13 
781.788 13 
1041.35 13 
1400.41 13 
1021.67 13 
938.645 13 
829.094 13 
979.77 13 
1016.58 13 
932.765 13 
1070.48 13 
884.848 13 
870.333 13 
1235.6 13 
784.23 13 
763.166 13 
813.721 13 
1014.21 13 
963.64 13 
732.496 13 
1058.16 13 
642.899 13 
1045.09 13 
1134.41 13 
845.602 13 
923.731 13 
886.144 13 
251.655 13 
975.891 13 
1057.17 13 
1056 13 
1219.98 13 
1010.9 13 
545.386 13 
1059.32 13 
676.296 13 
827.345 13 
1072.1 13 
