1015.8 11 
808.826 11 
968.936 11 
557.672 11 
993.478 11 
711.451 11 
959.181 11 
655.239 11 
711.15 11 
862.399 11 
739.371 11 
1098.66 11 
1013.82 11 
1025.93 11 
695.797 11 
649.87 11 
1467.49 11 
1070.45 11 
977.077 11 
544.472 11 
1075.12 11 
1151.61 11 
990.614 11 
786.506 11 
1017.76 11 
966.83 11 
953.89 11 
1019.77 11 
872.469 11 
715.428 11 
1379.23 11 
1005.79 11 
888.66 11 
749.312 11 
1036.06 11 
616.955 11 
966.21 11 
794.414 11 
916.72 11 
893.466 11 
971.879 11 
955.44 11 
933.596 11 
813.399 11 
999.739 11 
935.796 11 
1280.44 11 
1030.09 11 
1171.72 11 
963.256 11 
1040.07 11 
1015.87 11 
830.164 11 
890.262 11 
840.057 11 
1217.74 11 
847.507 11 
937.254 11 
818.827 11 
982.507 11 
624.696 11 
590.584 11 
858.719 11 
592.864 11 
1210.64 11 
693.126 11 
1009.35 11 
755.86 11 
963.765 11 
997.319 11 
613.574 11 
730.815 11 
846.105 11 
1056.07 11 
948.345 11 
1160.46 11 
1152.98 11 
1026.34 11 
869.54 11 
1044.71 11 
956.378 11 
1186.49 11 
1010.51 11 
752.968 11 
965.273 11 
962.699 11 
390.325 11 
816.147 11 
775.616 11 
899.479 11 
783.133 11 
987.461 11 
919.242 11 
600.842 11 
1008.71 11 
989.982 11 
942.639 11 
922.867 11 
992.498 11 
908.585 11 
1071.48 11 
722.212 11 
840.562 11 
924.946 11 
684.778 11 
599.937 11 
931.779 11 
987.823 11 
904.568 11 
667.825 11 
867.759 11 
865.417 11 
891.885 11 
999.196 11 
798.552 11 
887.227 11 
699.34 11 
889.516 11 
440.474 11 
977.595 11 
1165.04 11 
934.058 11 
614.568 11 
911.253 11 
1022.84 11 
1018.15 11 
897.181 11 
644.75 11 
822.183 11 
913.887 11 
996.944 11 
1061.27 11 
746.659 11 
621.664 11 
583.622 11 
1243.2 11 
886.905 11 
552.97 11 
874.386 11 
548.322 11 
896.955 11 
853.544 11 
494.719 11 
605.413 11 
904.472 11 
899.913 11 
1033.74 11 
995.924 11 
840.268 11 
638.924 11 
749.836 11 
1052.77 11 
954.744 11 
932.237 11 
840.543 11 
1099.85 11 
935.828 11 
913.583 11 
557.35 11 
794.402 11 
786.866 11 
873.465 11 
767.317 11 
1020.59 11 
983.199 11 
1245.35 11 
991.918 11 
941.35 11 
900.545 11 
969.605 11 
865.939 11 
839.52 11 
392.064 11 
932.181 11 
664.72 11 
987.482 11 
808.051 11 
765.159 11 
1101.89 11 
986.659 11 
1086.73 11 
872.926 11 
899.591 11 
717.431 11 
978.355 11 
895.675 11 
928.561 11 
927.56 11 
616.334 11 
1398.34 11 
1007.06 11 
941.428 11 
1306.71 11 
961.089 11 
1198.05 11 
856.922 11 
1058.14 11 
669.1 11 
946.782 11 
986.208 11 
924.538 11 
560.876 11 
948.375 11 
847.736 11 
808.742 11 
636.249 11 
980.611 11 
826.558 11 
698.704 11 
561.714 11 
984.911 11 
440.253 11 
804.151 11 
588.891 11 
1018.02 11 
718.9 11 
822.66 11 
902.677 11 
1044.04 11 
1093.12 11 
682.846 11 
807.621 11 
998.108 11 
921.421 11 
1110.4 11 
724.172 11 
1135.42 11 
730.07 11 
964.509 11 
507.824 11 
1196.87 11 
770.122 11 
919.896 11 
1110.81 11 
659.036 11 
981.723 11 
656.263 11 
921.207 11 
907.261 11 
1101.34 11 
562.297 11 
558.575 11 
1052.64 11 
462.471 11 
723.785 11 
704.498 11 
1006.25 11 
794.339 11 
734.244 11 
987.123 11 
1014.42 11 
1014.28 11 
849.242 11 
891.57 11 
844.692 11 
1084.81 11 
727.778 11 
742.723 11 
985.428 11 
1072.49 11 
889.016 11 
992.273 11 
1189.27 11 
676.032 11 
1023.75 11 
1070.18 11 
874.551 11 
1274.05 11 
776.823 11 
802.626 11 
705.963 11 
991.608 11 
833.733 11 
1099.85 11 
721.011 11 
986.7 11 
593.194 11 
954.589 11 
1080.34 11 
959.975 11 
1124.85 11 
819.029 11 
628.253 11 
784.596 11 
893.676 11 
797.462 11 
793.607 11 
1080.9 11 
946.163 11 
1041.2 11 
820.128 11 
892.386 11 
959.301 11 
990.107 11 
881.714 11 
861.005 11 
983.572 11 
831.419 11 
952.076 11 
1034.72 11 
1054.96 11 
1068.27 11 
1031.34 11 
799.429 11 
514.967 11 
1000.47 11 
671.426 11 
926.724 11 
960.273 11 
740.18 11 
865.46 11 
1079.8 11 
1014.94 11 
732.276 11 
790.243 11 
993.881 11 
955.735 11 
948.013 11 
934.209 11 
628.156 11 
761.994 11 
836.158 11 
1129.48 11 
1049.47 11 
777.105 11 
906.436 11 
1068.77 11 
473.627 11 
1017.59 11 
571.911 11 
972.487 11 
924.811 11 
1013.56 11 
796.452 11 
909.321 11 
795.221 11 
1046.36 11 
485.988 11 
1188.06 11 
838.778 11 
1002.95 11 
955.206 11 
1225.59 11 
871.97 11 
1363.59 11 
888.233 11 
427.032 11 
1027.06 11 
941.439 11 
900.304 11 
911.515 11 
929.09 11 
957.855 11 
604.868 11 
1053.72 11 
932.577 11 
981.507 11 
548.469 11 
992.968 11 
986.124 11 
1249.22 11 
889.347 11 
907.183 11 
516.092 11 
619.474 11 
859.303 11 
928.877 11 
568.554 11 
677.31 11 
868.238 11 
671.28 11 
919.644 11 
1067.16 11 
763.007 11 
769.912 11 
894.655 11 
751.654 11 
1475.65 11 
827.928 11 
810.099 11 
673.69 11 
702.231 11 
902.132 11 
932.782 11 
549.572 11 
939.381 11 
805.376 11 
865.571 11 
1014.12 11 
982.139 11 
1052.39 11 
1091.92 11 
539.545 11 
957.375 11 
932.141 11 
1118.85 11 
1181.86 11 
1045.47 11 
965.777 11 
1046.5 11 
1023.3 11 
867.726 11 
920.368 11 
856.206 11 
929.09 11 
640.091 11 
1030.19 11 
997.338 11 
742.729 11 
876.876 11 
1103.03 11 
924.37 11 
701.613 11 
894.273 11 
895.296 11 
999.957 11 
888.812 11 
625.959 11 
496.263 11 
772.267 11 
944.464 11 
448.731 11 
982.021 11 
640.611 11 
946.055 11 
860.343 11 
958.16 11 
669.948 11 
437.806 11 
847.737 11 
927.786 11 
578.975 11 
981.397 11 
1021.89 11 
1038.93 11 
765.952 11 
962.798 11 
1047.88 11 
550.328 11 
1076.37 11 
846.894 11 
773.963 11 
1113.15 11 
862.267 11 
861.672 11 
803.937 11 
845.238 11 
872.242 11 
862.73 11 
898.168 11 
438.398 11 
740.718 11 
960.275 11 
879.147 11 
850.555 11 
803.136 11 
975.009 11 
994.837 11 
738.888 11 
774.734 11 
800.007 11 
932.42 11 
976.361 11 
873.379 11 
922.861 11 
1087.1 11 
470.504 11 
1069 11 
1042.92 11 
847.048 11 
642.837 11 
777.367 11 
644.44 11 
925.614 11 
949.723 11 
735.315 11 
557.526 11 
1046.37 11 
1023.96 11 
513.164 11 
787.531 11 
1007.84 11 
922.927 11 
446.14 11 
1118.7 11 
972.148 11 
932.977 11 
861.28 11 
940.24 11 
936.963 11 
477.805 11 
990.597 11 
1087.29 11 
697.533 11 
685.121 11 
837.496 11 
1068.83 11 
889.376 11 
567.226 11 
643.336 11 
687.827 11 
1136.46 11 
1057.25 11 
1166.21 11 
893.409 11 
963.696 11 
870.766 11 
957.266 11 
966.669 11 
850.088 11 
1008.09 11 
929.655 11 
654.165 11 
776.338 11 
641.089 11 
496.269 11 
395.627 11 
852.08 11 
970.731 11 
955.403 11 
1008.96 11 
794.673 11 
82.8672 11 
928.926 11 
726.178 11 
878.191 11 
1214.54 11 
924.685 11 
970.557 11 
862.672 11 
1011.84 11 
1085.86 11 
656.446 11 
869.355 11 
563.123 11 
685.991 11 
1021.71 11 
1027.89 11 
330.427 11 
1004.94 11 
829.087 11 
1266.44 11 
1001.63 11 
648.476 11 
904.459 11 
849.946 11 
948.347 11 
942.382 11 
884.249 11 
1044.91 11 
1034.3 11 
727.696 11 
1142.66 11 
430.327 11 
837.533 11 
685.723 11 
782.42 11 
815.412 11 
1126.5 11 
907.539 11 
1030.07 11 
795.895 11 
1150.26 11 
966.48 11 
522.021 11 
883.565 11 
929.129 11 
951.518 11 
1008.58 11 
830.587 11 
1011.11 11 
1047.64 11 
967.714 11 
1070.24 11 
924.261 11 
1149.44 11 
772.226 11 
1218.15 11 
978.639 11 
946.394 11 
830.968 11 
943.009 11 
732.777 11 
941.927 11 
494.133 11 
963.297 11 
1060.18 11 
1011.05 11 
888.326 11 
1006.17 11 
852.783 11 
693.18 11 
1013.92 11 
864.768 11 
952.845 11 
746.661 11 
895.73 11 
741.26 11 
771.472 11 
943.19 11 
867.509 11 
986.341 11 
922.003 11 
409.381 11 
765.617 11 
963.069 11 
882.466 11 
1040.01 11 
976.907 11 
917.749 11 
508.913 11 
528.399 11 
975.888 11 
731.842 11 
930.046 11 
939.035 11 
864.033 11 
934.058 11 
615.506 11 
1106.14 11 
801.413 11 
965.459 11 
954.175 11 
1205.76 11 
688.322 11 
851.91 11 
663.256 11 
850.764 11 
998.209 11 
1083.52 11 
944.16 11 
1040.82 11 
827.687 11 
982.37 11 
465.437 11 
1121.79 11 
723.3 11 
958.924 11 
1053.33 11 
736.958 11 
832.332 11 
1270.83 11 
936.503 11 
578.067 11 
988.671 11 
1118.73 11 
947.283 11 
935.761 11 
637.285 11 
968.116 11 
1131.79 11 
821.446 11 
897.776 11 
857.036 11 
649.122 11 
429.574 11 
714.973 11 
1160.86 11 
959.165 11 
879.871 11 
1102.8 11 
513.49 11 
957.914 11 
415.351 11 
845.464 11 
804.63 11 
950.486 11 
807.056 11 
1049.88 11 
1015.65 11 
862.48 11 
891.594 11 
787.037 11 
650.153 11 
911.867 11 
1017.45 11 
915.61 11 
600.488 11 
875.427 11 
616.271 11 
870.447 11 
1006.7 11 
406.769 11 
935.045 11 
825.041 11 
706.691 11 
1005.49 11 
1077.95 11 
1031.07 11 
957.206 11 
694.317 11 
949.984 11 
1135.15 11 
868.47 11 
821.613 11 
959.889 11 
842.749 11 
1114.69 11 
1051.84 11 
934.462 11 
809.086 11 
805.982 11 
779.933 11 
1043.11 11 
962.316 11 
758.321 11 
891.705 11 
794.757 11 
758.453 11 
856.839 11 
800.713 11 
811.452 11 
877.278 11 
688.346 11 
622.574 11 
888.633 11 
924.592 11 
1061.17 11 
721.232 11 
714.536 11 
1007.93 11 
882.989 11 
1050.9 11 
729.559 11 
896.401 11 
804.663 11 
687.124 11 
911.187 11 
713.717 11 
892.06 11 
1139.94 11 
885.874 11 
886.779 11 
902.079 11 
448.604 11 
899.67 11 
851.622 11 
696.116 11 
403.857 11 
924.603 11 
662.246 11 
1312.56 11 
583.017 11 
417.214 11 
938.67 11 
954.832 11 
929.528 11 
1283.69 11 
938.759 11 
1018.41 11 
776.728 11 
842.18 11 
985.496 11 
1145.26 11 
864.362 11 
703.438 11 
555.192 11 
993.671 11 
728.144 11 
949.616 11 
555.352 11 
782.812 11 
1030.55 11 
871.615 11 
635.052 11 
945.373 11 
779.008 11 
876.152 11 
1195.9 11 
1102.55 11 
988.729 11 
872.341 11 
784.099 11 
1338.01 11 
423.328 11 
1031.44 11 
850.63 11 
646.302 11 
908.49 11 
685.319 11 
975.626 11 
675.779 11 
764.496 11 
1062.39 11 
802.442 11 
914.899 11 
1115.46 11 
1085.13 11 
1059.58 11 
794.023 11 
919.568 11 
898.095 11 
763.043 11 
645.917 11 
918.278 11 
1039.14 11 
840.52 11 
538.994 11 
923.541 11 
1060.63 11 
991.692 11 
867.505 11 
985.046 11 
961.049 11 
650.949 11 
1270.76 11 
987.948 11 
663.306 11 
1018.04 11 
659.795 11 
912.312 11 
696.867 11 
1129.45 11 
1109.1 11 
920.76 11 
1123.71 11 
1061.89 11 
931.104 11 
480.782 11 
917.495 11 
830.617 11 
932.608 11 
806.522 11 
979.138 11 
940.945 11 
511.268 11 
1128.67 11 
823.212 11 
860.402 11 
879.798 11 
866.207 11 
973.72 11 
923.392 11 
879.238 11 
869.621 11 
1060.21 11 
856.66 11 
931.845 11 
860.028 11 
776.565 11 
1140.21 11 
1075.1 11 
633.474 11 
1059.31 11 
916.937 11 
729.642 11 
768.929 11 
1058.25 11 
749.624 11 
804.085 11 
975.016 11 
1024.75 11 
921.703 11 
964.351 11 
1029.65 11 
967.927 11 
907.542 11 
1001.94 11 
623.084 11 
1064.89 11 
491.552 11 
927.042 11 
755.73 11 
858.433 11 
1029.18 11 
998.544 11 
677.994 11 
960.077 11 
902.104 11 
958.451 11 
879.82 11 
1006.95 11 
781.327 11 
704.887 11 
585.743 11 
983.824 11 
732.943 11 
885.025 11 
419.835 11 
1090.27 11 
1016.44 11 
693.559 11 
763.704 11 
645.43 11 
974.139 11 
820.21 11 
1237.13 11 
915.926 11 
843.254 11 
881.551 11 
898.632 11 
1170.28 11 
984.175 11 
989.868 11 
768.767 11 
940.549 11 
1030.11 11 
865.705 11 
645.807 11 
425.053 11 
706.598 11 
858.129 11 
507.058 11 
674.865 11 
812.081 11 
613.866 11 
814.464 11 
1055.54 11 
992.643 11 
622.832 11 
845.773 11 
973.955 11 
924.791 11 
910.606 11 
758.157 11 
1023.66 11 
1106.69 11 
1001.13 11 
999.401 11 
966.698 11 
999.693 11 
744.941 11 
1480.49 11 
997.852 11 
790.03 11 
1151.7 11 
925.874 11 
984.883 11 
806.337 11 
988.906 11 
1219.97 11 
1126.25 11 
951.743 11 
719.008 11 
987.103 11 
1036.43 11 
770.398 11 
943.334 11 
911.63 11 
950.305 11 
468.036 11 
425.733 11 
816.033 11 
971.053 11 
707.322 11 
952.666 11 
845.436 11 
689.264 11 
995.364 11 
976.459 11 
1143.71 11 
1039.11 11 
785.262 11 
928.361 11 
764.673 11 
1046.97 11 
1818.89 11 
1154.13 11 
950.01 11 
1034.68 11 
910.885 11 
1110.83 11 
536.794 11 
840.56 11 
952.238 11 
953.985 11 
538.074 11 
804.457 11 
1006.74 11 
710.534 11 
921.23 11 
1060.23 11 
881.609 11 
974.025 11 
1072.25 11 
710.531 11 
806.753 11 
655.747 11 
659.235 11 
829.636 11 
799.065 11 
967.906 11 
889.54 11 
1041.51 11 
868.829 11 
916.103 11 
1154.02 11 
937.823 11 
672.898 11 
1023.07 11 
981.966 11 
834.205 11 
1034.62 11 
864.696 11 
880.407 11 
1099.52 11 
846.978 11 
1015.23 11 
846.938 11 
1015.91 11 
437.204 11 
1091.91 11 
876.535 11 
462.481 11 
893.688 11 
882.472 11 
826.712 11 
548.457 11 
1052.86 11 
901.55 11 
1171.37 11 
841.63 11 
1028.7 11 
900.982 11 
1096.51 11 
876.317 11 
945.519 11 
939.68 11 
1000.45 11 
972.116 11 
581.437 11 
881.346 11 
955.914 11 
1007.54 11 
868.577 11 
632.476 11 
1127.66 11 
803.566 11 
902.092 11 
759.556 11 
898.315 11 
875.953 11 
834.936 11 
815.86 11 
1061.45 11 
866.798 11 
980.442 11 
1085.45 11 
959.476 11 
1067.36 11 
687.445 11 
824.428 11 
1029.83 11 
428.512 11 
1110.44 11 
630.983 11 
1013.96 11 
837.365 11 
802.62 11 
884.461 11 
1107.14 11 
560.126 11 
921.622 11 
682.197 11 
1073.17 11 
1006.83 11 
981.979 11 
445.013 11 
955.996 11 
998.135 11 
785.759 11 
971.832 11 
857.488 11 
967.648 11 
990.542 11 
1038.78 11 
850.478 11 
822.326 11 
977.713 11 
1091.4 11 
973.433 11 
977.549 11 
810.073 11 
882.254 11 
950.788 11 
909.984 11 
526.855 11 
732.957 11 
1019.2 11 
532.752 11 
832.364 11 
930.868 11 
833.167 11 
855.829 11 
742.122 11 
809.806 11 
1033.97 11 
596.199 11 
948.881 11 
912.541 11 
941.967 11 
768.747 11 
897.338 11 
791.456 11 
947.084 11 
887.227 11 
1113.56 11 
944.428 11 
1075.27 11 
1016.54 11 
781.492 11 
952.54 11 
1059.74 11 
595.104 11 
927.53 11 
1082.34 11 
708.545 11 
812.361 11 
914.775 11 
1052.24 11 
1173.89 11 
809.324 11 
1222.52 11 
950.256 11 
892.184 11 
901.124 11 
958.534 11 
719.806 11 
448.568 11 
704.572 11 
956.118 11 
1059.77 11 
838.879 11 
923.662 11 
541.434 11 
1160.85 11 
956.885 11 
726.852 11 
769.805 11 
635.761 11 
1003.65 11 
971.848 11 
922.151 11 
617.724 11 
936.766 11 
821.742 11 
833.464 11 
1225.12 11 
1096.53 11 
1000.57 11 
574.51 11 
986.122 11 
1021.33 11 
961.823 11 
1263.62 11 
936.352 11 
676.609 11 
652.669 11 
783.88 11 
633.977 11 
755.062 11 
618.441 11 
1014.01 11 
790.27 11 
1103.09 11 
1158.92 11 
580.454 11 
496.668 11 
971.107 11 
1063.29 11 
1004.63 11 
1265.98 11 
975.081 11 
779.625 11 
891.35 11 
963.695 11 
1016.97 11 
801.137 11 
740.138 11 
501.243 11 
1029.14 11 
974.934 11 
1006.4 11 
910.087 11 
824.074 11 
707.128 11 
1042.33 11 
1041.94 11 
570.468 11 
1032.85 11 
599.353 11 
1804.31 11 
1023.75 11 
540.766 11 
751.858 11 
896.181 11 
515.243 11 
847.817 11 
742.972 11 
635.068 11 
1122.66 11 
1037.52 11 
871.869 11 
985.533 11 
1025.67 11 
1106.09 11 
597.638 11 
954.68 11 
894.697 11 
446.245 11 
823.097 11 
936.308 11 
987.596 11 
1080.45 11 
417.082 11 
1155.58 11 
720.726 11 
957.621 11 
1049.74 11 
904.294 11 
635.2 11 
872.421 11 
894.846 11 
657.208 11 
983.336 11 
942.273 11 
732.93 11 
899.556 11 
659.805 11 
985.16 11 
894.386 11 
659.03 11 
1015.22 11 
964.582 11 
1084.74 11 
869.436 11 
973.922 11 
639.173 11 
794.149 11 
1043.74 11 
1009.9 11 
1032.67 11 
622.54 11 
1099.05 11 
916.84 11 
1007.16 11 
967.815 11 
833.366 11 
767.274 11 
287.359 11 
555.542 11 
918.936 11 
1129.69 11 
553.712 11 
880.315 11 
988.345 11 
746.543 11 
800.64 11 
899.154 11 
955.579 11 
772.924 11 
1074.64 11 
1028.35 11 
1018.67 11 
938.905 11 
793.422 11 
1105.75 11 
914.538 11 
1275.87 11 
1040.58 11 
567.042 11 
770.62 11 
992.318 11 
1117.17 11 
571.312 11 
1110.37 11 
771.585 11 
942.464 11 
1112.38 11 
1043.97 11 
1123.75 11 
775.405 11 
661.269 11 
1098.46 11 
931.516 11 
899.74 11 
642.899 11 
926.208 11 
878.296 11 
933.315 11 
365.684 11 
653.682 11 
929.916 11 
1028.54 11 
904.188 11 
985.243 11 
972.709 11 
690.967 11 
970.171 11 
863.255 11 
553.776 11 
956.42 11 
849.984 11 
792.771 11 
778.034 11 
1260.75 11 
895.542 11 
1046.05 11 
931.563 11 
1026.06 11 
471.666 11 
1073.83 11 
1075.87 11 
904.781 11 
686.699 11 
490.012 11 
941.619 11 
986.141 11 
943.76 11 
1029.39 11 
1002.11 11 
910.265 11 
648.942 11 
727.256 11 
933.128 11 
769.756 11 
916.402 11 
830.962 11 
793.492 11 
925.305 11 
907.101 11 
985.362 11 
1081.26 11 
903.44 11 
750.262 11 
617.845 11 
914.444 11 
713.121 11 
974.737 11 
953.881 11 
623.851 11 
952.992 11 
619.734 11 
761.326 11 
952.28 11 
990.836 11 
705.431 11 
1039.76 11 
770.462 11 
693.127 11 
1059.28 11 
968.693 11 
1038.49 11 
1019.41 11 
1012.21 11 
1128.46 11 
852.959 11 
984.957 11 
932.13 11 
716.684 11 
911.35 11 
930.467 11 
916.397 11 
1103.39 11 
945.463 11 
1188.44 11 
836.15 11 
872.257 11 
1385.66 11 
973.863 11 
886.417 11 
870.751 11 
1029.35 11 
852.03 11 
902.894 11 
1016.61 11 
683.651 11 
1299.31 11 
765.589 11 
922.537 11 
735.373 11 
837.514 11 
914.076 11 
898.542 11 
498.696 11 
457.381 11 
759.415 11 
901.641 11 
708.112 11 
659.438 11 
1093.71 11 
957.732 11 
469.193 11 
812.881 11 
985.6 11 
929.178 11 
1280.47 11 
744.107 11 
1305.2 11 
658.228 11 
666.031 11 
589.166 11 
811.552 11 
753.628 11 
692.528 11 
460.343 11 
965.928 11 
881.554 11 
678.855 11 
632.994 11 
699.461 11 
963.567 11 
946.158 11 
877.977 11 
910.808 11 
1057.54 11 
676.82 11 
814.085 11 
1095.44 11 
1025.22 11 
918.38 11 
560.302 11 
970.173 11 
903.163 11 
954.61 11 
931.754 11 
1031.19 11 
574.141 11 
1018.15 11 
675.053 11 
839.49 11 
1080.16 11 
931.054 11 
852.225 11 
580.189 11 
896.356 11 
901.302 11 
991.863 11 
898.903 11 
694.924 11 
998.407 11 
1004.69 11 
945.831 11 
809.156 11 
1053.46 11 
1012.49 11 
777.479 11 
953.081 11 
965.584 11 
800.551 11 
633.37 11 
919.979 11 
394.776 11 
1094.06 11 
1178.54 11 
495.934 11 
969.975 11 
816.625 11 
743.237 11 
601.771 11 
911.511 11 
961.945 11 
952.605 11 
1059.92 11 
936.142 11 
1100.8 11 
889.379 11 
997.241 11 
667.417 11 
1123.1 11 
860.936 11 
909.999 11 
926.658 11 
779.697 11 
862.73 11 
887.672 11 
851.398 11 
694.319 11 
475.599 11 
767.382 11 
943.343 11 
993.511 11 
869.139 11 
984.512 11 
738.848 11 
870.311 11 
998.775 11 
772.288 11 
849.733 11 
860.434 11 
777.097 11 
1520.48 11 
879.758 11 
942.336 11 
758.52 11 
744.507 11 
963.609 11 
1032.2 11 
883.977 11 
580.521 11 
496.521 11 
1101.42 11 
973.65 11 
844.054 11 
793.611 11 
830.88 11 
668.76 11 
950.345 11 
511.395 11 
610.998 11 
903.752 11 
943.045 11 
1063.46 11 
898.58 11 
1001.08 11 
1123.7 11 
1030.16 11 
1026.79 11 
949.746 11 
997.026 11 
1014.98 11 
892.489 11 
1103.74 11 
624.849 11 
713.81 11 
903.906 11 
993.491 11 
870.515 11 
973.317 11 
1145.67 11 
851.5 11 
905.262 11 
1095.89 11 
1499.19 11 
580.529 11 
958.739 11 
1147.35 11 
1030.43 11 
894.513 11 
1373.63 11 
750.301 11 
693.904 11 
690.457 11 
803.863 11 
720.9 11 
593.953 11 
1249.37 11 
884.516 11 
728.503 11 
961.11 11 
861.719 11 
584.398 11 
840.771 11 
892.017 11 
1064.76 11 
985.416 11 
637.189 11 
912.486 11 
1037.19 11 
773.144 11 
883.562 11 
843.698 11 
987.936 11 
636.248 11 
780.198 11 
939.944 11 
806.135 11 
814.867 11 
894.004 11 
903.232 11 
930.221 11 
804.353 11 
580.169 11 
498.854 11 
607.564 11 
1028.18 11 
649.734 11 
866.787 11 
868.909 11 
957.494 11 
1078.54 11 
931.861 11 
860.355 11 
760.156 11 
753.186 11 
515.591 11 
890.995 11 
751.943 11 
744.102 11 
986.026 11 
1109.44 11 
893.205 11 
612.576 11 
861.89 11 
1032.7 11 
998.452 11 
685.513 11 
752.649 11 
907.303 11 
1053.84 11 
871.85 11 
912.266 11 
501.925 11 
702.29 11 
918.474 11 
893.605 11 
850.262 11 
994.256 11 
799.667 11 
866.088 11 
948.568 11 
870.343 11 
944.227 11 
911.37 11 
856.558 11 
1077.19 11 
370.021 11 
979.547 11 
832.861 11 
1120.56 11 
996.482 11 
916.443 11 
957.105 11 
950.166 11 
799.783 11 
919.792 11 
900.06 11 
777.562 11 
919.285 11 
982.996 11 
1186.9 11 
632.197 11 
933.929 11 
1072.02 11 
1220.76 11 
987.113 11 
908.37 11 
872.516 11 
476.873 11 
976.695 11 
900.795 11 
1216.63 11 
662.522 11 
796.379 11 
885.628 11 
972.274 11 
467.432 11 
1101.81 11 
1107.17 11 
958.348 11 
737.943 11 
613.256 11 
821.672 11 
1029.95 11 
947.688 11 
815.125 11 
587.662 11 
852.609 11 
1033.49 11 
1193.31 11 
764.405 11 
789.274 11 
705.15 11 
773.884 11 
1249.9 11 
996.107 11 
1010.41 11 
948.987 11 
911.291 11 
1018.27 11 
939.919 11 
773.623 11 
850.535 11 
518.987 11 
853.122 11 
1143.49 11 
1063.72 11 
631.513 11 
650.941 11 
922.024 11 
1097.51 11 
802.455 11 
929.107 11 
489.552 11 
790.548 11 
734.795 11 
635.578 11 
844.198 11 
1216.54 11 
1063.65 11 
918.409 11 
960.803 11 
542.103 11 
915.926 11 
971.247 11 
1055.33 11 
969.575 11 
989.595 11 
420.613 11 
738.985 11 
805.093 11 
773.979 11 
480.886 11 
878.358 11 
982.106 11 
1060 11 
1043.72 11 
905.844 11 
781.34 11 
771.517 11 
675.249 11 
1023.73 11 
934.211 11 
606.775 11 
830.936 11 
1003.64 11 
1122.99 11 
784.218 11 
730.489 11 
939.518 11 
998.15 11 
904.244 11 
1095.06 11 
806.634 11 
956.712 11 
998.914 11 
766.973 11 
681.07 11 
392.036 11 
896.443 11 
1424.92 11 
854.093 11 
1075.29 11 
1028.51 11 
1195.62 11 
911.708 11 
1060.76 11 
597.782 11 
937.938 11 
520.281 11 
803.213 11 
927.938 11 
958.116 11 
1037.4 11 
912.008 11 
1026.02 11 
918.223 11 
867.888 11 
846.69 11 
944.62 11 
780.131 11 
816.141 11 
947.425 11 
914.24 11 
575.424 11 
851.424 11 
946.444 11 
883.701 11 
873.081 11 
952.093 11 
753.224 11 
689.214 11 
711.239 11 
972.145 11 
910.885 11 
851.876 11 
748.527 11 
1010.79 11 
1421.58 11 
656.834 11 
821.884 11 
860.149 11 
1133.44 11 
851.511 11 
990.12 11 
900.812 11 
873.992 11 
622.141 11 
936.027 11 
941.752 11 
750.252 11 
1065.45 11 
740.899 11 
1017.62 11 
926.013 11 
836.216 11 
979.958 11 
937.989 11 
949.976 11 
962.475 11 
740.413 11 
725.627 11 
982.96 11 
849.573 11 
1070.66 11 
799.706 11 
835.245 11 
616.683 11 
961.286 11 
899.424 11 
716.977 11 
819.368 11 
906.919 11 
985.447 11 
925.07 11 
839.64 11 
843.963 11 
687.597 11 
723.735 11 
1019.6 11 
800.069 11 
759.345 11 
1090.78 11 
958.577 11 
961.861 11 
854.313 11 
885.108 11 
650.073 11 
902.045 11 
1057.65 11 
961.132 11 
974.288 11 
928.826 11 
1215.96 11 
1006.63 11 
720.508 11 
1121.33 11 
860.114 11 
1002.49 11 
1066.93 11 
868.449 11 
701.694 11 
846.444 11 
859.433 11 
1318.31 11 
778.937 11 
590.648 11 
515.682 11 
966.347 11 
916.215 11 
1023.49 11 
922.022 11 
853.044 11 
796.851 11 
583.172 11 
742.893 11 
948.104 11 
638.331 11 
940.419 11 
987.902 11 
659.971 11 
915.946 11 
770.29 11 
1072.45 11 
537.489 11 
882.202 11 
918.302 11 
702.627 11 
472.242 11 
670.094 11 
1112.81 11 
852.048 11 
883.385 11 
490.389 11 
1023.99 11 
950.889 11 
801.604 11 
594.597 11 
859.513 11 
916.194 11 
957.862 11 
443.119 11 
839.657 11 
956.526 11 
1076.5 11 
751.08 11 
877.737 11 
418.206 11 
700.264 11 
957.23 11 
1019.89 11 
507.681 11 
705.392 13 
497.161 13 
504.29 13 
987.105 13 
811.852 13 
1120.31 13 
1037.72 13 
763.407 13 
977.356 13 
861.703 13 
611.625 13 
979.298 13 
582.388 13 
883.436 13 
903.438 13 
690.265 13 
863.447 13 
993.302 13 
592.757 13 
730.738 13 
886.831 13 
1127.93 13 
958.398 13 
668.509 13 
907.77 13 
875.88 13 
747.46 13 
1192.58 13 
860.267 13 
1093.32 13 
1009.35 13 
965.65 13 
1137.85 13 
660.272 13 
726.676 13 
1026.72 13 
1075.18 13 
1181.42 13 
937.407 13 
964.477 13 
942.666 13 
708.039 13 
1142.77 13 
1060.54 13 
1038.23 13 
1027.85 13 
922.917 13 
924.499 13 
680.793 13 
971.228 13 
830.205 13 
966.835 13 
964.068 13 
990.893 13 
1000.92 13 
705.641 13 
900.384 13 
447.404 13 
699.876 13 
892.587 13 
931.401 13 
598.769 13 
1004.75 13 
862.464 13 
1099.57 13 
950.447 13 
882.501 13 
946.423 13 
1008.56 13 
847.765 13 
940.838 13 
1189.65 13 
900.86 13 
774.341 13 
1234.58 13 
1004.37 13 
990.333 13 
662.994 13 
1626.29 13 
1058.16 13 
1041.13 13 
1115.36 13 
767.364 13 
603.464 13 
903.345 13 
506.806 13 
1511.96 13 
793.388 13 
856.117 13 
934.882 13 
1119.85 13 
761.497 13 
1018.62 13 
838.893 13 
1360.73 13 
890.117 13 
658.912 13 
796.546 13 
464.702 13 
537.455 13 
819.522 13 
1108.84 13 
880.346 13 
990.43 13 
887.149 13 
873.624 13 
778.529 13 
871.723 13 
867.825 13 
740.743 13 
803.649 13 
548.836 13 
1159.92 13 
930.963 13 
1011.87 13 
722.748 13 
942.106 13 
1051.38 13 
1214.32 13 
1080.03 13 
876.072 13 
932.026 13 
1080.96 13 
1089.54 13 
955.721 13 
557.141 13 
896.912 13 
1187.63 13 
894.344 13 
910.919 13 
779.123 13 
370.782 13 
902.259 13 
958.086 13 
838.136 13 
911.093 13 
949.175 13 
1046.97 13 
1016.41 13 
742.951 13 
514.974 13 
904.995 13 
1070.25 13 
800.289 13 
723.734 13 
827.36 13 
973.931 13 
615.417 13 
944.614 13 
969.436 13 
904.874 13 
639.43 13 
890.283 13 
974.198 13 
548.294 13 
773.76 13 
893.821 13 
877.605 13 
637.75 13 
1048 13 
988.405 13 
1077.66 13 
930.602 13 
842.039 13 
813.402 13 
1104.39 13 
456.405 13 
778.078 13 
771.679 13 
1020.59 13 
1006.85 13 
786.572 13 
835.11 13 
986.028 13 
599.298 13 
860.192 13 
877.453 13 
1033.86 13 
551.869 13 
968.756 13 
828.33 13 
757.074 13 
881.159 13 
1208.85 13 
1401.68 13 
525.373 13 
794.809 13 
962.778 13 
794.42 13 
914.87 13 
699.641 13 
825.888 13 
986.495 13 
951.296 13 
862.82 13 
1241.08 13 
1098.76 13 
944.785 13 
970.087 13 
654.75 13 
877.576 13 
983.841 13 
1105.2 13 
751.057 13 
691.446 13 
805.204 13 
988.315 13 
951.924 13 
819.815 13 
775.708 13 
1049.5 13 
837.649 13 
1083 13 
990.352 13 
853.921 13 
1213.63 13 
951.595 13 
930.457 13 
779.066 13 
930.216 13 
967.884 13 
1048.85 13 
1208.54 13 
1148.35 13 
756.695 13 
886.854 13 
985.753 13 
830.551 13 
671.558 13 
987.889 13 
971.261 13 
904.732 13 
996.354 13 
1570.74 13 
771.363 13 
969.307 13 
941.902 13 
723.065 13 
944.085 13 
863.707 13 
1149.62 13 
894.751 13 
863.049 13 
441.712 13 
869.574 13 
685.893 13 
464.48 13 
1009.15 13 
1072.55 13 
799.036 13 
949.011 13 
1046.26 13 
620.351 13 
779.092 13 
736.723 13 
531.856 13 
1019.17 13 
1341.37 13 
1249.09 13 
965.134 13 
812.305 13 
1071.47 13 
896.195 13 
909.748 13 
1041.59 13 
933.129 13 
749.227 13 
795.569 13 
1080.33 13 
1035.82 13 
1072.78 13 
1025.63 13 
706.789 13 
844.522 13 
937.432 13 
874.837 13 
896.866 13 
987.093 13 
1489.16 13 
809.203 13 
964.432 13 
983.071 13 
807.485 13 
991.674 13 
999.653 13 
958.164 13 
999.732 13 
747.784 13 
512.572 13 
732.087 13 
1016.52 13 
989 13 
826.093 13 
1016.36 13 
996.445 13 
992.424 13 
1027.24 13 
1101.67 13 
930.227 13 
953.673 13 
919.29 13 
974.957 13 
1008.77 13 
956.219 13 
798.609 13 
1017.14 13 
623.572 13 
550.679 13 
1157.55 13 
888.544 13 
931.237 13 
739.57 13 
878.735 13 
968.726 13 
584.391 13 
433.613 13 
812.142 13 
882.757 13 
958.259 13 
861.795 13 
743.918 13 
895.248 13 
395.298 13 
955.518 13 
748.736 13 
1162.71 13 
1144.12 13 
653.336 13 
910.117 13 
977.613 13 
925.338 13 
928.087 13 
862.11 13 
900.787 13 
1039.95 13 
958.86 13 
908.482 13 
529.503 13 
1052.8 13 
676.527 13 
864.076 13 
763.063 13 
1029.99 13 
1037.29 13 
672.045 13 
918.992 13 
538.638 13 
826.978 13 
762.209 13 
936.952 13 
1077.19 13 
1015.66 13 
1101.64 13 
866 13 
1065.84 13 
993.802 13 
933.811 13 
917.441 13 
912.965 13 
1001.46 13 
595.316 13 
1058.11 13 
948.063 13 
957.435 13 
788.141 13 
779.213 13 
1048.45 13 
782.162 13 
785.05 13 
855.281 13 
30.4245 13 
1116.93 13 
1075.54 13 
811.505 13 
727.518 13 
846.287 13 
829.373 13 
544.358 13 
792.581 13 
996.592 13 
943.993 13 
903.552 13 
650.483 13 
873.504 13 
487.437 13 
931.131 13 
778.348 13 
1004.06 13 
1083.32 13 
909.86 13 
948.544 13 
479.506 13 
991.333 13 
869.291 13 
949.303 13 
870.403 13 
829.689 13 
972.197 13 
941.943 13 
753.484 13 
784.515 13 
663.589 13 
854.93 13 
583.835 13 
1006.04 13 
1209.89 13 
955.97 13 
1036.22 13 
866.312 13 
895.292 13 
664.996 13 
1090.22 13 
944.723 13 
616.558 13 
803.502 13 
658.227 13 
1074.61 13 
890.81 13 
807.328 13 
931.375 13 
669.891 13 
981.942 13 
961.325 13 
878.953 13 
753.408 13 
435.538 13 
902.381 13 
1020.38 13 
633.581 13 
854.839 13 
958.321 13 
794.838 13 
1055.65 13 
664.75 13 
1177.36 13 
761.355 13 
996.131 13 
1002.31 13 
1011.22 13 
717.922 13 
824.522 13 
902.912 13 
677.381 13 
747.151 13 
1078.98 13 
1042.35 13 
1211.7 13 
930.709 13 
713.438 13 
980.453 13 
920.698 13 
987.916 13 
680.084 13 
618.877 13 
686.787 13 
999.85 13 
708.093 13 
889.661 13 
822.833 13 
1057.7 13 
848.446 13 
790.162 13 
892.266 13 
1483.65 13 
676.042 13 
630.07 13 
999.019 13 
366.527 13 
1019.59 13 
883.677 13 
930.731 13 
825.245 13 
974.399 13 
847.29 13 
947.274 13 
1179.22 13 
984.503 13 
1050.78 13 
578.998 13 
1042.59 13 
1226.59 13 
757.568 13 
1050.33 13 
712.9 13 
926.611 13 
1012.61 13 
1036.5 13 
504.824 13 
908.35 13 
657.128 13 
662.515 13 
1015.58 13 
786.669 13 
680.682 13 
866.755 13 
937.742 13 
891.269 13 
922.704 13 
1032.8 13 
960.028 13 
976.541 13 
574.203 13 
809.697 13 
1029.19 13 
858.034 13 
922.646 13 
704.077 13 
1004.69 13 
622.714 13 
982.475 13 
846.382 13 
521.746 13 
980.638 13 
952.592 13 
794.703 13 
999.568 13 
1039.01 13 
991.873 13 
991.744 13 
779.003 13 
410.305 13 
811.118 13 
482.496 13 
1146.34 13 
802.089 13 
710.997 13 
941.541 13 
941.756 13 
964.717 13 
786.945 13 
949.793 13 
747.828 13 
943.956 13 
1023.08 13 
715.742 13 
984.687 13 
828.21 13 
638.98 13 
573.518 13 
982.894 13 
884.868 13 
1167.39 13 
609.618 13 
876.092 13 
946.92 13 
795.976 13 
738.279 13 
905.43 13 
954.217 13 
890.357 13 
819.124 13 
962.07 13 
589.98 13 
1092.54 13 
830.245 13 
379.961 13 
879.351 13 
1019.15 13 
852.311 13 
797.154 13 
460.347 13 
812.623 13 
1386.32 13 
709.865 13 
873.531 13 
849.918 13 
868.906 13 
594.469 13 
726.641 13 
1007.2 13 
1404.99 13 
892.782 13 
1012 13 
1119.68 13 
604.314 13 
587.717 13 
819.206 13 
442.409 13 
1060.71 13 
982.004 13 
1025.71 13 
1114.14 13 
751.638 13 
903.214 13 
1135.98 13 
986.722 13 
1234.81 13 
805.399 13 
1744.88 13 
492.4 13 
867.747 13 
1063.9 13 
986.103 13 
1027.8 13 
952.322 13 
853.058 13 
636.263 13 
1057.7 13 
999.849 13 
982.673 13 
876.401 13 
828.196 13 
751.728 13 
1102.05 13 
1053.15 13 
886.977 13 
763.062 13 
905.704 13 
786.378 13 
597.416 13 
1141.47 13 
836.938 13 
927.219 13 
1333.33 13 
480.912 13 
932.095 13 
721.873 13 
1000.11 13 
549.547 13 
1033.58 13 
983.727 13 
1087.72 13 
889.947 13 
827.029 13 
900.679 13 
846.8 13 
644.386 13 
1070.69 13 
993.721 13 
888.032 13 
894.468 13 
868.975 13 
576.624 13 
992.831 13 
840.407 13 
652.318 13 
713.53 13 
842.162 13 
801.725 13 
906.307 13 
1041.79 13 
1036.71 13 
526.698 13 
893.878 13 
879.838 13 
665.71 13 
751.904 13 
937.812 13 
1077.64 13 
1015.63 13 
1022.2 13 
937.082 13 
849.43 13 
943.299 13 
429.47 13 
1007.09 13 
1015.14 13 
794.187 13 
769.512 13 
1003.33 13 
994.119 13 
901.49 13 
514.444 13 
843.966 13 
1012.28 13 
709.097 13 
747.171 13 
811.172 13 
1143.34 13 
969.716 13 
873.981 13 
983.562 13 
1100.74 13 
893.517 13 
1049.74 13 
939.738 13 
892.182 13 
834.308 13 
933.852 13 
842.06 13 
606.943 13 
949.918 13 
543.006 13 
869.593 13 
1042.2 13 
881.786 13 
909.064 13 
1002.74 13 
1032.39 13 
1010.02 13 
1041.88 13 
864.761 13 
1121.93 13 
780.01 13 
979.079 13 
460.139 13 
697.535 13 
641.574 13 
927.467 13 
980.744 13 
935.726 13 
878.218 13 
740.036 13 
746.921 13 
969.916 13 
912.712 13 
1232.76 13 
1045.47 13 
936.274 13 
881.721 13 
1110 13 
698.038 13 
961.526 13 
841.485 13 
973.903 13 
899.103 13 
976.874 13 
747.777 13 
1044.27 13 
1060.02 13 
920.809 13 
740.049 13 
901.636 13 
916.253 13 
567.604 13 
1006.2 13 
798.71 13 
1054.22 13 
782.787 13 
1131.61 13 
949.248 13 
722.472 13 
934.789 13 
911.451 13 
781.205 13 
791.703 13 
692.62 13 
1070.83 13 
980.067 13 
892.878 13 
550.968 13 
658.988 13 
973.72 13 
1008.76 13 
833.829 13 
1004.68 13 
790.552 13 
700.499 13 
936.403 13 
851.269 13 
1027.55 13 
860.804 13 
1164.77 13 
1013.31 13 
928.098 13 
783.128 13 
1224.4 13 
919.828 13 
1385.61 13 
1001.85 13 
961.482 13 
713.572 13 
909.99 13 
1007.76 13 
997.752 13 
605.576 13 
1027.2 13 
720.974 13 
651.472 13 
1194.41 13 
641.073 13 
991.601 13 
1034.65 13 
1579.19 13 
831.957 13 
790.508 13 
925.829 13 
983.33 13 
921.153 13 
961.936 13 
837.662 13 
970.438 13 
1175.84 13 
686.3 13 
941.099 13 
1304.47 13 
715.158 13 
1050.73 13 
1040.77 13 
877.974 13 
1136.62 13 
961.089 13 
933.486 13 
663.309 13 
872.687 13 
938.112 13 
1011.73 13 
843.383 13 
467.587 13 
769.113 13 
882.519 13 
710.721 13 
1170.61 13 
853.175 13 
1241.7 13 
967.642 13 
979.259 13 
483.011 13 
905.272 13 
837.717 13 
981.106 13 
811.704 13 
925.389 13 
1023.71 13 
1065.44 13 
994.108 13 
616.724 13 
894.551 13 
1162.82 13 
1048.84 13 
816.295 13 
935.629 13 
956.187 13 
900.386 13 
1130.57 13 
924.163 13 
969.278 13 
825.207 13 
878.954 13 
876.526 13 
922.418 13 
988.475 13 
965.186 13 
1026.2 13 
832.397 13 
801.923 13 
937.35 13 
1073.73 13 
1220.51 13 
703.791 13 
980.398 13 
843.543 13 
952.547 13 
924.803 13 
656.868 13 
656.221 13 
1008.68 13 
849.536 13 
856.264 13 
916.78 13 
1030.75 13 
868.265 13 
1187.84 13 
963.184 13 
968.849 13 
917.356 13 
752.163 13 
880.465 13 
677.49 13 
1075.52 13 
985.597 13 
526.334 13 
877.256 13 
1049.65 13 
956.915 13 
893.464 13 
948.404 13 
661.73 13 
962.029 13 
982.756 13 
506.34 13 
738.21 13 
523.085 13 
733.153 13 
471.385 13 
977.16 13 
761.42 13 
961.655 13 
946.508 13 
611.971 13 
949.042 13 
1086.32 13 
774.879 13 
1077.16 13 
822.418 13 
764.079 13 
1007.13 13 
1124.19 13 
948.96 13 
522.344 13 
1042.78 13 
461.75 13 
973.576 13 
687.281 13 
873.241 13 
1123.87 13 
849.48 13 
949.777 13 
789.994 13 
689.406 13 
870.015 13 
850.583 13 
1080.98 13 
832.566 13 
745.565 13 
698.502 13 
779.182 13 
986.339 13 
1066.19 13 
1025.11 13 
1082.83 13 
735.057 13 
865.133 13 
1062.72 13 
787.794 13 
1009.5 13 
933.793 13 
1029.48 13 
1070.01 13 
721.452 13 
1104.71 13 
1003.57 13 
1098.58 13 
997.519 13 
1018.56 13 
790.54 13 
753.162 13 
970.835 13 
1165.08 13 
408.964 13 
803.608 13 
567.843 13 
1055.92 13 
1009.43 13 
802.067 13 
1188.41 13 
831.561 13 
1064.71 13 
1017.32 13 
1194.09 13 
984.665 13 
865.584 13 
641.601 13 
940.719 13 
1000.17 13 
682.417 13 
871.74 13 
475.583 13 
800.695 13 
471.819 13 
975.223 13 
881.036 13 
943.937 13 
947.474 13 
679.034 13 
889.548 13 
901.798 13 
1020.18 13 
726.972 13 
1152.34 13 
815.59 13 
908.345 13 
772.157 13 
847.136 13 
641.801 13 
919.085 13 
908.19 13 
721.175 13 
880.255 13 
852.866 13 
1085.77 13 
1137.9 13 
638.21 13 
878.769 13 
701.901 13 
1286.93 13 
691.164 13 
999.622 13 
874.681 13 
658.806 13 
1012 13 
728.584 13 
970.087 13 
1144.27 13 
702.715 13 
837.933 13 
395.938 13 
1011.13 13 
1051.41 13 
737.292 13 
715.505 13 
576.363 13 
969.535 13 
1172.97 13 
1013.43 13 
724.138 13 
943.236 13 
784.821 13 
992.234 13 
885.938 13 
1109.63 13 
822.151 13 
530.142 13 
862.442 13 
480.867 13 
1003.58 13 
704.572 13 
838.866 13 
676.544 13 
1040.74 13 
857.772 13 
866.871 13 
607.839 13 
873.883 13 
991.918 13 
593.235 13 
898.006 13 
838.3 13 
661.298 13 
1029.98 13 
1164.42 13 
938 13 
755.262 13 
688.209 13 
897.917 13 
876.8 13 
799.816 13 
832.015 13 
992.889 13 
979.545 13 
868.746 13 
716.706 13 
941.125 13 
1114.31 13 
959.325 13 
1170.77 13 
1078.55 13 
1449.19 13 
914.817 13 
481.47 13 
963.06 13 
968.963 13 
1022.46 13 
729.74 13 
824.368 13 
972.65 13 
863.247 13 
885.045 13 
865.908 13 
799.907 13 
954.204 13 
759.971 13 
895.453 13 
998.852 13 
430.037 13 
928.741 13 
700.723 13 
654.58 13 
960.153 13 
559.331 13 
787.095 13 
1041.92 13 
1078.17 13 
970.579 13 
775.391 13 
683.263 13 
977.122 13 
833.665 13 
882.048 13 
561.897 13 
788.989 13 
949.27 13 
950.168 13 
981.186 13 
1117.6 13 
1049.01 13 
768.437 13 
863.403 13 
1055.62 13 
1330.06 13 
995.963 13 
1296.14 13 
616.705 13 
482.89 13 
891.994 13 
943.254 13 
880.339 13 
1010.44 13 
890.072 13 
519.003 13 
1061.13 13 
679.85 13 
924.495 13 
983.576 13 
872.634 13 
923.128 13 
590.063 13 
1055.5 13 
1064.65 13 
1193.39 13 
836.017 13 
563.147 13 
1034.3 13 
963.316 13 
1004.83 13 
825.806 13 
936.765 13 
1047.34 13 
996.1 13 
930.664 13 
685.326 13 
956.16 13 
1193.6 13 
938.473 13 
957.21 13 
879.702 13 
996.074 13 
655.348 13 
1140.27 13 
698.273 13 
1143 13 
864.054 13 
1069.06 13 
881.836 13 
923.603 13 
954.116 13 
1018.62 13 
729.784 13 
799.012 13 
856.014 13 
851.057 13 
888.448 13 
578.823 13 
898.298 13 
816.256 13 
464.735 13 
621.564 13 
818.467 13 
700.251 13 
755.414 13 
818.976 13 
822.275 13 
715.276 13 
1000.15 13 
693.483 13 
1011.04 13 
695.459 13 
1029.21 13 
1037.24 13 
482.17 13 
1066.87 13 
979.924 13 
854.716 13 
453.813 13 
1042.15 13 
916.205 13 
993.076 13 
1054.6 13 
915.862 13 
719.997 13 
989.265 13 
965.577 13 
745.287 13 
1089.06 13 
928.423 13 
745.391 13 
988.762 13 
900.331 13 
949.864 13 
994.216 13 
1246.89 13 
955.533 13 
546.692 13 
1031.66 13 
1288.55 13 
955.895 13 
907.422 13 
922.727 13 
1031.03 13 
478.094 13 
1217.08 13 
983.837 13 
1042.55 13 
941.535 13 
1065.86 13 
965.842 13 
843.571 13 
825.58 13 
572.118 13 
940.844 13 
1126.47 13 
964.675 13 
1163.06 13 
932.955 13 
936.944 13 
985.095 13 
635.792 13 
926.857 13 
639.932 13 
1205.4 13 
932.183 13 
911.143 13 
927.793 13 
992.243 13 
1079.26 13 
987.194 13 
904.06 13 
861.204 13 
817.132 13 
895.405 13 
929.116 13 
932.96 13 
533.556 13 
1043.91 13 
850.155 13 
868.796 13 
882.342 13 
802.958 13 
1383.75 13 
987.228 13 
490.47 13 
973.43 13 
802.455 13 
900.296 13 
886.531 13 
500.755 13 
877.533 13 
918.502 13 
735.256 13 
899.214 13 
697.886 13 
1089.15 13 
968.409 13 
1125.26 13 
1477.18 13 
949.036 13 
1133.04 13 
1124.94 13 
1025.42 13 
865.01 13 
952.014 13 
910.263 13 
987.458 13 
911.596 13 
1049.82 13 
529.584 13 
763.374 13 
804.399 13 
1178.57 13 
526.918 13 
863.503 13 
629.65 13 
840.807 13 
654.959 13 
1130.24 13 
640.911 13 
1032.15 13 
1010.33 13 
881.282 13 
900.617 13 
825.29 13 
765.066 13 
957.792 13 
898.691 13 
565.028 13 
1001.42 13 
1093.68 13 
2039.5 13 
991.289 13 
1022.85 13 
650.271 13 
1039.11 13 
861.12 13 
928.815 13 
1024.08 13 
996.095 13 
939.786 13 
755.454 13 
1201.06 13 
692.617 13 
962.054 13 
786.87 13 
946.433 13 
1012.86 13 
726.985 13 
926.513 13 
939.222 13 
959.175 13 
863.077 13 
896.775 13 
1000.02 13 
726.195 13 
972.776 13 
891.796 13 
744.357 13 
929.626 13 
725.292 13 
1001.9 13 
636.575 13 
716.166 13 
853.841 13 
950.292 13 
1064.21 13 
466.703 13 
930.147 13 
828.278 13 
935.71 13 
1097.51 13 
930.819 13 
1028.57 13 
958.825 13 
1135.23 13 
976.874 13 
625.997 13 
929.288 13 
1055.79 13 
1222.91 13 
980.583 13 
1057.97 13 
643.3 13 
1034.07 13 
1018.61 13 
721.045 13 
1172.15 13 
814.011 13 
922.275 13 
717.93 13 
560 13 
1031.71 13 
784.931 13 
899.329 13 
474.696 13 
751.139 13 
899.438 13 
1056.69 13 
946.119 13 
973.027 13 
911.068 13 
919.322 13 
915.465 13 
914.332 13 
1016.68 13 
558.274 13 
1053.28 13 
578.449 13 
919.897 13 
1038.68 13 
1099.49 13 
766.593 13 
925.142 13 
911.963 13 
896.875 13 
982.598 13 
1037.51 13 
1154.03 13 
1076.08 13 
900.998 13 
888.346 13 
805.894 13 
936.596 13 
1076.75 13 
1065.88 13 
797.35 13 
1016.86 13 
975.284 13 
606.559 13 
787.33 13 
628.305 13 
1094.38 13 
695.018 13 
1360.89 13 
791.908 13 
799.992 13 
868.956 13 
1440.75 13 
666.237 13 
1206.09 13 
1014.97 13 
944.032 13 
1063.44 13 
1023.39 13 
964.514 13 
1157.2 13 
1069.36 13 
611.619 13 
683.272 13 
910.999 13 
755.583 13 
1073.28 13 
1103.26 13 
821.992 13 
698.412 13 
759.846 13 
951.554 13 
630.614 13 
527.756 13 
268.517 13 
1060.16 13 
1003.55 13 
861.769 13 
650.195 13 
711.185 13 
928.76 13 
927.07 13 
992.018 13 
847.959 13 
1455.04 13 
1092.1 13 
889.312 13 
462.821 13 
1029.27 13 
1003.18 13 
777.381 13 
766.426 13 
991.634 13 
993.25 13 
774.459 13 
930.739 13 
840.555 13 
625.835 13 
793.956 13 
1005.93 13 
665.719 13 
1042.52 13 
720.938 13 
814.591 13 
543.493 13 
1009.64 13 
1261.53 13 
1170.38 13 
622.345 13 
818.459 13 
1140.97 13 
999.16 13 
948.897 13 
677.682 13 
601.203 13 
1008.67 13 
721.656 13 
656.031 13 
811.328 13 
509.854 13 
1153.87 13 
1226.36 13 
1089.26 13 
936.006 13 
449.092 13 
884.673 13 
992.283 13 
396.459 13 
1066.3 13 
860.768 13 
914.579 13 
693.186 13 
874.541 13 
1127.93 13 
954.082 13 
1147.45 13 
1009.53 13 
787.452 13 
693.906 13 
1098.81 13 
966.414 13 
830.389 13 
644.825 13 
1087.63 13 
529.54 13 
897.508 13 
751.674 13 
634.779 13 
967.371 13 
898.817 13 
909.552 13 
582.008 13 
971.173 13 
1036.95 13 
873.172 13 
669.342 13 
535.295 13 
926.607 13 
714.399 13 
968.334 13 
987.373 13 
640.907 13 
928.216 13 
1087.88 13 
747.267 13 
782.889 13 
942.029 13 
1004.53 13 
888.567 13 
582.766 13 
1182.08 13 
930.609 13 
781.467 13 
954.762 13 
781.256 13 
865.846 13 
886.427 13 
952.26 13 
1140.74 13 
975.956 13 
636.965 13 
983.276 13 
931.808 13 
1050.62 13 
1133.32 13 
864.681 13 
1075.61 13 
1000.04 13 
509.732 13 
730.451 13 
970.554 13 
781.228 13 
709.996 13 
814.145 13 
948.224 13 
1431.69 13 
1042.25 13 
997.887 13 
640.579 13 
951.404 13 
954.196 13 
1011.17 13 
676.806 13 
1004.35 13 
892.294 13 
836.299 13 
972.1 13 
845.313 13 
773.822 13 
1137.25 13 
693.665 13 
396.603 13 
594.138 13 
789.959 13 
866.618 13 
809.552 13 
1106.21 13 
980.765 13 
757.358 13 
924.867 13 
864.961 13 
911.267 13 
900.977 13 
801.706 13 
188.646 13 
979.712 13 
1080.52 13 
966.66 13 
725.938 13 
919.556 13 
701.935 13 
943.71 13 
1001.79 13 
1014.6 13 
609.906 13 
285.802 13 
901.686 13 
1050.81 13 
778.596 13 
1017.41 13 
840.013 13 
804.079 13 
662.559 13 
1061 13 
786.892 13 
753.579 13 
908.112 13 
747.556 13 
1152.44 13 
801.768 13 
1101.65 13 
813.788 13 
1088.43 13 
933.905 13 
994.514 13 
1138.22 13 
489.835 13 
754.829 13 
895.946 13 
756.8 13 
521.921 13 
798.568 13 
1161 13 
947.263 13 
541.013 13 
612.058 13 
864.776 13 
879.171 13 
947.52 13 
846.049 13 
704.871 13 
1079.66 13 
991.967 13 
963.756 13 
940.355 13 
922.228 13 
961.166 13 
764.064 13 
623.365 13 
936.227 13 
886.86 13 
877.767 13 
951.594 13 
698.373 13 
625.052 13 
966.967 13 
813.304 13 
799.521 13 
1181.77 13 
587.969 13 
1100.17 13 
874.505 13 
785.404 13 
462.145 13 
989.844 13 
663.397 13 
815.829 13 
924.539 13 
869.319 13 
1102.31 13 
956.39 13 
768.444 13 
454.154 13 
851.192 13 
1075.67 13 
616.273 13 
990.838 13 
1067.23 13 
532.09 13 
990.809 13 
1004.85 13 
788.41 13 
589.441 13 
964.237 13 
1014.95 13 
870.195 13 
891.638 13 
461.417 13 
942.734 13 
534.448 13 
931.416 13 
904.072 13 
1118.25 13 
976.066 13 
667.483 13 
1896.8 13 
692.453 13 
942.882 13 
853.399 13 
531.868 13 
1089.36 13 
754.699 13 
628.68 13 
878.901 13 
1114.79 13 
984.107 13 
892.174 13 
975.349 13 
878.976 13 
876.502 13 
969.66 13 
998.958 13 
1176.1 13 
983.887 13 
730.381 13 
899.024 13 
1301.85 13 
912.479 13 
975.365 13 
771.048 13 
967.338 13 
929.084 13 
335.553 13 
377.15 13 
736.143 13 
882.227 13 
875.356 13 
1049.5 13 
808.963 13 
971.224 13 
1247.74 13 
793.276 13 
1089.63 13 
671.127 13 
793.698 13 
951.343 13 
426.943 13 
2150.66 13 
796.788 13 
1119.62 13 
876.389 13 
685.786 13 
1019.81 13 
1057.75 13 
936.702 13 
707.453 13 
888.167 13 
624.87 13 
822.729 13 
767.192 13 
408.598 13 
1002.7 13 
978.465 13 
809.431 13 
927.887 13 
831.757 13 
502.777 13 
828.624 13 
560.921 13 
838.657 13 
719.127 13 
964.881 13 
878.455 13 
1084.18 13 
1087.44 13 
594.061 13 
825.558 13 
1135.58 13 
866.033 13 
1145.85 13 
824.567 13 
851.666 13 
740.878 13 
387.805 13 
1145.8 13 
999.479 13 
1077.52 13 
492.378 13 
819.756 13 
827.962 13 
802.516 13 
664.643 13 
1272.62 13 
1284.23 13 
963.008 13 
799.396 13 
1089.34 13 
632.408 13 
967.246 13 
1099.38 13 
935.261 13 
970.779 13 
1194.57 13 
806.301 13 
939.551 13 
724.69 13 
859.769 13 
868.782 13 
660.434 13 
831.135 13 
861.68 13 
867.632 13 
962.467 13 
991.845 13 
674.556 13 
928.197 13 
735.597 13 
786.445 13 
660.041 13 
871.744 13 
1098.8 13 
850.27 13 
982.29 13 
922.801 13 
1049.44 13 
1086.28 13 
406.102 13 
1036.92 13 
1039.82 13 
1200.71 13 
979.283 13 
839.209 13 
912.622 13 
1198.04 13 
1060.14 13 
780.645 13 
1121.45 13 
1035.31 13 
733.95 13 
1245.34 13 
884.975 13 
889.851 13 
1439.09 13 
905.958 13 
986.725 13 
729.033 13 
937.476 13 
991.77 13 
824.971 13 
1104.92 13 
1047.4 13 
798.735 13 
900.716 13 
859.523 13 
881.529 13 
724.403 13 
705.807 13 
754.797 13 
999.005 13 
1029.31 13 
872.56 13 
542.865 13 
849.546 13 
1099.96 13 
822.981 13 
1145.48 13 
840.972 13 
1001.59 13 
1045.24 13 
1223.83 13 
926.026 13 
1002.34 13 
987.016 13 
1010.21 13 
1085.55 13 
885.14 13 
946.497 13 
988.133 13 
834.566 13 
938.647 13 
889.591 13 
400.898 13 
623.256 13 
638.331 13 
984.452 13 
1065.17 13 
861.121 13 
663.373 13 
821.845 13 
626.824 13 
1104.57 13 
652.841 13 
1004.81 13 
875.38 13 
894.132 13 
771.155 13 
791.429 13 
961.518 13 
973.279 13 
905.991 13 
884.757 13 
679.716 13 
1274.56 13 
940.604 13 
938.052 13 
1017.42 13 
830.115 13 
705.759 13 
898.254 13 
556.88 13 
951.024 13 
1386.45 13 
773.659 13 
774.514 13 
978.333 13 
667.819 13 
779.994 13 
965.048 13 
772.043 13 
858.489 13 
949.452 13 
819.963 13 
924.834 13 
845.158 13 
949.781 13 
667.281 13 
674.994 13 
1040.81 13 
1212.43 13 
1152.25 13 
1158.79 13 
628.636 13 
1007.29 13 
900.409 13 
1090.98 13 
891.945 13 
742.688 13 
422.618 13 
1014.55 13 
1020.36 13 
974.661 13 
898.979 13 
739.629 13 
977.817 13 
960.691 13 
695.987 13 
495.495 13 
854.754 13 
719.159 13 
887.396 13 
669.785 13 
957.981 13 
915.354 13 
1231.29 13 
421.767 13 
960.272 13 
489.899 13 
1061.65 13 
602.18 13 
1063.99 13 
863.405 13 
1350.4 13 
933.108 13 
701.614 13 
824.396 13 
764.44 13 
596.59 13 
1005.96 13 
1026.93 13 
1026.06 13 
759.782 13 
986.115 13 
672.475 13 
901.07 13 
925.017 13 
917.205 13 
967.792 13 
529.009 13 
578.102 13 
860.251 13 
1125.9 13 
844.109 13 
762.129 13 
1051.04 13 
408.035 13 
961.505 13 
982.872 13 
921.896 13 
968.334 13 
903.271 13 
920.537 13 
568.722 13 
969.379 13 
817.098 13 
891.185 13 
854.083 13 
912.062 13 
849.04 13 
1009.63 13 
586.076 13 
994.772 13 
1208.01 13 
1041.86 13 
906.79 13 
579.506 13 
990.973 13 
864.686 13 
979.408 13 
1239.32 13 
949.067 13 
695.069 13 
1091.2 13 
1187.19 13 
905.028 13 
752.923 13 
730.41 13 
1015.26 13 
921.572 13 
887.408 13 
965.056 13 
995.923 13 
979.739 13 
1117.46 13 
759.063 13 
995.142 13 
1054.87 13 
688.321 13 
1028.58 13 
469.962 13 
1236.91 13 
813.749 13 
730.787 13 
1192.23 13 
924.448 13 
925.158 13 
966.925 13 
1032.67 13 
1172.82 13 
801.77 13 
1128.45 13 
742.393 13 
912.031 13 
1066.82 13 
549.988 13 
495.226 13 
697.819 13 
1048.49 13 
963.271 13 
422.41 13 
753.632 13 
822.226 13 
765.281 13 
698.344 13 
558.68 13 
1196.04 13 
942.356 13 
712.298 13 
932.425 13 
1251.13 13 
737.435 13 
929.494 13 
887.438 13 
993.035 13 
501.581 13 
871.426 13 
837.416 13 
921.171 13 
895.247 13 
932.815 13 
910.509 13 
818.418 13 
979.772 13 
1174.94 13 
1460.06 13 
539.457 13 
1077.5 13 
1213.16 13 
861.587 13 
973.159 13 
1039 13 
949.882 13 
1015.73 13 
486.443 13 
1024.78 13 
1052.3 13 
981.532 13 
581.903 13 
872.516 13 
848.1 13 
908.691 13 
845.442 13 
886.35 13 
682.149 13 
1123.27 13 
904.551 13 
693.581 13 
649.113 13 
831.32 13 
916.256 13 
987.842 13 
683.46 13 
602.526 13 
763.178 13 
905.603 13 
878.397 13 
1116.23 13 
531.625 13 
914.053 13 
792.756 13 
1264.71 13 
1180.41 13 
932.995 13 
912.055 13 
1389.79 13 
919.827 13 
776.969 13 
837.537 13 
566.198 13 
899.184 13 
986.229 13 
1269.25 13 
910.473 13 
1096.46 13 
996.382 13 
880.942 13 
978.534 13 
952.826 13 
759.957 13 
746.176 13 
1058.86 13 
707.594 13 
795.373 13 
978.538 13 
746.408 13 
914.476 13 
806.579 13 
956.485 13 
757.29 13 
391.839 13 
794.259 13 
684.142 13 
929.335 13 
751.382 13 
985.391 13 
800.681 13 
1051.13 13 
967.686 13 
791.062 13 
918.246 13 
1055.57 13 
1040.48 13 
697.802 13 
1021.76 13 
1444.62 13 
1018.88 13 
853.874 13 
924.597 13 
848.89 13 
970.491 13 
1080.17 13 
1056.57 13 
950.322 13 
893.368 13 
1109.13 13 
937.103 13 
1155.44 13 
1115.1 13 
735.007 13 
957.789 13 
915.236 13 
870.808 13 
929.741 13 
927.093 13 
998.762 13 
858.059 13 
671.834 13 
1042.89 13 
1080.78 13 
967.716 13 
997.419 13 
911.517 13 
1104.13 13 
955.388 13 
951.937 13 
465.779 13 
1193.53 13 
1001.08 13 
1002.93 13 
667.791 13 
1107.63 13 
658.985 13 
890.183 13 
875.789 13 
765.971 13 
980.878 13 
347.79 13 
983.101 13 
1294.14 13 
903.191 13 
1061.72 13 
1161.23 13 
889.497 13 
860.61 13 
840.33 13 
1119.32 13 
1105.12 13 
891.089 13 
976.784 13 
1018.52 13 
980.366 13 
709.089 13 
883.633 13 
1154.03 13 
937.458 13 
816.469 13 
1237.32 13 
1107.39 13 
1264.38 13 
495.881 13 
758.062 13 
1133.03 13 
823.965 13 
1078.43 13 
661.282 13 
1274.59 13 
933.586 13 
686.731 13 
1109.93 13 
927.253 13 
717.955 13 
849.728 13 
654.586 13 
741.113 13 
965.02 13 
986.812 13 
986.473 13 
688.847 13 
733.019 13 
968.379 13 
769.952 13 
752.045 13 
710.065 13 
998.569 13 
719.203 13 
1000.41 13 
932.404 13 
1253.08 13 
961.871 13 
1025.31 13 
530.357 13 
975.161 13 
536.642 13 
981.657 13 
949.846 13 
758.012 13 
1234.94 13 
1022.53 13 
1001.5 13 
919.357 13 
814.614 13 
994.24 13 
913.544 13 
1044.67 13 
850.492 13 
845.743 13 
1195.36 13 
760.027 13 
757.562 13 
743.819 13 
791.159 13 
905.484 13 
970.429 13 
930.744 13 
729.549 13 
1038.86 13 
1201.01 13 
930.153 13 
1112.26 13 
829.13 13 
904.79 13 
870.836 13 
476.991 13 
955.405 13 
1036.13 13 
1038.25 13 
1190.74 13 
983.213 13 
530.661 13 
1039.82 13 
663.626 13 
816.623 13 
1040.75 13 
584.224 13 
