583.316 11 
787.571 11 
866.803 11 
597.361 11 
785.637 11 
527.694 11 
657.945 11 
620.351 11 
784.409 11 
769.368 11 
596.987 11 
695.735 11 
762.563 11 
705.036 11 
822.847 11 
749.725 11 
969.373 11 
637.242 11 
772.005 11 
669.7 11 
619.718 11 
747.392 11 
666.147 11 
696.699 11 
622.909 11 
725.144 11 
816.68 11 
616.157 11 
628.851 11 
695.177 11 
767.72 11 
846.107 11 
791.879 11 
745.545 11 
549.632 11 
738.525 11 
370.308 11 
767.163 11 
906.709 11 
1288.87 11 
582.237 11 
751.226 11 
730.016 11 
776.554 11 
733.656 11 
758.129 11 
732.759 11 
687.231 11 
869.137 11 
941.449 11 
759.458 11 
526.712 11 
628.776 11 
709.229 11 
832.25 11 
851.498 11 
714.784 11 
696.327 11 
418.853 11 
714.496 11 
659.917 11 
461.482 11 
773.406 11 
650.514 11 
732.637 11 
731.868 11 
702.879 11 
674.641 11 
614.793 11 
600.933 11 
877.845 11 
427.821 11 
667.639 11 
694.631 11 
639.839 11 
540.977 11 
696.102 11 
639.236 11 
568.602 11 
532.109 11 
852.565 11 
702.429 11 
640.093 11 
752.446 11 
739.973 11 
709.872 11 
720.105 11 
778.747 11 
595.64 11 
1112.68 11 
670.015 11 
627.425 11 
579.893 11 
649.859 11 
449.344 11 
606.883 11 
762.579 11 
767.784 11 
719.685 11 
732.627 11 
677.56 11 
752.215 11 
567.442 11 
744.255 11 
609.322 11 
571.695 11 
535.793 11 
693.137 11 
677.925 11 
495.244 11 
765.526 11 
786.911 11 
768.828 11 
653.934 11 
401.342 11 
570.002 11 
803.586 11 
646.511 11 
806.297 11 
679.12 11 
752.365 11 
608.265 11 
895.871 11 
547.206 11 
627.75 11 
369.634 11 
773.204 11 
779.541 11 
651.912 11 
583.84 11 
874.147 11 
764.275 11 
624.375 11 
735.921 11 
737.195 11 
640.624 11 
550.471 11 
697.061 11 
625.315 11 
919.51 11 
727.958 11 
595.819 11 
770.74 11 
461.258 11 
821.536 11 
730.781 11 
633.507 11 
832.34 11 
779.978 11 
700.801 11 
528.412 11 
979.16 11 
692.189 11 
661.402 11 
707.49 11 
753.592 11 
733.674 11 
653.432 11 
698.079 11 
929.2 11 
766.922 11 
701.429 11 
687.322 11 
785.46 11 
696.174 11 
816.451 11 
644.822 11 
722.135 11 
497.078 11 
710.019 11 
660.675 11 
729.061 11 
647.369 11 
748.69 11 
602.477 11 
809.944 11 
607.177 11 
734.933 11 
776.094 11 
766.139 11 
610.192 11 
746.462 11 
488.438 11 
719.651 11 
838.129 11 
652.998 11 
709.974 11 
667.348 11 
812.974 11 
781.948 11 
736.742 11 
705.036 11 
761.091 11 
658.259 11 
687.4 11 
704.58 11 
626.103 11 
674.376 11 
883.665 11 
789.897 11 
684.011 11 
684.962 11 
810.971 11 
645.731 11 
829.541 11 
754.544 11 
704.493 11 
811.457 11 
771.467 11 
688.738 11 
746.967 11 
658.262 11 
680.249 11 
782.068 11 
678.41 11 
717.42 11 
756.516 11 
847.819 11 
718.215 11 
766.853 11 
810.529 11 
772.42 11 
750.922 11 
565.781 11 
699.999 11 
630.372 11 
951.616 11 
533.996 11 
677.872 11 
744.632 11 
659.439 11 
726.143 11 
780.117 11 
624.123 11 
724.264 11 
626.034 11 
776.496 11 
724.973 11 
709.748 11 
786.97 11 
759.67 11 
730.899 11 
784.964 11 
667.089 11 
703.827 11 
419.505 11 
643.034 11 
698.003 11 
646.161 11 
729.225 11 
786.088 11 
809.85 11 
798.067 11 
628.085 11 
588.897 11 
806.193 11 
766.706 11 
639.305 11 
699.005 11 
649.316 11 
699.2 11 
524.526 11 
653.206 11 
762.411 11 
593.905 11 
824.98 11 
804.533 11 
729.583 11 
497.058 11 
727.358 11 
728.956 11 
867.481 11 
604.081 11 
851.442 11 
780.069 11 
675.007 11 
709.369 11 
720.397 11 
708.293 11 
791.025 11 
519.373 11 
627.748 11 
797.077 11 
641.114 11 
655.95 11 
752.317 11 
578.236 11 
717.298 11 
698.035 11 
752.481 11 
670.121 11 
570.13 11 
545.908 11 
650.101 11 
536.131 11 
518.081 11 
805.428 11 
819.904 11 
548.349 11 
688.687 11 
664.118 11 
842.673 11 
703.355 11 
689.314 11 
711.872 11 
557.126 11 
712.194 11 
818.473 11 
594.393 11 
736.674 11 
832.124 11 
458.426 11 
709.185 11 
700.081 11 
637.82 11 
796.406 11 
506.589 11 
813.543 11 
661.987 11 
1057.04 11 
711.276 11 
763.616 11 
426.388 11 
747.23 11 
396 11 
519.68 11 
623.084 11 
380.21 11 
652.584 11 
708.927 11 
680.194 11 
1056.32 11 
700.378 11 
805.211 11 
1035.74 11 
661.546 11 
482.845 11 
604.214 11 
847.953 11 
637.73 11 
638.526 11 
703.073 11 
681.99 11 
730.797 11 
802.244 11 
784.625 11 
628.05 11 
745.205 11 
523.002 11 
678.849 11 
736.305 11 
697.896 11 
818.053 11 
719.901 11 
654.719 11 
561.182 11 
677.012 11 
652.707 11 
701.408 11 
741.99 11 
574.722 11 
1087.91 11 
762.344 11 
664.04 11 
704.01 11 
678.798 11 
823.343 11 
754.56 11 
404.657 11 
586.098 11 
794.384 11 
588.037 11 
687.136 11 
784.247 11 
606.82 11 
624.846 11 
647.338 11 
662.882 11 
607.536 11 
719.47 11 
495.605 11 
677.202 11 
634.414 11 
799.197 11 
527.069 11 
966.497 11 
814.309 11 
780.814 11 
687.041 11 
819.758 11 
820.89 11 
519.787 11 
823.202 11 
485.485 11 
491.054 11 
525.588 11 
927.476 11 
770.955 11 
657.411 11 
775.964 11 
788.34 11 
595.564 11 
728.89 11 
797.429 11 
541.646 11 
857.721 11 
687.125 11 
716.783 11 
699.622 11 
605.681 11 
835.982 11 
785.778 11 
577.857 11 
771.975 11 
831.215 11 
857.639 11 
1381.7 11 
751.026 11 
692.643 11 
741.118 11 
700.47 11 
699.217 11 
721.771 11 
914.015 11 
651.388 11 
620.075 11 
801.536 11 
627.941 11 
795.117 11 
481.045 11 
758.635 11 
708.167 11 
563.667 11 
863.562 11 
621.924 11 
929.022 11 
815.254 11 
853.267 11 
630.91 11 
711.134 11 
691.44 11 
594.086 11 
713.984 11 
723.701 11 
497.858 11 
729.629 11 
752.098 11 
630.635 11 
839.875 11 
774.633 11 
669.998 11 
783.898 11 
652.937 11 
472.955 11 
881.655 11 
756.311 11 
735.94 11 
799.727 11 
658.099 11 
672.949 11 
585.879 11 
669.066 11 
694.671 11 
802.425 11 
672.537 11 
1000.04 11 
711.817 11 
583.367 11 
779.804 11 
735.675 11 
640.932 11 
646.457 11 
673.53 11 
641.768 11 
579.963 11 
592.3 11 
386.493 11 
550.323 11 
634.114 11 
651.97 11 
848.854 11 
752.639 11 
899.414 11 
605.184 11 
772.155 11 
709.153 11 
676.333 11 
811.518 11 
638.478 11 
788.319 11 
784.354 11 
755.883 11 
777.692 11 
858.189 11 
1027.61 11 
869.239 11 
611.026 11 
626.206 11 
614.65 11 
653.199 11 
848.697 11 
432.447 11 
559.718 11 
489.321 11 
944.252 11 
746.625 11 
670.686 11 
905.277 11 
772.622 11 
553.055 11 
551.381 11 
568.893 11 
466.739 11 
713.489 11 
669.25 11 
641.713 11 
765.633 11 
589.851 11 
1204.68 11 
736.349 11 
675.502 11 
815.739 11 
781.39 11 
1112.68 11 
583.893 11 
651.868 11 
818.195 11 
598.653 11 
715.434 11 
652.955 11 
652.862 11 
1182.11 11 
656.456 11 
711.51 11 
792.111 11 
925.802 11 
343.053 11 
572.328 11 
821.181 11 
618.319 11 
694.494 11 
747.776 11 
730.756 11 
678.406 11 
552.754 11 
697.176 11 
700.743 11 
581.839 11 
554.782 11 
815.051 11 
663.39 11 
808.419 11 
674.93 11 
954.458 11 
734.18 11 
666.802 11 
795.984 11 
666.027 11 
426.958 11 
511.493 11 
688.55 11 
741.573 11 
727.319 11 
823.789 11 
634.888 11 
1037.88 11 
798.574 11 
650 11 
774.362 11 
718.817 11 
738.593 11 
794.199 11 
839.495 11 
733.268 11 
818.279 11 
682.602 11 
628.487 11 
867.621 11 
738.045 11 
672.625 11 
1058.84 11 
685.315 11 
770.137 11 
556.955 11 
608.547 11 
1076.37 11 
826.675 11 
858.658 11 
769.984 11 
550.64 11 
775.006 11 
733.066 11 
704.212 11 
754.546 11 
688.945 11 
723.699 11 
713.654 11 
676.755 11 
895.973 11 
612.455 11 
1042.32 11 
654.684 11 
739.812 11 
453.558 11 
549.033 11 
785.918 11 
671.404 11 
549.335 11 
665.072 11 
951.969 11 
739.718 11 
402.957 11 
709.261 11 
764.461 11 
764.587 11 
585.51 11 
514.611 11 
716.561 11 
735.578 11 
613.97 11 
718.433 11 
513.623 11 
700.197 11 
740.585 11 
924.474 11 
668.669 11 
759.174 11 
829.874 11 
454.005 11 
675.597 11 
567.547 11 
880.556 11 
744.376 11 
783.778 11 
592.696 11 
761.726 11 
822.954 11 
695.464 11 
717.58 11 
770.799 11 
629.168 11 
641.208 11 
702.39 11 
727.46 11 
791.833 11 
661.722 11 
616.955 11 
1077.32 11 
735.839 11 
651.044 11 
770.116 11 
668.585 11 
850.371 11 
694.735 11 
664.619 11 
694.885 11 
825.771 11 
810.987 11 
954.304 11 
620.043 11 
683.589 11 
720.96 11 
509.632 11 
711.341 11 
575.309 11 
606.657 11 
769.955 11 
860.582 11 
681.729 11 
723.179 11 
705.276 11 
587.869 11 
530.873 11 
779.032 11 
707.803 11 
604.712 11 
423.835 11 
663.068 11 
682.709 11 
840.135 11 
808.162 11 
739.302 11 
918.222 11 
671.079 11 
702.395 11 
971.122 11 
776.086 11 
806.617 11 
924.767 11 
670.358 11 
764.092 11 
820.491 11 
673.318 11 
420.805 11 
762.268 11 
759.13 11 
745.882 11 
554.365 11 
750.869 11 
490.286 11 
647.819 11 
813.64 11 
723.51 11 
708.479 11 
675.788 11 
732.067 11 
872.057 11 
854.748 11 
432.426 11 
790.578 11 
634.479 11 
694.988 11 
698.461 11 
799.317 11 
725.322 11 
745.35 11 
788.757 11 
723.101 11 
686.501 11 
743.469 11 
779.618 11 
669.717 11 
686.165 11 
862.686 11 
754.183 11 
696.793 11 
789.812 11 
651.86 11 
708.552 11 
796.604 11 
629.866 11 
615.989 11 
610.012 11 
705.693 11 
857.248 11 
739.539 11 
668.264 11 
863.823 11 
678.261 11 
726.882 11 
749.49 11 
682.744 11 
1056.71 11 
695.669 11 
650.245 11 
721.745 11 
985.886 11 
732.51 11 
722.072 11 
429.432 11 
715.711 11 
646.084 11 
748.282 11 
946.559 11 
696.178 11 
681.343 11 
936.791 11 
733.804 11 
728.397 11 
610.467 11 
740.829 11 
757.295 11 
682.743 11 
585.753 11 
811.704 11 
564.306 11 
603.125 11 
675.669 11 
797.398 11 
868.376 11 
629.076 11 
858.182 11 
579.326 11 
557.067 11 
697.107 11 
807.421 11 
552.24 11 
692.088 11 
761.815 11 
680.691 11 
758.645 11 
558.852 11 
683.212 11 
641.064 11 
641.974 11 
706.52 11 
749.99 11 
637.332 11 
805.656 11 
824.705 11 
759.445 11 
747.447 11 
736.56 11 
596.725 11 
844.029 11 
1055.28 11 
676.702 11 
581.962 11 
475.385 11 
664.04 11 
562.883 11 
713.971 11 
632.958 11 
796.581 11 
746.47 11 
882.3 11 
436.749 11 
730.347 11 
722.419 11 
650.378 11 
623.351 11 
585.968 11 
789.789 11 
571.829 11 
773.353 11 
834.635 11 
774.352 11 
544.247 11 
823.356 11 
668.432 11 
534.919 11 
768.152 11 
859.56 11 
645.567 11 
742.443 11 
718.21 11 
686.792 11 
937.996 11 
565.14 11 
548.561 11 
733.043 11 
655.856 11 
654.703 11 
682.948 11 
1066.94 11 
706.057 11 
729.082 11 
586.121 11 
750.77 11 
636.756 11 
819.74 11 
553.509 11 
842.733 11 
728.14 11 
656.065 11 
644.667 11 
648.272 11 
694.07 11 
520.534 11 
619.777 11 
688.275 11 
598.432 11 
660.501 11 
518.64 11 
693.632 11 
692.159 11 
759.1 11 
509.71 11 
589.62 11 
795.291 11 
1055.54 11 
669.26 11 
771.038 11 
779.961 11 
756.383 11 
635.269 11 
782.937 11 
853.535 11 
505.414 11 
1060.62 11 
648.052 11 
474.637 11 
639.151 11 
648.688 11 
843.538 11 
844.022 11 
657.042 11 
820.171 11 
844.6 11 
708.348 11 
709.725 11 
628.57 11 
704.903 11 
1445.23 11 
817.971 11 
775.2 11 
760.271 11 
847.051 11 
633.186 11 
580.063 11 
738.476 11 
741.421 11 
1035.63 11 
633.029 11 
770.612 11 
801.046 11 
740.102 11 
848.404 11 
815.415 11 
675.96 11 
809.36 11 
840.794 11 
661.466 11 
754.323 11 
671.82 11 
972.171 11 
694.237 11 
819.064 11 
864.919 11 
505.154 11 
568.894 11 
618.549 11 
646.818 11 
743.366 11 
756.522 11 
993.35 11 
590.334 11 
777.733 11 
623.915 11 
846.929 11 
936.057 11 
911.812 11 
581.234 11 
622.992 11 
704.876 11 
487.07 11 
624.301 11 
504.985 11 
837.374 11 
773.816 11 
797.182 11 
688.973 11 
707.545 11 
774.418 11 
822.275 11 
730.748 11 
753.644 11 
716.608 11 
873.426 11 
731.563 11 
842.439 11 
767.304 11 
746.804 11 
828.117 11 
752.584 11 
528.151 11 
584.013 11 
679.585 11 
745.637 11 
517.806 11 
635.571 11 
678.324 11 
674.223 11 
661.516 11 
879.001 11 
697.276 11 
688.109 11 
895.102 11 
795.519 11 
763.687 11 
800.344 11 
707.253 11 
558.912 11 
1007.34 11 
769.471 11 
836.42 11 
651.786 11 
948.452 11 
752.513 11 
1078.2 11 
686.869 11 
98.5003 11 
802.867 11 
782.893 11 
601.028 11 
716.877 11 
753.612 11 
588.34 11 
660.795 11 
769.9 11 
697.283 11 
720.79 11 
745.907 11 
745.81 11 
745.13 11 
1163.26 11 
720.333 11 
706.675 11 
868.235 11 
686.532 11 
731.159 11 
634.24 11 
510.772 11 
617.986 11 
664.605 11 
557.937 11 
830.458 11 
694.193 11 
856.86 11 
762.322 11 
571.198 11 
498.09 11 
672.216 11 
663.634 11 
687.259 11 
675.866 11 
787.648 11 
658.983 11 
551.056 11 
660.865 11 
769.345 11 
717.382 11 
774.057 11 
654.226 11 
544.978 11 
707.085 11 
670.903 11 
752.937 11 
665.743 11 
607.849 11 
865.309 11 
650.892 11 
661.409 11 
703.233 11 
645.482 11 
714.73 11 
915.416 11 
602.959 11 
721.796 11 
823.373 11 
705.015 11 
647.589 11 
622.77 11 
727.086 11 
470.263 11 
769.474 11 
703.904 11 
799.717 11 
698.248 11 
659.899 11 
527.724 11 
140.932 11 
554.974 11 
626.53 11 
682.014 11 
520.732 11 
508.049 11 
791.388 11 
840.905 11 
705.924 11 
669.549 11 
571.815 11 
727.956 11 
731.683 11 
668.48 11 
647.258 11 
598.307 11 
608.669 11 
677.566 11 
637.333 11 
640.21 11 
677.306 11 
510.257 11 
666.163 11 
494.196 11 
972.855 11 
728.127 11 
713.128 11 
803.574 11 
772.756 11 
726.054 11 
685.052 11 
712.128 11 
727.609 11 
870.478 11 
607.68 11 
777.067 11 
548.851 11 
855.319 11 
916.096 11 
639.47 11 
710.951 11 
605.78 11 
573.91 11 
683.526 11 
688.821 11 
829.48 11 
801.207 11 
823.261 11 
820.957 11 
681.527 11 
708.884 11 
687.155 11 
685.034 11 
646.32 11 
744.869 11 
488.061 11 
647.852 11 
678.923 11 
679.095 11 
963.629 11 
708.242 11 
717.296 11 
485.699 11 
662.45 11 
798.029 11 
699.248 11 
670.408 11 
841.821 11 
663.094 11 
773.401 11 
810.006 11 
800.629 11 
496.639 11 
813.908 11 
788.516 11 
820.671 11 
570.629 11 
943.107 11 
557.682 11 
474.102 11 
694.024 11 
640.023 11 
705.436 11 
770.844 11 
934.496 11 
734.416 11 
592.247 11 
593.821 11 
652.95 11 
809.345 11 
830.995 11 
637.976 11 
608.811 11 
604.673 11 
654.88 11 
818.31 11 
690.716 11 
672.968 11 
659.218 11 
786.923 11 
693.78 11 
764.362 11 
656.497 11 
810.546 11 
766.483 11 
606.835 11 
709.48 11 
898.79 11 
497.415 11 
758.223 11 
653.464 11 
860.272 11 
765.221 11 
605.367 11 
565.014 11 
661.138 11 
736.767 11 
157.697 11 
861.972 11 
734.243 11 
714.716 11 
439.141 11 
622.463 11 
705.935 11 
603.245 11 
644.276 11 
713.358 11 
640.468 11 
904.725 11 
793.772 11 
773.679 11 
1099.4 11 
731.172 11 
693.83 11 
598.186 11 
802.947 11 
704.545 11 
613.795 11 
741.346 11 
791.902 11 
1325.69 11 
906.37 11 
965.442 11 
695.796 11 
673.257 11 
707.784 11 
769.457 11 
828.095 11 
730.736 11 
470.775 11 
934.209 11 
731.908 11 
650.013 11 
449.543 11 
762.591 11 
615.842 11 
749.708 11 
596.581 11 
738.028 11 
735.131 11 
846.301 11 
660.219 11 
757.403 11 
723.302 11 
617.421 11 
704.243 11 
865.979 11 
762.431 11 
628.018 11 
755.329 11 
739.307 11 
608.428 11 
585.886 11 
789.455 11 
627.55 11 
742.156 11 
692.538 11 
807.381 11 
546.199 11 
711.309 11 
378.544 11 
641.696 11 
679.161 11 
1010.01 11 
764.223 11 
537.768 11 
447.084 11 
516.146 11 
541.11 11 
808.164 11 
752.568 11 
738.417 11 
732.505 11 
844.862 11 
1204.32 11 
606.991 11 
657.072 11 
816.914 11 
668 11 
775.968 11 
825.033 11 
764.776 11 
877.445 11 
731.118 11 
685.805 11 
779.874 11 
609.578 11 
858.01 11 
609.068 11 
802.313 11 
773.089 11 
522.474 11 
638.122 11 
765.615 11 
999.244 11 
836.147 11 
720.493 11 
490.824 11 
586.176 11 
871.865 11 
529.617 11 
625.391 11 
724.879 11 
973.277 11 
716.583 11 
811.714 11 
713.186 11 
680.251 11 
842.84 11 
842.374 11 
647.47 11 
843.782 11 
720.316 11 
812.178 11 
760.262 11 
890.731 11 
726.282 11 
619.056 11 
669.727 11 
949.834 11 
538.234 11 
571.864 11 
606.933 11 
814.644 11 
676.689 11 
627.347 11 
753.023 11 
822.903 11 
501.679 11 
601.663 11 
748.14 11 
672.184 11 
603.46 11 
500.718 11 
656.724 11 
614.66 11 
613.675 11 
870.638 11 
685.322 11 
711.958 11 
333.696 11 
728.348 11 
576.734 11 
792.125 11 
689.548 11 
452.445 11 
366.211 11 
613.811 11 
680.449 11 
699.636 11 
681.297 11 
715.494 11 
651.01 11 
771.853 11 
554.528 11 
888.609 11 
404.524 11 
637.931 11 
779.768 11 
461.708 11 
818.578 11 
749.754 11 
725.141 11 
696.548 11 
770.484 11 
624.62 11 
708.442 11 
1086.66 11 
739.117 11 
438.131 11 
803.211 11 
706.389 11 
819.303 11 
665.095 11 
705.945 11 
757.343 11 
955.743 11 
589.741 11 
873.006 11 
756.298 11 
503.218 11 
760.719 11 
746.481 11 
790.82 11 
435.406 11 
958.031 11 
708.72 11 
774.241 11 
882.092 11 
786.86 11 
721.795 11 
1002.28 11 
825.195 11 
794.455 11 
545.7 11 
736.235 11 
911.753 11 
785.646 11 
810.309 11 
720.211 11 
552.152 11 
589.301 11 
725.896 11 
1123.03 11 
764.386 11 
914.957 11 
711.08 11 
758.402 11 
619.134 11 
713.718 11 
602.523 11 
702.243 11 
586.851 11 
801.379 11 
609.683 11 
1007.3 11 
832.746 11 
803.822 11 
733.087 11 
932.274 11 
633.873 11 
717.697 11 
873.491 11 
594.209 11 
679.789 11 
729.681 11 
744.941 11 
615.242 11 
730.538 11 
805.284 11 
673.114 11 
668.762 11 
607.982 11 
605.538 11 
710.139 11 
586.553 11 
671.33 11 
423.122 11 
785.217 11 
1123.44 11 
510.712 11 
711.956 11 
776.556 11 
458.412 11 
779.374 11 
498.728 11 
592.19 11 
756.79 11 
771.388 11 
788.824 11 
527.011 11 
749.048 11 
718.58 11 
550.512 11 
636.693 11 
772.222 11 
395.553 11 
530.804 11 
715.964 11 
688.991 11 
775.383 11 
611.949 11 
669.278 11 
865.896 11 
703.106 11 
442.974 11 
747.07 11 
899.55 11 
646.503 11 
733.507 11 
746.509 11 
751.188 11 
710.399 11 
724.544 11 
524.523 11 
749.037 11 
747.024 11 
707.485 11 
716.041 11 
662.757 11 
661.037 11 
674.186 11 
582.871 11 
786.503 11 
637.605 11 
744.407 11 
862.05 11 
658.471 11 
823.486 11 
1135.8 11 
628.438 11 
401.005 11 
849.992 11 
736.108 11 
707.57 11 
618.996 11 
870.654 11 
699.015 11 
851.706 11 
810.837 11 
718.473 11 
722.179 11 
609.57 11 
817.024 11 
595.612 11 
581.435 11 
626.317 11 
529.191 11 
1547.88 11 
533.56 11 
829.375 11 
883.448 11 
685.527 11 
679.887 11 
827.447 11 
758.209 11 
627.746 11 
582.187 11 
584.446 11 
772.9 11 
857.842 11 
805.937 11 
978.834 11 
501.044 11 
666.091 11 
695.068 11 
741.408 11 
718.427 11 
731.56 11 
762.68 11 
683.307 11 
688.906 11 
499.536 11 
563.909 11 
564.549 11 
463.031 11 
661.49 11 
628.023 11 
718.984 11 
990.568 11 
600.22 11 
432.758 11 
504.979 11 
453.86 11 
687.046 11 
680.014 11 
797.264 11 
486.974 11 
687.174 11 
760.659 11 
637.882 11 
658.942 11 
749.937 11 
758.388 11 
662.88 11 
636.224 11 
516.844 11 
880.946 11 
557.897 11 
748.555 11 
709.137 11 
845.15 11 
667.669 11 
627.571 11 
829.729 11 
789.453 11 
941.387 11 
562.41 11 
775.207 11 
718.408 11 
938.383 11 
700.466 11 
649.497 11 
1023.17 11 
560.816 11 
627.063 11 
600.536 11 
559.865 11 
487.257 11 
829.012 11 
834.445 11 
714.157 11 
690.335 11 
796.703 11 
918.367 11 
689.134 11 
688.276 11 
912.031 11 
687.857 11 
704.738 11 
628.443 11 
581.391 11 
755.014 11 
635.132 11 
799.82 11 
659.551 11 
740.22 11 
765.288 11 
595.982 11 
648.417 11 
824.189 11 
869.395 11 
911.633 11 
810.428 11 
735.801 11 
692.698 11 
745.676 11 
590.296 11 
692.383 11 
793.453 11 
448.621 11 
1155.18 11 
830.81 11 
597.183 11 
502.996 11 
679.889 11 
555.534 11 
418.39 11 
756.621 11 
956.282 11 
857.464 11 
841.275 11 
773.619 11 
689.672 11 
634.25 11 
641.416 11 
694.876 11 
1061.14 11 
747.033 11 
682.561 11 
1136.46 11 
549.258 11 
744.857 11 
556.692 11 
614.098 11 
544.803 11 
820.677 11 
903.32 11 
1080.96 11 
704.084 11 
802.206 11 
574.906 11 
778.142 11 
743.188 11 
763.525 11 
544.502 11 
1158.19 11 
734.671 11 
708.143 11 
879.869 11 
551.515 11 
590.247 11 
638.927 11 
725.967 11 
609.256 11 
814.353 11 
400.001 11 
729.923 11 
686.238 11 
465.375 11 
768.84 11 
613.711 11 
909.251 11 
786.647 11 
713.86 11 
725.164 11 
732.088 11 
727.872 11 
682.997 11 
760.377 11 
712.146 11 
844.638 11 
626.063 11 
821.88 11 
681.648 11 
747 11 
674.934 11 
760.579 11 
573.465 11 
948.959 11 
694.203 11 
748.337 11 
776.564 11 
800.2 11 
494.044 11 
750.971 11 
774.647 11 
703.824 11 
605.98 11 
1040.58 11 
877.384 11 
472.146 11 
556.288 11 
746.992 11 
521.38 11 
705.293 11 
654.039 11 
729.975 11 
957.277 11 
748.905 11 
525.946 11 
726.551 11 
707.735 11 
478.036 11 
781.939 11 
804.913 11 
1136.34 11 
911.184 11 
673.711 11 
763.009 11 
436.331 11 
723.062 11 
550.659 11 
845.335 11 
639.471 11 
807.961 11 
707.817 11 
582.569 11 
750.426 11 
765.66 11 
940.197 11 
812.443 11 
726.237 11 
619.157 11 
442.615 11 
700.152 11 
790.879 11 
719.478 11 
705.578 11 
789.437 11 
627.022 11 
823.53 11 
612.827 11 
838.559 11 
782.841 11 
721.952 11 
536.095 11 
507.182 11 
769.766 11 
740.474 11 
835.148 11 
760.964 11 
1192.09 11 
679.796 11 
809.193 11 
653.39 11 
513.818 11 
710.679 11 
651.866 11 
482.131 11 
840.659 11 
611.353 11 
556.723 11 
667.918 11 
699.49 11 
700.774 11 
557.445 11 
692.483 11 
678.22 11 
527.972 11 
850.526 11 
783.547 11 
801.484 11 
840.946 11 
740.733 11 
884.6 11 
722.499 11 
542.761 11 
415.644 13 
826.507 13 
611.163 13 
663.693 13 
767.236 13 
550.524 13 
636.647 13 
633.706 13 
435.092 13 
766.165 13 
821.053 13 
848.22 13 
656.726 13 
720.033 13 
816.813 13 
709.894 13 
721.927 13 
531.606 13 
513.608 13 
809.318 13 
837.138 13 
1399.03 13 
853.617 13 
760.536 13 
728.319 13 
708.63 13 
647.615 13 
859.543 13 
867.511 13 
1171.07 13 
820.319 13 
706.98 13 
719.078 13 
794.118 13 
570.167 13 
796.105 13 
778.608 13 
543.33 13 
638.109 13 
767.557 13 
684.281 13 
782.124 13 
735.617 13 
728.659 13 
659.726 13 
747.45 13 
841.55 13 
683.978 13 
558.39 13 
855.104 13 
940.707 13 
710.533 13 
755.238 13 
733.591 13 
580.396 13 
1025.13 13 
717.824 13 
843.663 13 
656.917 13 
680.711 13 
531.884 13 
782.876 13 
750.886 13 
859.929 13 
752.481 13 
807.023 13 
711.861 13 
726.492 13 
791.084 13 
777.266 13 
423.082 13 
712.235 13 
1095.92 13 
754.189 13 
720.895 13 
765.726 13 
531.566 13 
662.179 13 
1241.59 13 
966.622 13 
665.489 13 
781.396 13 
858.417 13 
801.225 13 
644.106 13 
680.464 13 
733.726 13 
621.567 13 
606.819 13 
795.269 13 
527.396 13 
726.444 13 
771.323 13 
687.909 13 
449.383 13 
642.855 13 
633.317 13 
829.365 13 
705.782 13 
871.585 13 
668.121 13 
635.281 13 
877.51 13 
778.402 13 
822.8 13 
713.573 13 
695.455 13 
828.753 13 
712.906 13 
622.335 13 
608.769 13 
795.009 13 
813.939 13 
692.635 13 
710.328 13 
211.837 13 
410.058 13 
689.195 13 
611.509 13 
688.003 13 
674.647 13 
561.91 13 
790.562 13 
636.55 13 
1004.16 13 
794.429 13 
801.835 13 
607.902 13 
662.322 13 
515.125 13 
733.339 13 
483.586 13 
746.076 13 
832.538 13 
553.685 13 
628.266 13 
720.712 13 
699.624 13 
677.19 13 
620.175 13 
587.803 13 
688.481 13 
834.051 13 
710.723 13 
723.738 13 
764.871 13 
406.077 13 
466.645 13 
767.089 13 
863.064 13 
746.539 13 
575.147 13 
759.022 13 
772.875 13 
749.221 13 
837.541 13 
785.209 13 
934.263 13 
839.42 13 
794.394 13 
715.411 13 
1007.1 13 
820.405 13 
587.088 13 
592.144 13 
723.961 13 
658.161 13 
742.117 13 
655.72 13 
562.652 13 
674.988 13 
687.156 13 
753.176 13 
710.919 13 
471.059 13 
735.587 13 
447.168 13 
619.134 13 
709.85 13 
734.765 13 
434.931 13 
997.628 13 
652.597 13 
669.426 13 
642.264 13 
803.82 13 
786.798 13 
1396.7 13 
731.975 13 
1011.49 13 
901.821 13 
625.834 13 
661.544 13 
816.271 13 
725.909 13 
881.458 13 
614.507 13 
686.733 13 
884.37 13 
693.639 13 
769.613 13 
404.97 13 
625.701 13 
745.35 13 
683.306 13 
650.555 13 
593.635 13 
745.104 13 
452.338 13 
730.42 13 
552.62 13 
729.41 13 
712.366 13 
821.611 13 
675.367 13 
739.103 13 
797.921 13 
1085.2 13 
571.136 13 
683.544 13 
665.714 13 
745.392 13 
790.443 13 
526.605 13 
740.554 13 
750.375 13 
660.215 13 
667.927 13 
570.875 13 
685.12 13 
721.74 13 
952.99 13 
735.909 13 
717.674 13 
669.338 13 
695.697 13 
471.678 13 
614.342 13 
781.514 13 
957.902 13 
702.284 13 
557.906 13 
512.386 13 
628.186 13 
749.674 13 
739.648 13 
694.049 13 
923.463 13 
823.201 13 
697.451 13 
636.358 13 
473.431 13 
706.347 13 
647.276 13 
985.459 13 
841.018 13 
454.675 13 
628.414 13 
635.338 13 
797.197 13 
684.03 13 
565.875 13 
956.29 13 
640.703 13 
730.995 13 
780.608 13 
686.903 13 
965.011 13 
746.089 13 
799.086 13 
673.037 13 
661.212 13 
462.735 13 
692.775 13 
662.426 13 
758.057 13 
736.487 13 
788.488 13 
714.261 13 
768.961 13 
816.355 13 
789.282 13 
738.437 13 
542.619 13 
781.244 13 
661.959 13 
809.715 13 
958.312 13 
1098.4 13 
807.403 13 
509.987 13 
602.886 13 
558.448 13 
666.664 13 
742.913 13 
971.815 13 
655.934 13 
586.579 13 
782.459 13 
934.372 13 
640.951 13 
850.416 13 
860.399 13 
726.088 13 
788.347 13 
765.045 13 
457.082 13 
681.666 13 
579.53 13 
575.788 13 
639.916 13 
599.393 13 
756.968 13 
549.985 13 
488.658 13 
589.286 13 
610.81 13 
734.504 13 
893.136 13 
786.281 13 
874.363 13 
749.969 13 
779.528 13 
639.573 13 
563.007 13 
738.255 13 
703.003 13 
672.35 13 
747.162 13 
424.032 13 
634.718 13 
700.021 13 
801.2 13 
846.957 13 
748.705 13 
676.359 13 
699.518 13 
682.636 13 
549.409 13 
728.36 13 
688.193 13 
687.2 13 
840.606 13 
492.09 13 
731.563 13 
549.49 13 
763.077 13 
730.96 13 
765.796 13 
872.403 13 
1044.83 13 
688.923 13 
954.057 13 
743.373 13 
571.505 13 
763.57 13 
761.932 13 
883.765 13 
393.047 13 
368.821 13 
407.929 13 
744.795 13 
721.923 13 
889.721 13 
568.215 13 
643.916 13 
554.67 13 
795.642 13 
747.598 13 
660.266 13 
758.143 13 
771.79 13 
872.084 13 
658.97 13 
623.842 13 
742.839 13 
866.151 13 
700.295 13 
714.049 13 
722.391 13 
808.863 13 
636.605 13 
1154.27 13 
561.13 13 
714.835 13 
685.191 13 
952.982 13 
618.2 13 
747.405 13 
969.906 13 
692.952 13 
759.855 13 
649.522 13 
804.698 13 
588.386 13 
811.191 13 
818.424 13 
686.96 13 
716.976 13 
789.274 13 
770.282 13 
674.493 13 
747.031 13 
484.327 13 
774.15 13 
648.565 13 
724.479 13 
681.687 13 
887.111 13 
1006.69 13 
564.159 13 
673.681 13 
604.019 13 
740.901 13 
704.461 13 
578.529 13 
645.421 13 
824.287 13 
694.947 13 
881.574 13 
801.945 13 
551.973 13 
633.356 13 
764.269 13 
639.517 13 
908.059 13 
724.271 13 
737.948 13 
572.943 13 
752.823 13 
649.733 13 
766.347 13 
823.795 13 
722.686 13 
726.89 13 
712.795 13 
770.696 13 
826.311 13 
794.388 13 
791.999 13 
777.214 13 
893.472 13 
627.788 13 
467.107 13 
673.162 13 
549.157 13 
693.927 13 
790.802 13 
1004.08 13 
546.253 13 
1132.78 13 
633.511 13 
778.68 13 
686.282 13 
750.859 13 
676.271 13 
726.538 13 
703.548 13 
708.207 13 
683.476 13 
796.91 13 
666.382 13 
683.589 13 
588.275 13 
1234.35 13 
638.304 13 
615.584 13 
636.298 13 
783.406 13 
950.488 13 
767.48 13 
629.081 13 
661.193 13 
465.926 13 
711.886 13 
685.943 13 
873.245 13 
881.835 13 
796.278 13 
696.09 13 
551.669 13 
749.009 13 
864.712 13 
707.616 13 
739.485 13 
680.747 13 
559.006 13 
775.606 13 
698.888 13 
576.017 13 
699.911 13 
713.343 13 
756.857 13 
758.466 13 
563.524 13 
637.087 13 
940.67 13 
764.178 13 
847.091 13 
703.627 13 
812.258 13 
873.821 13 
719.1 13 
690.537 13 
751.683 13 
638.044 13 
742.073 13 
796.294 13 
699.048 13 
791.166 13 
787.56 13 
681.767 13 
755.21 13 
810.766 13 
875.634 13 
964.529 13 
731.515 13 
656.912 13 
660.948 13 
501.657 13 
817.227 13 
703.673 13 
592.2 13 
838.496 13 
694.665 13 
1344.56 13 
410.664 13 
797.226 13 
740.156 13 
830.783 13 
821.263 13 
513.743 13 
927.338 13 
751.456 13 
545.173 13 
776.045 13 
597.363 13 
772.242 13 
735.945 13 
615.407 13 
896.869 13 
569.621 13 
732.633 13 
632.887 13 
676.828 13 
681.735 13 
738.089 13 
679.445 13 
478.407 13 
673.15 13 
761.666 13 
784.921 13 
675.133 13 
611.034 13 
669.005 13 
536.436 13 
686.283 13 
652.143 13 
652.726 13 
546.819 13 
617.223 13 
1049.64 13 
696.368 13 
743.801 13 
830.083 13 
1382.98 13 
576.778 13 
689.372 13 
450.625 13 
714.999 13 
643.152 13 
710.083 13 
826.804 13 
752.074 13 
671.341 13 
956.343 13 
564.045 13 
892.704 13 
729.376 13 
547.145 13 
752.154 13 
509.43 13 
744.337 13 
689.633 13 
1077.82 13 
1025.4 13 
510.265 13 
759.052 13 
726.402 13 
709.599 13 
766.523 13 
805.838 13 
576.909 13 
674.047 13 
407.874 13 
743.547 13 
793.858 13 
453.698 13 
526.373 13 
762.104 13 
721.483 13 
677.409 13 
464.492 13 
680.935 13 
740.214 13 
632.215 13 
703.934 13 
772.871 13 
1214.91 13 
673.577 13 
807.343 13 
464.807 13 
662.011 13 
709.928 13 
651.966 13 
704.597 13 
408.164 13 
636.206 13 
779.578 13 
778.36 13 
650.839 13 
667.918 13 
603.119 13 
767.126 13 
885.741 13 
696.905 13 
410.665 13 
786.993 13 
711.265 13 
771.892 13 
853.322 13 
787.296 13 
927.608 13 
882.368 13 
694.427 13 
764.045 13 
431.882 13 
698.675 13 
683.091 13 
717.882 13 
813.256 13 
636.683 13 
477.615 13 
673.893 13 
747.189 13 
654.723 13 
749.417 13 
699.387 13 
607.086 13 
690.46 13 
703.774 13 
781.406 13 
674.491 13 
731.065 13 
709.667 13 
893.956 13 
805.628 13 
740.898 13 
630.553 13 
671.202 13 
1107.02 13 
416.624 13 
716.259 13 
704.095 13 
829.06 13 
737.337 13 
857.021 13 
832.206 13 
700.602 13 
553.485 13 
753.655 13 
931.185 13 
936.543 13 
877.078 13 
1180.67 13 
728.72 13 
787.559 13 
695.456 13 
699.482 13 
812.197 13 
825.444 13 
769.123 13 
1200.82 13 
729.24 13 
717.964 13 
634.656 13 
800.322 13 
551.761 13 
680.071 13 
427.017 13 
742.303 13 
704.533 13 
879.47 13 
740.738 13 
940.244 13 
417.472 13 
752.577 13 
791.744 13 
752.404 13 
702.899 13 
824.882 13 
774.306 13 
726.762 13 
880.396 13 
719.823 13 
660.417 13 
754.702 13 
587.912 13 
728.092 13 
712.283 13 
837.363 13 
669.277 13 
642.719 13 
694.776 13 
885.074 13 
586.791 13 
837.662 13 
602.404 13 
1001.09 13 
741.76 13 
852.654 13 
698.936 13 
781.692 13 
668.526 13 
530.511 13 
657.802 13 
791.59 13 
713.394 13 
408.136 13 
678.951 13 
852.273 13 
354.093 13 
676.154 13 
752.184 13 
668.881 13 
650.242 13 
664.79 13 
915.047 13 
754.91 13 
913.587 13 
571.907 13 
720.003 13 
687.185 13 
749.563 13 
662.18 13 
647.399 13 
782.256 13 
850.795 13 
763.332 13 
766.532 13 
822.409 13 
488.561 13 
440.273 13 
553.083 13 
806.506 13 
824.029 13 
767.259 13 
610.668 13 
657.793 13 
601.088 13 
647.301 13 
674.77 13 
730.498 13 
788.46 13 
906.558 13 
539.748 13 
804.819 13 
372.453 13 
760.606 13 
669.076 13 
647.815 13 
634.396 13 
601.908 13 
732.49 13 
569.393 13 
692.462 13 
827.949 13 
741.206 13 
779.539 13 
393.954 13 
702.644 13 
1111.35 13 
875.37 13 
640.843 13 
463.21 13 
678.663 13 
791.313 13 
515.42 13 
833.075 13 
759.26 13 
883.889 13 
654.44 13 
745.94 13 
1102.63 13 
609.97 13 
756.226 13 
500.572 13 
661.491 13 
675.592 13 
753.782 13 
474.774 13 
739.812 13 
816.369 13 
798.451 13 
686.501 13 
585.745 13 
863.589 13 
539.21 13 
752.731 13 
762.206 13 
755.763 13 
662.509 13 
701.368 13 
678.696 13 
772.426 13 
711.994 13 
716.513 13 
522.161 13 
687.801 13 
644.433 13 
712.235 13 
707.186 13 
738.721 13 
647.917 13 
715.296 13 
528.722 13 
671.894 13 
505.694 13 
732.713 13 
828.611 13 
604.167 13 
805.692 13 
677.605 13 
708.276 13 
558.77 13 
755.469 13 
753.827 13 
760.745 13 
730.294 13 
719.565 13 
750.023 13 
619.668 13 
455.139 13 
629.29 13 
870.536 13 
700.537 13 
630.377 13 
689.494 13 
717.55 13 
735.73 13 
1212.93 13 
773.901 13 
669.989 13 
636.272 13 
783.437 13 
511.128 13 
671.4 13 
696.582 13 
661.091 13 
964.608 13 
477.928 13 
550.437 13 
782.677 13 
775.109 13 
750.801 13 
831.25 13 
605.581 13 
647.62 13 
413.664 13 
739.439 13 
572.802 13 
873.239 13 
596.818 13 
808.506 13 
467.308 13 
767.564 13 
818.627 13 
533.091 13 
950.443 13 
687.708 13 
621.484 13 
711.82 13 
786.249 13 
753.598 13 
754.372 13 
788.914 13 
590.784 13 
726.88 13 
427.191 13 
824.026 13 
780.706 13 
691.637 13 
757.078 13 
1277.43 13 
576.485 13 
949.365 13 
452.822 13 
413.98 13 
784.6 13 
714.998 13 
949.679 13 
689.542 13 
725.064 13 
655.361 13 
748.396 13 
676.916 13 
792.564 13 
658.164 13 
725.925 13 
626.574 13 
830.969 13 
691.773 13 
626.483 13 
706.166 13 
869.896 13 
1004.74 13 
667.651 13 
735.842 13 
772.601 13 
726.491 13 
622.915 13 
691.557 13 
935.413 13 
542.236 13 
744.634 13 
654.673 13 
485.595 13 
638.753 13 
691.171 13 
818.075 13 
708.701 13 
670.108 13 
873.628 13 
839.346 13 
721.331 13 
598.974 13 
734.123 13 
739.284 13 
581.997 13 
781.226 13 
574.275 13 
601.833 13 
751.892 13 
563.61 13 
526.106 13 
599.393 13 
820.141 13 
655.962 13 
780.425 13 
662.86 13 
551.584 13 
459.11 13 
655.144 13 
882.122 13 
725.581 13 
664.004 13 
551.536 13 
610.367 13 
801.987 13 
492.054 13 
759.785 13 
701.56 13 
764.707 13 
654.734 13 
719.939 13 
690.64 13 
593.053 13 
690.004 13 
722.799 13 
691.521 13 
732.162 13 
776.292 13 
523.858 13 
718.026 13 
921.833 13 
613.372 13 
723.756 13 
685.586 13 
739.612 13 
858.305 13 
680.885 13 
700.907 13 
803.559 13 
660.399 13 
857.293 13 
794.851 13 
716.096 13 
585.679 13 
750.636 13 
618.133 13 
651.163 13 
865.054 13 
760.569 13 
680.378 13 
786.861 13 
770.905 13 
725.115 13 
559.296 13 
698.464 13 
746.706 13 
697.166 13 
818.637 13 
817.478 13 
733.456 13 
789.473 13 
764.571 13 
855.199 13 
751.776 13 
732.653 13 
662.792 13 
715.933 13 
672.242 13 
564.634 13 
512.177 13 
508.541 13 
649.756 13 
508.906 13 
546.79 13 
724.98 13 
784.017 13 
692.466 13 
706.643 13 
694.479 13 
698.081 13 
595.731 13 
700.71 13 
758.083 13 
721.981 13 
927.906 13 
663.934 13 
730.618 13 
603.602 13 
485.762 13 
610.684 13 
801.695 13 
631.682 13 
711.334 13 
813.975 13 
728.103 13 
758.372 13 
847.959 13 
666.482 13 
768.1 13 
594.496 13 
700.566 13 
684.495 13 
786.156 13 
668.285 13 
872.976 13 
687.394 13 
781.551 13 
915.871 13 
785.288 13 
827.305 13 
613.965 13 
738.33 13 
704.597 13 
639.646 13 
1100.77 13 
517.069 13 
773.301 13 
763.209 13 
682.233 13 
673.281 13 
833.039 13 
701.863 13 
689.717 13 
937.706 13 
757.401 13 
631.699 13 
911.812 13 
723.197 13 
488.637 13 
1024.31 13 
615.879 13 
722.457 13 
890.347 13 
762.784 13 
706.753 13 
674.276 13 
739.784 13 
598.253 13 
553.84 13 
745.963 13 
694.26 13 
673.824 13 
664.182 13 
670.17 13 
677.114 13 
553.574 13 
875.793 13 
684.212 13 
665.336 13 
818.589 13 
633.75 13 
805.239 13 
704.247 13 
810.304 13 
751.783 13 
682.992 13 
750.93 13 
707.304 13 
691.132 13 
722.594 13 
926.859 13 
556.916 13 
1120.61 13 
777.279 13 
694.802 13 
719.288 13 
889.184 13 
1024.43 13 
786.319 13 
860.868 13 
580.808 13 
578.147 13 
1047.27 13 
840.432 13 
763.88 13 
725.548 13 
793.707 13 
963.327 13 
807.903 13 
716.183 13 
716.789 13 
911.636 13 
621.805 13 
667.444 13 
661.031 13 
622.107 13 
704.101 13 
604.332 13 
542.958 13 
633.62 13 
741.451 13 
737.782 13 
599.892 13 
661.423 13 
515.654 13 
945.87 13 
874.377 13 
663.308 13 
587.642 13 
566.597 13 
592.043 13 
453.654 13 
690.67 13 
909.287 13 
834.448 13 
656.647 13 
705.777 13 
895.945 13 
596.528 13 
731.119 13 
732.179 13 
697.649 13 
674.364 13 
633.544 13 
600.186 13 
861.744 13 
891.571 13 
695.114 13 
723.277 13 
802.375 13 
832.102 13 
1009.01 13 
671.739 13 
738.553 13 
689.61 13 
609.808 13 
596.446 13 
643.557 13 
572.997 13 
679.016 13 
645.66 13 
768.229 13 
844.897 13 
731.273 13 
733.701 13 
320.65 13 
807.734 13 
610.412 13 
621.608 13 
697.307 13 
794.46 13 
625.044 13 
762.772 13 
643.646 13 
862.458 13 
820.638 13 
672.926 13 
705.357 13 
476.88 13 
832.816 13 
712.477 13 
964.037 13 
865.564 13 
403.102 13 
675.322 13 
687.777 13 
753.036 13 
635.989 13 
580.976 13 
495.393 13 
693.595 13 
716.789 13 
644.167 13 
536.797 13 
1191.09 13 
825.898 13 
651.729 13 
684.945 13 
480.499 13 
776.915 13 
672.806 13 
598.883 13 
759.574 13 
815.672 13 
653.171 13 
658.25 13 
705.759 13 
506.854 13 
818.377 13 
741.129 13 
547.442 13 
685.679 13 
556.366 13 
791.539 13 
695.643 13 
592.833 13 
751.855 13 
733.208 13 
701.797 13 
744.911 13 
471.431 13 
1247.78 13 
795.694 13 
832.703 13 
697.709 13 
606.399 13 
1186.64 13 
736.891 13 
600.376 13 
689.87 13 
648.51 13 
419.55 13 
532.826 13 
465.829 13 
800.762 13 
577.321 13 
827.349 13 
888.542 13 
972.812 13 
612.614 13 
644.33 13 
530.127 13 
846.442 13 
724.29 13 
1071.89 13 
822.273 13 
859.208 13 
690.701 13 
1129 13 
964.742 13 
747.542 13 
761.134 13 
830.165 13 
673.403 13 
799.68 13 
809.367 13 
645.821 13 
643.027 13 
717.219 13 
805.041 13 
773.782 13 
659.617 13 
698.951 13 
600.774 13 
1076.15 13 
1063.81 13 
648.811 13 
689.214 13 
672.116 13 
377.492 13 
717.183 13 
741.323 13 
762.011 13 
598.579 13 
809.862 13 
715.081 13 
626.341 13 
665.185 13 
739.073 13 
790.713 13 
787.665 13 
793.865 13 
499.026 13 
828.497 13 
708.377 13 
866.911 13 
1035.03 13 
619.485 13 
707.91 13 
1278.34 13 
708.674 13 
716.453 13 
777.316 13 
493.351 13 
769.613 13 
698.124 13 
813.25 13 
701.224 13 
666.187 13 
603.051 13 
659.044 13 
749.306 13 
696.379 13 
645.717 13 
490.446 13 
630.633 13 
723.012 13 
743.578 13 
719.4 13 
715.586 13 
729.7 13 
443.914 13 
517.993 13 
627.435 13 
793.448 13 
1030.37 13 
994.701 13 
729.027 13 
900.343 13 
594.848 13 
445.256 13 
758.145 13 
772.837 13 
818.289 13 
771.188 13 
784.747 13 
756.998 13 
683.234 13 
728.178 13 
613.441 13 
603.219 13 
783.371 13 
735.738 13 
531.161 13 
603.965 13 
556.759 13 
301.833 13 
691.182 13 
690.581 13 
876.296 13 
733.297 13 
695.932 13 
450.128 13 
697.921 13 
548.037 13 
734.107 13 
820.985 13 
649.291 13 
616.82 13 
423.406 13 
646.372 13 
938.029 13 
712.314 13 
535.736 13 
673.919 13 
797.678 13 
768.699 13 
687.626 13 
689.702 13 
782.317 13 
664.293 13 
501.462 13 
749.672 13 
641.638 13 
661.968 13 
752.175 13 
594.444 13 
749.672 13 
615.237 13 
754.419 13 
917.106 13 
874.896 13 
760.596 13 
683.864 13 
810.383 13 
829.628 13 
550.331 13 
709.273 13 
868.086 13 
889.931 13 
597.843 13 
365.353 13 
618.529 13 
750.69 13 
745.179 13 
894.231 13 
896.504 13 
682.965 13 
933.644 13 
607.162 13 
813.54 13 
547.08 13 
675.812 13 
736.361 13 
703.911 13 
620.425 13 
726.094 13 
712.128 13 
694.918 13 
636.201 13 
752.991 13 
697.33 13 
808.225 13 
769.069 13 
1010.21 13 
739.14 13 
697.924 13 
659.135 13 
711.016 13 
712.209 13 
791.148 13 
778.215 13 
983.199 13 
815.259 13 
699.354 13 
740.47 13 
630.225 13 
717.256 13 
640.059 13 
827.128 13 
731.021 13 
685.216 13 
777.429 13 
594.021 13 
679.862 13 
639.966 13 
648.253 13 
498.277 13 
712.78 13 
700.977 13 
700.958 13 
703.141 13 
628.326 13 
702.335 13 
474.625 13 
653.663 13 
432.927 13 
910.552 13 
796.161 13 
705.321 13 
744.294 13 
968.72 13 
747.585 13 
757.995 13 
709.491 13 
696.611 13 
857.368 13 
893.403 13 
734.581 13 
589.731 13 
597.851 13 
765.582 13 
752.695 13 
742.916 13 
840.37 13 
737.092 13 
776.444 13 
437.133 13 
887.659 13 
674.027 13 
460.529 13 
776.643 13 
712.413 13 
762.119 13 
1015.29 13 
953.604 13 
694.322 13 
663.133 13 
776.478 13 
1145.07 13 
630.553 13 
977.653 13 
863.891 13 
1010.59 13 
558.28 13 
876.436 13 
771.109 13 
941.339 13 
725.577 13 
676.521 13 
516.545 13 
705.544 13 
696.135 13 
550.78 13 
700.089 13 
692.733 13 
496.512 13 
547.281 13 
593.029 13 
507.16 13 
701.644 13 
757.457 13 
760.8 13 
919.219 13 
589.474 13 
1025.19 13 
664.414 13 
689.271 13 
846.724 13 
663.394 13 
708.159 13 
437.776 13 
713.89 13 
696.795 13 
792.059 13 
747.216 13 
840.794 13 
625.805 13 
763.831 13 
484.473 13 
740.588 13 
806.427 13 
727.268 13 
855.92 13 
811.882 13 
733.66 13 
761.195 13 
515.951 13 
572.592 13 
622.755 13 
706.174 13 
480.972 13 
603.139 13 
756.252 13 
773.369 13 
588.006 13 
670.453 13 
746.829 13 
1080.7 13 
565.784 13 
665.763 13 
745.788 13 
651.491 13 
761.553 13 
752.43 13 
877.734 13 
680.454 13 
519.325 13 
690.596 13 
402.301 13 
712.96 13 
497.18 13 
715.414 13 
446.427 13 
1020.93 13 
813.272 13 
576.971 13 
806.358 13 
903.089 13 
776.222 13 
518.224 13 
553.851 13 
628.763 13 
667.638 13 
740.603 13 
800.973 13 
561.455 13 
481.301 13 
755.119 13 
644.032 13 
501.732 13 
714.338 13 
736.812 13 
715.387 13 
670.91 13 
784.29 13 
730.334 13 
712.955 13 
625.318 13 
821.96 13 
809.627 13 
644.728 13 
704.642 13 
560.332 13 
894.419 13 
741.244 13 
760.906 13 
720.301 13 
789.07 13 
874.116 13 
834.306 13 
588.115 13 
759.069 13 
738.414 13 
818.809 13 
569.034 13 
824.749 13 
754.927 13 
755.217 13 
472.137 13 
753.446 13 
606.273 13 
764.559 13 
682.303 13 
791.644 13 
772.561 13 
811.824 13 
742.653 13 
735.407 13 
705.424 13 
690.545 13 
731.745 13 
572.198 13 
694.491 13 
684.65 13 
730.905 13 
643.119 13 
722.161 13 
749.958 13 
856.162 13 
962.785 13 
819.138 13 
634.434 13 
794.477 13 
353.074 13 
759.87 13 
631.828 13 
573.754 13 
720.934 13 
731.638 13 
731.31 13 
837.7 13 
775.79 13 
871.529 13 
676.834 13 
640.083 13 
763.493 13 
1006.58 13 
702.784 13 
755.47 13 
510.065 13 
604.641 13 
741.28 13 
841.93 13 
484.214 13 
832.764 13 
720.079 13 
788.333 13 
740.609 13 
911.467 13 
671.785 13 
686.175 13 
801.504 13 
769.696 13 
616.137 13 
952.642 13 
783.074 13 
362.424 13 
746.431 13 
600.34 13 
653.862 13 
728.575 13 
544.962 13 
1733.42 13 
771.376 13 
800.475 13 
656.025 13 
492.42 13 
973.753 13 
880.659 13 
491.523 13 
487.199 13 
747.135 13 
577.536 13 
564.984 13 
747.905 13 
674.051 13 
724.189 13 
756.769 13 
634.523 13 
503.683 13 
406.061 13 
497.287 13 
754.895 13 
563.649 13 
751.151 13 
779.788 13 
731.484 13 
726.05 13 
799.15 13 
706.832 13 
911.428 13 
723.551 13 
736.258 13 
615.791 13 
603.49 13 
591.024 13 
711.926 13 
537.028 13 
696.552 13 
1093.8 13 
635.874 13 
567.67 13 
706.256 13 
643.464 13 
733.768 13 
640.959 13 
631.75 13 
514.072 13 
564.32 13 
717.958 13 
754.602 13 
667.038 13 
542.295 13 
691.936 13 
888.967 13 
670.82 13 
725.613 13 
501.705 13 
930.139 13 
622.647 13 
698.418 13 
791.315 13 
756.415 13 
793.581 13 
790.063 13 
681.775 13 
905.562 13 
857.375 13 
693.556 13 
553.934 13 
842.029 13 
789.804 13 
615.895 13 
878.978 13 
829.886 13 
709.491 13 
788.541 13 
799.521 13 
546.72 13 
988.571 13 
773.374 13 
636.496 13 
611.694 13 
708.171 13 
730.689 13 
935.332 13 
651.159 13 
655.067 13 
769.585 13 
690.985 13 
860.964 13 
716.455 13 
607.553 13 
649.403 13 
647.858 13 
498.386 13 
798.408 13 
743.759 13 
629.134 13 
801.998 13 
602.468 13 
645.547 13 
762.9 13 
516.928 13 
628.535 13 
644.383 13 
681.12 13 
736.414 13 
708.896 13 
1089.01 13 
972.386 13 
813.731 13 
550.096 13 
677.344 13 
243.787 13 
801.783 13 
1320.78 13 
544.9 13 
730.098 13 
708.644 13 
723.86 13 
551.206 13 
1006.46 13 
726.642 13 
681.74 13 
652.719 13 
763.715 13 
354.501 13 
849.958 13 
468.037 13 
551.063 13 
871.63 13 
775.544 13 
640.787 13 
620.95 13 
700.285 13 
652.422 13 
864.088 13 
746.281 13 
748.995 13 
707.216 13 
694.345 13 
799.389 13 
784.35 13 
704.94 13 
704.72 13 
698.484 13 
699.093 13 
761.898 13 
694.767 13 
788.69 13 
798.843 13 
712.252 13 
817.939 13 
692.897 13 
777.018 13 
737.906 13 
595.266 13 
728.96 13 
767.982 13 
337.279 13 
546.111 13 
712.419 13 
690.857 13 
606.242 13 
760.27 13 
742.257 13 
665.302 13 
692.695 13 
484.979 13 
781.086 13 
1024.52 13 
642.876 13 
757.008 13 
630.24 13 
857.299 13 
433.276 13 
879.661 13 
568.919 13 
833.166 13 
641.124 13 
653.307 13 
663.605 13 
756.623 13 
728.287 13 
703.46 13 
651.364 13 
532.162 13 
1005.06 13 
699.164 13 
892.69 13 
735.3 13 
709.701 13 
686.098 13 
650.466 13 
911.049 13 
592.319 13 
579.401 13 
816.586 13 
670.258 13 
672.521 13 
684.063 13 
821.798 13 
597.943 13 
652.12 13 
665.917 13 
707.611 13 
609.417 13 
600.551 13 
544.971 13 
690.535 13 
730.796 13 
637.679 13 
758.646 13 
616.177 13 
643.158 13 
847.969 13 
780.621 13 
795.288 13 
677.945 13 
543.677 13 
645.049 13 
929.283 13 
757.392 13 
729.57 13 
886.62 13 
600.177 13 
720.9 13 
451.091 13 
796.218 13 
644.214 13 
517.108 13 
766.214 13 
808.917 13 
808.935 13 
531.695 13 
722.189 13 
801.039 13 
698.865 13 
647.205 13 
681.49 13 
503.292 13 
582.015 13 
682.209 13 
694.383 13 
618.559 13 
693.483 13 
812.074 13 
692.167 13 
522.759 13 
806.713 13 
792.474 13 
652.264 13 
576.174 13 
820.468 13 
631.376 13 
723.057 13 
768.04 13 
647.672 13 
464.902 13 
571.908 13 
757.596 13 
722.483 13 
1011.41 13 
580.624 13 
635.711 13 
653.518 13 
722.982 13 
699.831 13 
813.777 13 
752.165 13 
953.756 13 
758.502 13 
681.955 13 
1042.04 13 
701.45 13 
563.484 13 
674.376 13 
509.347 13 
585.641 13 
849.372 13 
762.289 13 
514.443 13 
620.513 13 
663.572 13 
764.04 13 
776.289 13 
767.401 13 
766.109 13 
754.092 13 
772.224 13 
730.608 13 
557.217 13 
495.111 13 
785.587 13 
807.511 13 
624.235 13 
551.738 13 
424.416 13 
552.465 13 
790.522 13 
798.852 13 
481.576 13 
730.209 13 
724.24 13 
707.234 13 
619.35 13 
786.05 13 
683.446 13 
756.873 13 
739.608 13 
947.864 13 
737.781 13 
498.688 13 
624.569 13 
599.886 13 
627.464 13 
709.961 13 
642.958 13 
673.742 13 
666.948 13 
700.804 13 
722.284 13 
721.794 13 
695.66 13 
538.608 13 
642.677 13 
703.801 13 
784.555 13 
587.974 13 
725.657 13 
373.613 13 
690.134 13 
468.88 13 
712.66 13 
632.878 13 
652.875 13 
690.754 13 
737.088 13 
605.168 13 
830.07 13 
738.445 13 
571.923 13 
754.972 13 
591.266 13 
755.059 13 
659.901 13 
877.959 13 
923.092 13 
977.193 13 
822.27 13 
617.476 13 
719.033 13 
799.954 13 
769.205 13 
780.415 13 
515.603 13 
946.479 13 
782.649 13 
689.238 13 
690.99 13 
697.226 13 
667.354 13 
677.687 13 
901.673 13 
772.244 13 
678.577 13 
710.948 13 
793.531 13 
519.176 13 
861.324 13 
520.643 13 
615.16 13 
724.476 13 
717.1 13 
646.692 13 
491.539 13 
711.868 13 
816.682 13 
702.636 13 
717.539 13 
729.663 13 
702.607 13 
699.667 13 
884.682 13 
669.22 13 
452.042 13 
630.887 13 
667.768 13 
730.26 13 
720.454 13 
400.83 13 
567.227 13 
386.382 13 
737.028 13 
768.442 13 
612.187 13 
1249.6 13 
795.902 13 
752.218 13 
805.113 13 
592.126 13 
747.393 13 
710.729 13 
747.067 13 
1175.38 13 
727.002 13 
622.971 13 
453.61 13 
800.727 13 
1017.53 13 
849.042 13 
801.864 13 
633.249 13 
480.69 13 
772.971 13 
565.543 13 
750.203 13 
707.589 13 
805.213 13 
889.86 13 
794.697 13 
744.543 13 
772.523 13 
753.701 13 
991.685 13 
866.045 13 
687.257 13 
734.393 13 
531.327 13 
1298.23 13 
531.178 13 
446.219 13 
1013.54 13 
736.157 13 
773.096 13 
483.506 13 
803.66 13 
656.498 13 
822.939 13 
832.605 13 
754.17 13 
724.273 13 
724.987 13 
879.132 13 
635.772 13 
639.607 13 
823.721 13 
657.232 13 
681.691 13 
694.148 13 
865.616 13 
732.392 13 
724.813 13 
654.942 13 
771.212 13 
760.746 13 
773.651 13 
739.249 13 
700.08 13 
821.115 13 
1028.63 13 
557.25 13 
689.061 13 
486.176 13 
699.956 13 
834.959 13 
748.134 13 
767.99 13 
714.589 13 
603.482 13 
777.892 13 
731.353 13 
780.184 13 
705.366 13 
661.811 13 
872.078 13 
727.795 13 
729.329 13 
659.35 13 
685.311 13 
595.762 13 
627.132 13 
862.305 13 
745.196 13 
722.659 13 
724.741 13 
791.45 13 
697.426 13 
668.385 13 
933.534 13 
794.578 13 
826.28 13 
692.812 13 
730.77 13 
749.971 13 
973.342 13 
758.267 13 
698.622 13 
714.88 13 
671.239 13 
806.165 13 
623.938 13 
706.886 13 
769.891 13 
432.585 13 
446.391 13 
678.034 13 
673.992 13 
793.436 13 
487.148 13 
756.56 13 
678.467 13 
753.414 13 
846.574 13 
786.869 13 
707.569 13 
53.4417 13 
612.999 13 
787.705 13 
847.273 13 
815.898 13 
682.392 13 
723.82 13 
1113.77 13 
754.112 13 
762.602 13 
768.572 13 
744.146 13 
601.137 13 
719.553 13 
651.545 13 
984.34 13 
721.569 13 
806.635 13 
491.566 13 
569.932 13 
724.033 13 
426.13 13 
761.199 13 
839.229 13 
654.577 13 
707.819 13 
707.169 13 
697.414 13 
717.111 13 
728.635 13 
706.258 13 
781.451 13 
1185.93 13 
675.347 13 
529.132 13 
702.198 13 
721.63 13 
752.204 13 
720.1 13 
544.325 13 
826.584 13 
655.584 13 
550.296 13 
734.445 13 
745.42 13 
758.501 13 
895.851 13 
733.543 13 
