1499.64 11 
1543.95 11 
1291.23 11 
787.943 11 
702.416 11 
777.987 11 
1429.33 11 
1564.1 11 
1090.74 11 
994.734 11 
739.643 11 
1327.95 11 
1418.43 11 
832.607 11 
1044.43 11 
1121.04 11 
1413.4 11 
1417.25 11 
1185.16 11 
658.32 11 
446.175 11 
1372.97 11 
875.083 11 
1376.49 11 
1632.19 11 
1216.63 11 
943.873 11 
1354.6 11 
819.225 11 
1053.03 11 
1088.05 11 
1903.85 11 
1394.41 11 
1801.52 11 
1385.28 11 
1267.27 11 
1497.32 11 
706.579 11 
685.615 11 
1373.47 11 
1081.19 11 
777.558 11 
1214.8 11 
1177.93 11 
1620.1 11 
1160.61 11 
1316.87 11 
900.386 11 
1270.91 11 
1318.45 11 
1622.37 11 
1780.36 11 
1330.61 11 
1497.21 11 
863.705 11 
1156.02 11 
1177.76 11 
1426.03 11 
1182.46 11 
805.739 11 
1325.35 11 
1356.53 11 
515.437 11 
1284.75 11 
1390.52 11 
1243.8 11 
1484.73 11 
1235.94 11 
1428.85 11 
1395.54 11 
1598.14 11 
1480.64 11 
613.294 11 
1230.29 11 
927.713 11 
750.642 11 
709.216 11 
983.984 11 
868.888 11 
1549.67 11 
809.411 11 
913.316 11 
1071.75 11 
1308.31 11 
1382.06 11 
1196.67 11 
568.437 11 
1227.43 11 
1385.12 11 
812.694 11 
1431.62 11 
859.836 11 
929.402 11 
1099.21 11 
1124.13 11 
1506.35 11 
823.069 11 
786.97 11 
1419.44 11 
1478.54 11 
1503.98 11 
1640.54 11 
892.253 11 
757.68 11 
1068.49 11 
1178.54 11 
789.843 11 
1637.38 11 
1596.68 11 
1409.95 11 
991.387 11 
1356.41 11 
709.774 11 
1427.43 11 
1402.76 11 
1484.68 11 
1365.59 11 
1387.96 11 
785.876 11 
1258.12 11 
969.033 13 
1427.03 13 
1101.59 13 
812.176 13 
1041.98 13 
1386.51 13 
1518.32 13 
782.191 13 
1399.5 13 
1750.98 13 
678.92 13 
976.824 13 
1151.8 13 
2037.25 13 
779.192 13 
1244.26 13 
1201.63 13 
1427.99 13 
943.539 13 
1240.33 13 
720.933 13 
1328.24 13 
678.684 13 
1400.41 13 
779.579 13 
1655.66 13 
1302.53 13 
1086.93 13 
936.909 13 
1424.02 13 
2024.65 13 
1341.31 13 
1311.5 13 
1470.81 13 
716.104 13 
1512.54 13 
1531.5 13 
1283.78 13 
1159.79 13 
1581.05 13 
1226.2 13 
1434.41 13 
1628.73 13 
1506.88 13 
1483.51 13 
801.094 13 
1153.07 13 
876.745 13 
967.794 13 
1327.23 13 
1473.35 13 
848.944 13 
1159.68 13 
1300.33 13 
1387.79 13 
1532.67 13 
1657.45 13 
1517.92 13 
674.041 13 
818.922 13 
1438.85 13 
993.319 13 
953.022 13 
397.243 13 
684.561 13 
1511.69 13 
917.875 13 
1304 13 
1472.78 13 
636.382 13 
1476.44 13 
676.236 13 
1575.94 13 
1125.2 13 
791.194 13 
530.685 13 
1371.27 13 
1421.45 13 
686.905 13 
1207.92 13 
1273.76 13 
603.097 13 
1304.7 13 
1265.09 13 
1320.51 13 
1639.96 13 
856.148 13 
1512.84 13 
1459.2 13 
669.064 13 
1077.27 13 
34.0262 13 
989.75 13 
1215.66 13 
857.257 13 
1354.75 13 
1076.59 13 
576.704 13 
1004.02 13 
445.519 13 
1229.32 13 
1185.53 13 
683.81 13 
771.578 13 
1257.96 13 
1662.89 13 
1558.1 13 
1462.4 13 
1217.8 13 
1386.29 13 
568.006 13 
1424.02 13 
768.889 13 
1539.98 13 
1280.8 13 
969.864 13 
1463.71 13 
1053.82 13 
1331.08 13 
1314.37 13 
770.931 13 
1492.42 13 
1483.98 13 
988.936 13 
1551.05 13 
1237.13 13 
1627.89 13 
1640.91 13 
1280.58 13 
994.738 13 
1530.81 13 
765.292 13 
1059.69 13 
720.762 13 
1213.68 13 
1007.98 13 
1317.36 13 
723.509 13 
846.85 13 
909.122 13 
1062.95 13 
1265.98 13 
661.401 13 
1126.45 13 
564.048 13 
1196.31 13 
632.051 13 
981.909 13 
860.778 13 
869.869 13 
1396.1 13 
1471.15 13 
1030.37 13 
1172.19 13 
1365.01 13 
1822.21 13 
1168.95 13 
1024.85 13 
1224.33 13 
