1226.18 11 
750.696 11 
1194.91 11 
681.495 11 
1323.75 11 
721.652 11 
1320.01 11 
947.4 11 
1252.36 11 
1403.29 11 
1177.65 11 
690.584 11 
1130.55 11 
697.038 11 
1065.35 11 
971.18 11 
1276.38 11 
889.8 11 
378.999 11 
1074.31 11 
1194.46 11 
1033.78 11 
653.586 11 
700.294 11 
1124.03 11 
1250.82 11 
1188.31 11 
1009.29 11 
1064.78 11 
1155.66 11 
834.261 11 
917.441 11 
723.48 11 
756.001 11 
1098.83 11 
1049.34 11 
1060.61 11 
1150.27 11 
1485.24 11 
846.257 11 
922.024 11 
1273.08 11 
1084.15 11 
688.059 11 
1205.81 11 
675.031 11 
1025.17 11 
1159.62 11 
714.573 11 
1332.8 11 
1047.9 11 
1162.14 11 
805.221 11 
1195.11 11 
822.845 11 
1018.3 11 
1020.39 11 
1227.65 11 
1080.1 11 
1038.19 11 
739.553 11 
897.6 11 
1304.9 11 
984.596 11 
1163.86 11 
1096.09 11 
704.453 11 
990.562 11 
1322.82 11 
1020.66 11 
549.225 11 
594.54 11 
1289.95 11 
1184 11 
867.017 11 
1230.01 11 
1414.59 11 
1034.5 11 
1227.29 11 
1036.22 11 
927.59 11 
1252.91 11 
626.714 11 
1230.05 11 
1146.78 11 
561.842 11 
1332.35 11 
1273.27 11 
1097.45 11 
1424.12 11 
1312.02 11 
787.199 11 
1046.03 11 
1292.16 11 
1243.55 11 
1374.78 11 
1211 11 
1261.05 11 
920.42 11 
1016.64 11 
1214.05 11 
1166.32 11 
1215.38 11 
1264.09 11 
1413.85 11 
486 11 
1290.17 11 
580.963 11 
797.331 11 
1267.39 11 
1275.73 11 
1051.51 11 
819.726 11 
943.175 11 
700.948 11 
1210.67 11 
1190.67 11 
1013.4 11 
723.514 11 
983.703 11 
932.798 11 
1170.4 11 
1352.94 11 
1207.35 11 
1344.96 11 
1063.05 11 
923.675 11 
812.061 11 
1307.05 11 
1730.66 11 
942.463 11 
1065.4 11 
867.412 11 
1216.7 11 
967.899 11 
1376.29 11 
1165.98 11 
433.958 11 
1261.82 11 
1031.82 11 
1047.16 11 
650.339 11 
652.484 11 
680.65 11 
1122.91 11 
660.947 11 
1045.89 11 
819.713 11 
1130.57 11 
895.012 11 
829.315 11 
1278.37 11 
841.17 11 
1187.86 11 
1119.38 11 
1504.84 11 
477.815 11 
1125.92 11 
1407.2 11 
1209 11 
891.36 11 
676.671 11 
823.794 11 
956.601 11 
520.292 11 
1100.83 11 
691.88 11 
1012.96 11 
951.994 11 
879.456 11 
526.999 11 
1065.06 11 
1370.09 11 
663.315 11 
1199.94 11 
995.398 11 
961.248 11 
1204.15 11 
1001.32 11 
1108.05 11 
1127.86 11 
1157.69 11 
1039.04 11 
1428.13 11 
673.054 11 
778.519 13 
1052.59 13 
1140.36 13 
769.559 13 
999.527 13 
756.576 13 
1018.87 13 
925.367 13 
1130.28 13 
1209.13 13 
1297.83 13 
1282.41 13 
1205.75 13 
1266.68 13 
857.08 13 
690.326 13 
1157.49 13 
900.048 13 
1403.72 13 
1046.22 13 
936.342 13 
1082.28 13 
1318.68 13 
1037.19 13 
1075.07 13 
731.697 13 
548.882 13 
870.619 13 
730.516 13 
1172.55 13 
1360.19 13 
1200.74 13 
1345.85 13 
546.599 13 
873.205 13 
1112.51 13 
1280.17 13 
1138.44 13 
1176.85 13 
766.518 13 
1000.61 13 
1221.63 13 
1276.88 13 
1013.54 13 
1039.83 13 
1040.77 13 
1087.85 13 
920.099 13 
1190.29 13 
1212.22 13 
1378.39 13 
1256.08 13 
1056.06 13 
936.514 13 
1324.21 13 
1403.98 13 
1355.76 13 
1076.79 13 
742.705 13 
1097.98 13 
721.142 13 
632.365 13 
646.107 13 
1056.06 13 
1182.59 13 
768.612 13 
1121.89 13 
709.844 13 
1280.75 13 
680.977 13 
862.687 13 
1243.86 13 
1036.77 13 
1007.56 13 
960.525 13 
913.437 13 
1026.97 13 
1082.59 13 
772.507 13 
861.819 13 
840.644 13 
620.712 13 
869.333 13 
1234.92 13 
1567.83 13 
1281.9 13 
905.184 13 
455.97 13 
1046.69 13 
545.333 13 
920.998 13 
1016.28 13 
948.734 13 
1130.12 13 
963.016 13 
1189.18 13 
481.526 13 
944.161 13 
970.242 13 
593.599 13 
547.272 13 
1181.34 13 
1206.41 13 
959.034 13 
987.294 13 
997.174 13 
1534.82 13 
1180.83 13 
457.136 13 
846.034 13 
625.263 13 
969.072 13 
1295.69 13 
903.821 13 
786.441 13 
1003.32 13 
915.471 13 
686.043 13 
881.38 13 
914.879 13 
1383.62 13 
1024.28 13 
914.423 13 
1293.05 13 
819.416 13 
1047.13 13 
1323.9 13 
1332.04 13 
1214.68 13 
956.934 13 
592.845 13 
1161.65 13 
1064.32 13 
465.128 13 
495.497 13 
922.059 13 
924.089 13 
1192.72 13 
1250.58 13 
1169.51 13 
1178.42 13 
587.237 13 
1013.89 13 
1234.78 13 
1186.11 13 
1020.51 13 
1309.19 13 
1250.24 13 
1108.87 13 
1014.06 13 
665.203 13 
532.832 13 
1283.7 13 
1203.08 13 
942.738 13 
980.535 13 
926.202 13 
1164.77 13 
798.421 13 
646.65 13 
1226.91 13 
1128.22 13 
1146.05 13 
580.179 13 
1144.47 13 
1189.71 13 
1228.6 13 
322.373 13 
1306.51 13 
1293.19 13 
1346.28 13 
1208.36 13 
1251.27 13 
1073.12 13 
1175.75 13 
1068.24 13 
827.018 13 
1254.49 13 
1012.68 13 
965.79 13 
953.618 13 
1218.87 13 
618.853 13 
1014.09 13 
956.282 13 
579.477 13 
1345.91 13 
1122.88 13 
1126.17 13 
477.959 13 
1178.69 13 
1320.81 13 
1119.35 13 
1044.56 13 
966.559 13 
935.313 13 
1058.38 13 
802.266 13 
773.534 13 
923.574 13 
683.942 13 
1276.09 13 
1023.71 13 
1420.25 13 
1010.25 13 
775.353 13 
944.135 13 
365.211 13 
492.5 13 
855.633 13 
835.466 13 
1294.89 13 
499.578 13 
1419.38 13 
634.156 13 
792.96 13 
1273.13 13 
1327.61 13 
1302.56 13 
1000.09 13 
1040.63 13 
1143.72 13 
833.794 13 
1327.81 13 
1022.03 13 
872.185 13 
1077.89 13 
1185.58 13 
1003.98 13 
877.893 13 
1173.6 13 
1034.42 13 
994.41 13 
1201.59 13 
1142.86 13 
946.371 13 
1525.43 13 
1227.09 13 
1280.48 13 
1230.75 13 
1134.24 13 
1119.23 13 
919.554 13 
1021.07 13 
935.62 13 
967.127 13 
980.792 13 
1329 13 
540.028 13 
1066.83 13 
1082.34 13 
