671.145 11 
1295.55 11 
1167.17 11 
1087.69 11 
1233.95 11 
1016.16 11 
1195.05 11 
835.82 11 
613.301 11 
1011.55 11 
1145.78 11 
1231.33 11 
805.956 11 
949.1 11 
840.595 11 
1109.84 11 
1113.32 11 
1067.89 11 
1370.55 11 
1301.76 11 
683.311 11 
1015.6 11 
1213.52 11 
1167.26 11 
1081.96 11 
1123.71 11 
846.418 11 
1200.56 11 
982.095 11 
1118.84 11 
1024.92 11 
1228.97 11 
1253.34 11 
1169.32 11 
1118.58 11 
1152.65 11 
1260.73 11 
889.37 11 
1232.97 11 
1214.9 11 
1181.34 11 
697.115 11 
1172.93 11 
1143.05 11 
947.388 11 
1207.46 11 
1366.36 11 
739.146 11 
1018.3 11 
1263.24 11 
402.752 11 
1210.51 11 
1271.33 11 
461.688 11 
1223.93 11 
1230.37 11 
918.055 11 
1227.14 11 
787.764 11 
1293.19 11 
771.182 11 
441.216 11 
1183.9 11 
1254.6 11 
1351.19 11 
741.582 11 
1033.39 11 
1283.68 11 
992.68 11 
1130.05 11 
714.137 11 
714.064 11 
953.276 11 
628.457 11 
462.793 11 
566.993 11 
955.016 11 
1209.61 11 
1170.59 11 
1321.41 11 
1294.04 11 
672.577 11 
1184.8 11 
809.994 11 
1168.91 11 
627.318 11 
443.653 11 
1189.28 11 
1107.44 11 
1280.76 11 
762.563 11 
812.709 11 
1162.14 11 
639.033 11 
1117.54 11 
1440.18 11 
542.965 11 
617.477 11 
789.38 11 
1335.95 11 
1208.36 11 
1179.96 11 
1109.29 11 
530.541 11 
1158.31 11 
980.65 11 
969.242 11 
921.782 11 
963.169 11 
489.265 11 
1275.71 11 
1287.8 11 
898.07 11 
1080.85 11 
831.809 11 
1049.48 11 
1272.73 11 
831.493 11 
1452.43 11 
1112.12 11 
848.85 11 
1058.65 11 
1512.52 11 
1350.47 11 
1041.45 11 
1143.39 11 
617.772 11 
1314.21 11 
38.8496 11 
583.479 11 
1318.87 11 
1158.45 11 
634.067 11 
1599.14 11 
931.266 11 
1063.79 11 
650.245 11 
1588.17 11 
1045.55 11 
1025.2 11 
1059.67 11 
1178.29 11 
683.131 11 
572.434 11 
1149.64 11 
1037.93 11 
1120.59 11 
874.859 11 
1194.03 11 
825.529 11 
1111.98 11 
659.939 11 
1125.83 11 
892.109 11 
651.583 11 
549.696 11 
619.782 11 
618.654 11 
1180.47 11 
1271.2 11 
761.697 11 
1120.99 11 
1340.65 11 
1124.45 11 
1374.86 11 
1091.86 11 
1284.64 11 
743.827 11 
1265.9 11 
1265.22 11 
1013.19 11 
936.931 11 
718.838 11 
1196.91 11 
994.469 11 
1153.85 11 
913.807 11 
1024.92 11 
1204.89 11 
1031.95 11 
1182.74 11 
629.06 11 
1098.75 11 
763.904 11 
1226.27 11 
978.827 11 
1107.74 11 
1107.56 11 
965.067 11 
1176.54 11 
1282.03 11 
1275.44 11 
897.232 11 
710.905 11 
734.53 11 
1425.92 11 
1537.39 11 
1303.89 11 
1268.17 11 
620.082 11 
960.98 11 
1329.16 11 
1120.68 11 
911.307 11 
577.871 11 
1318.74 11 
1149.76 11 
1027.43 11 
1245.14 11 
1011.54 11 
499.249 11 
974.031 11 
1157.9 11 
1116.12 11 
1124.41 11 
1208.15 11 
785.02 11 
819.659 11 
1390.19 11 
1672.85 11 
966.147 11 
1065.57 11 
1355.02 11 
1174.31 11 
701.935 11 
1254.7 11 
912.047 11 
1318.42 11 
1072.38 11 
1159.94 11 
765.36 11 
611.233 11 
1192.68 11 
723.684 11 
1052.36 11 
1217.73 11 
922.728 11 
831.079 11 
1043.83 11 
1266.23 11 
1162.71 11 
1103.66 11 
965.437 11 
559.613 11 
678.714 11 
1312.16 11 
990.826 11 
1204.2 11 
676.542 11 
704.352 11 
560.916 11 
1226.95 11 
822.781 11 
1312.55 11 
1275.83 11 
1227.47 11 
1262.94 11 
1202.49 11 
1100.45 11 
1343.1 11 
528.827 11 
790.994 11 
1147.73 11 
1286.59 11 
684.205 11 
883.266 11 
1250.62 11 
1414.69 11 
1212.86 11 
1404.34 11 
682.026 11 
906.8 11 
701.905 11 
888.131 11 
721.769 11 
1212.62 11 
417.557 11 
966.532 11 
618.269 11 
1170.03 11 
1159.9 11 
1116.11 11 
1256.22 11 
961.895 11 
1234.87 11 
1351.34 11 
935.402 11 
1204.57 11 
1186.43 11 
1290.55 11 
1002.33 11 
1305.71 11 
604.829 11 
1299.52 11 
1219.27 11 
1161.4 11 
1385.78 11 
1125.52 11 
1221.24 11 
627.279 11 
1225.89 11 
1195.3 11 
898.833 11 
748.705 11 
1260.59 11 
1269.15 11 
655.212 11 
869.815 11 
1067.31 11 
1020.43 11 
1210.92 11 
599.263 11 
846.648 11 
1011.66 11 
1080.95 11 
963.807 11 
702.378 11 
1260.3 11 
543.063 11 
951.269 11 
1309.5 11 
600.253 11 
772.702 11 
779.664 11 
1002.1 11 
560.02 11 
1030.65 11 
1098.1 11 
1124.65 11 
1162.11 11 
667.521 11 
1045.06 11 
1014.11 11 
815.847 11 
1219.77 11 
1049.41 11 
1171.29 11 
995.925 11 
984.301 11 
544.498 11 
964.4 11 
679.607 11 
1172.66 11 
974.24 11 
1340.49 11 
958.344 11 
947.911 11 
1010.9 11 
1153.94 11 
1435.98 11 
927.188 11 
1097.83 11 
731.65 11 
1123.49 11 
1764.02 11 
875.769 11 
739.756 11 
847.61 11 
1081.74 11 
898.569 11 
957.849 11 
1148.15 11 
1152.5 11 
948.414 11 
1230.3 11 
954.221 11 
1235.71 11 
915.717 11 
1221.96 11 
1177.07 11 
1185.77 11 
1109.84 11 
1146.06 11 
1241.46 11 
1286.51 11 
967.948 11 
1321.02 11 
234.328 11 
1025.35 11 
851.196 11 
1302.06 11 
965.168 11 
432.262 11 
617.44 11 
1017.54 11 
1360.31 11 
1159.16 11 
510.444 11 
974.36 11 
837.508 11 
547.963 11 
1065.39 11 
1177.02 11 
970.98 11 
1206.94 11 
1269.06 11 
1311.52 11 
889.16 11 
1140.85 11 
1203.02 11 
1082.63 11 
537.334 11 
1276.2 11 
1092.19 11 
1369.65 11 
1128.36 11 
914.436 11 
738.9 11 
621.195 11 
288.629 11 
955.669 11 
1211.48 11 
1171.76 11 
1064.68 11 
1411.68 11 
1229.58 11 
672.202 11 
1145.59 11 
1263.92 11 
559.842 11 
1053.43 11 
1204.09 11 
1232.48 11 
1009 11 
1136.46 11 
1268.35 11 
1006.78 11 
999.776 11 
1225.89 11 
826.995 11 
899.409 11 
1225.74 11 
565.853 11 
1091.11 11 
1055.48 11 
1203.82 11 
1057.88 11 
932.299 11 
1008.31 11 
1086.91 11 
1270.19 11 
1297.2 11 
1235.34 11 
1071.61 11 
742.586 11 
1255.68 11 
1108.68 11 
527.651 11 
1307.43 11 
1196.04 11 
1362.71 11 
1251.65 11 
835.677 11 
1265.82 11 
704.453 11 
880.494 11 
648.094 11 
1257.69 11 
547.015 11 
1120.6 11 
1341.85 11 
1406.54 11 
772.596 11 
561.173 11 
1144.41 11 
1386.98 11 
741.305 11 
1185.54 11 
501.972 11 
1063.15 11 
947.082 11 
969.285 11 
1125.41 11 
823.079 11 
1086.56 11 
1299.46 11 
1178.77 11 
1265 11 
948.938 11 
512.572 11 
617.078 11 
519.274 11 
1302.23 11 
629.094 11 
935.691 11 
901.268 11 
755.086 11 
1369.81 11 
1190.31 11 
595.005 11 
1036.06 11 
1012.43 11 
1224.48 11 
978.201 11 
430.146 11 
1086.33 11 
1360.07 11 
1226.43 11 
1181.49 11 
798.741 11 
731.33 11 
936.906 11 
975.745 11 
1231.62 11 
1173.27 11 
1028.62 11 
1312.17 11 
1212.96 11 
1182.61 11 
1017.95 11 
1064.79 11 
951.64 11 
641.098 11 
1005.32 11 
1211.94 11 
858.496 11 
1073.49 11 
1094.29 11 
731.558 11 
1239.08 11 
930.346 11 
810.919 11 
1142.28 11 
1061.28 11 
1192.4 11 
1298.77 11 
1160.53 11 
1284.99 11 
1218.96 11 
938.87 11 
1125.02 11 
1134.81 11 
1110.66 11 
991.694 11 
1103.34 11 
1032.33 11 
1255.31 11 
854.107 11 
92.7338 11 
1120.12 11 
589.235 11 
742.04 11 
1494.36 11 
1262.33 11 
1090.79 11 
734.279 11 
1117.92 11 
1129.06 11 
764.21 11 
1187.32 11 
1171.52 11 
1167.81 11 
1090.44 11 
1349.21 11 
1043.15 11 
835.559 11 
758.694 11 
944.146 11 
861.625 11 
1122.92 11 
1195.2 11 
1306.79 11 
825.652 11 
994.877 11 
1271.6 11 
536.329 11 
1226.3 11 
1043.37 11 
1113.87 11 
1013.53 11 
1150.91 11 
1177 11 
988.18 11 
800.445 11 
1197.05 11 
954.795 11 
914.367 11 
1216.67 11 
1132.02 11 
822.039 11 
706.241 11 
533.738 11 
1142.27 11 
817.401 11 
946.744 11 
547.104 11 
1347.61 11 
700.805 11 
1247.59 11 
1241.78 11 
845.047 11 
794.611 11 
901.796 11 
892.645 11 
1227.21 11 
1089.43 11 
1082.96 11 
917.303 11 
1070.79 11 
1042.23 11 
1505.16 11 
1183.9 11 
1071.7 11 
1132.33 11 
483.797 11 
949.866 11 
1191.78 11 
317.032 11 
1187.79 11 
1082.3 11 
961.06 11 
1193.72 11 
858.235 11 
979.752 11 
958.217 11 
1337.15 11 
1048.77 11 
1266.11 11 
938.24 11 
1174.36 11 
1115.06 11 
831.908 11 
1004.37 11 
945.191 11 
771.931 11 
1103.82 11 
912.655 11 
833.871 11 
606.34 11 
578.667 11 
925.752 11 
1047.14 11 
1276.33 11 
1401.88 11 
1087.9 11 
1074.46 11 
796.872 11 
1058.6 11 
966.899 11 
1255.74 11 
1270.33 11 
763.128 11 
1186.94 11 
869.963 11 
932.274 11 
1256.58 11 
1089.52 11 
1166.84 11 
1334.19 11 
1084.49 11 
655.601 11 
1146.94 11 
1283.77 11 
880.585 11 
1080.76 11 
788.612 11 
978.383 11 
1248.27 11 
917.829 11 
661.625 11 
1026.19 11 
1056.73 11 
566.952 11 
1277.48 11 
1188.59 11 
1002.43 11 
1270.93 11 
1066.21 11 
1041.55 11 
1064.53 11 
1188.78 11 
1138.43 11 
1489.5 11 
1548.34 11 
856.309 11 
1412.82 11 
1122.59 11 
880.046 11 
1280.96 11 
1106.21 11 
1282.01 11 
1148.98 11 
613.393 11 
607.543 11 
1151.65 11 
847.887 11 
728.528 11 
833.894 11 
1152.62 11 
615.748 11 
1269.55 11 
1174.3 11 
1056.4 11 
1269.11 11 
927.439 11 
1092.05 11 
1162.27 11 
1189.52 11 
841.528 11 
479.014 11 
610.724 11 
692.025 11 
908.556 11 
777.614 11 
1047.83 11 
807.092 11 
221.432 11 
1154.92 11 
1124.71 11 
765.303 11 
1073.26 11 
449.154 11 
900.423 11 
970.185 11 
347.548 11 
741.806 11 
1288.49 11 
1155.51 11 
1334.54 11 
863.065 11 
1290.62 11 
963.942 11 
1179.68 11 
920.734 11 
582.681 11 
1217.6 11 
1139.77 11 
988.504 11 
871.938 11 
1052.86 11 
1143.92 11 
1191.79 11 
748.442 11 
1123.22 11 
1017.18 11 
743.237 11 
1105.85 11 
1139.4 11 
1290.72 11 
925.872 11 
1115.45 11 
942.694 11 
1102.92 11 
1116.4 11 
416.607 11 
903.461 11 
1086.75 11 
1358.84 11 
1010.66 11 
860.273 11 
730.319 11 
915.868 11 
772.248 11 
959.491 11 
299.105 11 
1205.1 11 
1190.65 11 
1215.73 11 
1099.82 11 
1231.02 11 
1138.63 11 
1294.43 11 
852.904 11 
1262.17 11 
899.404 11 
810.924 11 
702.318 11 
1226.59 11 
1452.88 11 
586.991 11 
1232.1 11 
1348.09 11 
971.81 11 
817.525 11 
1169.07 11 
1300.37 11 
811.535 11 
1132.1 11 
1357.43 11 
984.64 11 
1321.24 11 
1305.45 11 
588.805 11 
787.533 11 
875.07 11 
1279.03 11 
643.24 11 
1072.88 11 
820.501 11 
923.65 11 
852.1 11 
1165.27 11 
1250.62 11 
1182.72 11 
1319.25 11 
995.455 11 
1166.24 11 
889.766 11 
926.935 11 
777.761 11 
774.892 11 
939.45 11 
1038.26 11 
1094.23 11 
749.318 11 
1135.05 11 
944.051 11 
1392.34 11 
1235.87 11 
1316.57 11 
1034.78 11 
523.171 11 
580.359 11 
1001.19 11 
1176.12 11 
1114.22 11 
1370.79 11 
1038.78 11 
1047.87 11 
967.566 11 
756.772 11 
1030.82 11 
1043.21 11 
969.223 11 
999.845 11 
1209.48 11 
1221.64 11 
1167.42 11 
1181.47 11 
1258.43 11 
1044.85 11 
865.401 11 
1216.65 11 
769.804 11 
900.243 11 
1114.75 11 
1439.66 11 
723.461 11 
872.787 11 
972.235 11 
757.334 11 
1324.19 11 
1131.13 11 
733.929 11 
733.751 11 
1181.9 11 
1145.8 11 
1109.41 11 
521.52 11 
591.398 11 
774.124 11 
1227.44 11 
1159.09 11 
1207.22 11 
949.26 11 
1151.44 11 
1160.67 11 
1279.44 11 
462.586 11 
1091.42 11 
1258.87 11 
1410.37 11 
469.822 11 
1220.39 11 
1014.02 11 
1204.94 11 
1183.66 11 
1032.51 11 
1225.93 11 
616.5 11 
663.775 11 
1418.79 11 
1236.9 11 
1284.68 11 
1117.46 11 
1369.14 11 
656.986 11 
1186.18 11 
1203.42 11 
707.617 11 
1264.96 11 
1306.47 11 
1258.73 11 
1314.88 11 
1145.68 11 
1142.99 11 
504.732 11 
1292.08 11 
1240.25 11 
529.302 11 
1057.33 11 
936.444 11 
971.655 11 
1368.93 11 
1350.45 11 
455.245 11 
542.537 11 
1094.12 11 
706.793 11 
1143.05 11 
1097.91 11 
1311.37 11 
726.561 11 
1287.64 11 
884.861 11 
1134.31 11 
1490.26 11 
1098.87 11 
997.103 11 
1200.2 11 
1264.24 11 
861.36 11 
669.997 11 
978.532 11 
771.578 11 
1127.21 11 
1210.79 11 
1124.45 11 
744.455 11 
915.669 11 
1188.27 11 
729.355 11 
1180.05 11 
854.38 11 
1077.86 11 
814.539 11 
1187.31 11 
976.084 11 
1163.69 11 
1007.18 11 
512.092 11 
1009.44 11 
962.6 11 
1244.26 11 
1110.69 11 
825.287 11 
1277.54 11 
853.8 11 
437.907 11 
1360.85 11 
533.75 11 
955.612 11 
1176.98 11 
578.012 11 
898.575 11 
604.373 11 
1122.3 11 
1186.19 11 
1194.62 11 
1136.6 11 
1087.02 11 
1327.42 11 
1178.73 11 
981.232 11 
1026.3 11 
1222.69 11 
1023.41 11 
1187.98 11 
1392.85 11 
722.496 11 
1001.54 11 
1354.83 11 
467.344 11 
1014.96 11 
760.353 11 
1112.59 11 
1028.01 11 
1085.48 11 
1223.21 11 
1307.2 11 
1130.02 11 
1086.69 11 
1167.95 11 
1152.55 11 
548.356 11 
1071.14 11 
1251.02 11 
1153.25 11 
1169.96 11 
1425.17 11 
1181.18 11 
1388.12 11 
1133.85 11 
827.878 11 
1237.49 11 
1141.63 11 
1093.63 11 
1271.03 11 
786.89 11 
1253.73 11 
665.714 11 
1080.75 11 
1138.63 11 
1216.31 11 
1100.33 11 
1090.6 11 
876.387 11 
1105.68 11 
1252.43 11 
746.044 11 
1121.25 11 
627.158 11 
686.384 11 
1323.88 11 
945.52 11 
1215.66 11 
816.41 11 
1267.98 11 
844.647 11 
1279.44 11 
1368.84 11 
1065.94 11 
794.21 11 
1431.5 11 
540.153 11 
1216.32 11 
525.686 11 
1155.19 11 
1282.08 11 
1212.8 11 
1194.62 11 
701.24 11 
1006.4 11 
1402.97 11 
1271.53 11 
1181.35 11 
1028.79 11 
1053.08 11 
874.706 11 
1173.76 11 
1058.55 11 
206.425 11 
1339.93 11 
1048.13 11 
483.648 11 
868.786 11 
1274.01 11 
1318.02 11 
1076.64 11 
1021.89 11 
1067.88 11 
1126.97 11 
1066.24 11 
915.374 11 
1351.97 11 
1226.7 11 
1509.24 11 
1195.53 11 
1168.74 11 
1625.77 11 
1264.11 11 
1108.07 11 
1357.12 11 
1106.99 11 
761.663 11 
1181.74 11 
1102.03 11 
1211.23 11 
1372.05 11 
1097.22 11 
898.647 11 
1447.82 11 
1447.38 11 
1101.7 11 
817.935 11 
1221.49 11 
944.354 11 
1304.96 11 
634.007 11 
831.151 11 
1353.65 11 
922.567 11 
1335.51 11 
1275.78 11 
846.358 11 
1102.89 11 
662.32 11 
766.898 11 
439.864 11 
1180.06 11 
1213.27 11 
1340.79 11 
1125.46 11 
918.408 11 
768.89 11 
944.785 11 
983.863 11 
982.757 11 
1173.71 11 
1062.81 11 
1028.87 11 
1246.03 11 
1262.71 11 
1259.27 11 
892.172 11 
719.262 11 
1135.93 11 
734.861 11 
975.444 11 
1295.45 11 
1196.98 11 
860.482 11 
1292.47 11 
1177.89 11 
1104.82 11 
1607.07 11 
380.994 11 
1019.86 11 
1173.01 11 
982.742 11 
1352.5 11 
425.53 11 
847.534 11 
680.542 11 
1174.48 11 
1250.81 11 
1119.73 11 
759.881 11 
1294.32 11 
1086.36 11 
1222.04 11 
688.648 11 
615.977 11 
1229.03 11 
869.419 11 
1333.64 11 
1140.62 11 
1112.53 11 
528.641 11 
1294.38 11 
1333.01 11 
1167.39 11 
1351.45 11 
1125.63 11 
1228.54 11 
1791.95 11 
1012.95 11 
1057.3 11 
1183.01 11 
1330.65 11 
1385.16 11 
1261.4 11 
1012.17 11 
1321.1 11 
1317.23 11 
921.982 11 
1324.57 11 
1265.68 11 
1040.09 11 
1237.58 11 
843.65 11 
1296.14 11 
1275.09 11 
1105.51 11 
1258.67 11 
1007.67 11 
895.202 11 
548.506 11 
739.163 11 
875.098 11 
1203.21 11 
1178.06 11 
1229.47 11 
1191.47 11 
1103.57 11 
1331.55 11 
875.748 11 
1093.57 11 
866.347 11 
1203.06 11 
815.456 11 
1255.15 11 
1367.76 11 
1157.44 11 
1325.42 11 
1140.37 11 
1341.46 11 
1061.49 11 
607.455 11 
510.307 11 
977.309 11 
1108.79 11 
1620.46 11 
689.947 11 
956.569 11 
961.171 11 
1315.19 11 
1130.7 11 
1280.18 11 
888.739 11 
1199.42 11 
1327.87 11 
902.687 11 
910.546 11 
1141.09 11 
1255.04 11 
1208.43 11 
1133.66 11 
1021.57 11 
1189.45 11 
1278.32 11 
1070.34 11 
1271.6 11 
642.022 11 
727.159 11 
968.532 11 
1231.25 11 
1151.83 11 
991.364 11 
1429.13 11 
928.023 11 
1313.77 11 
1393.86 11 
1118.14 11 
1034.3 11 
840.541 11 
1195.68 11 
775.392 11 
1226.69 11 
994.957 11 
579.401 11 
1247.83 11 
1376.98 11 
640.149 11 
1250.62 11 
1352.03 11 
1285.87 11 
642.387 11 
1219.64 11 
1209.62 11 
1312.04 11 
982.051 11 
1158.02 11 
883.864 11 
1124.29 11 
1101.7 11 
1242.42 11 
614.213 11 
1003.34 11 
1339.1 11 
1256.99 11 
834.948 11 
1200.78 11 
862.529 11 
625.721 11 
1268.02 11 
956.784 11 
1059.44 11 
1219.2 11 
1113 11 
1047.65 11 
719.338 11 
1209.19 11 
808.705 11 
1236.24 11 
941.354 11 
1211.25 11 
1043.73 11 
1127.12 11 
634.641 11 
1157.05 11 
738.068 11 
848.899 11 
639.073 11 
1043.59 11 
567.741 11 
1184.94 11 
1054 11 
416.264 11 
1057.01 11 
925.291 11 
1150.98 11 
1217.74 11 
482.671 11 
763.181 11 
1069.55 11 
795.791 11 
1129.82 11 
1184.19 11 
726.599 11 
660.002 11 
702.395 11 
920.908 11 
1093.53 11 
975.518 11 
1386.52 11 
1257.56 11 
1258.14 11 
1287.63 11 
827.63 11 
1147.44 11 
962.802 11 
973.132 11 
992.642 11 
505.003 11 
1062.71 11 
1246.05 11 
1345.26 11 
914.623 11 
1061.69 11 
756.237 11 
1088.95 11 
707.656 11 
947.272 11 
531.589 11 
931.71 11 
1095.69 11 
1328.43 11 
1288.47 11 
1061.78 11 
1121.99 11 
1322.55 11 
1122.76 11 
765.289 11 
1115.35 11 
719.764 11 
1094.54 11 
618.502 11 
1258.52 11 
1458.88 11 
1148.83 11 
1098.88 11 
1095.83 11 
1196.38 11 
1120.94 11 
1258.05 11 
1374.25 11 
1110.82 11 
1209.39 11 
1306.55 11 
1186.66 11 
1059.16 11 
674.023 11 
1001.2 11 
1144.89 11 
1365.66 11 
1305.78 11 
1325.73 11 
752.248 11 
681.347 11 
1001.45 11 
634.966 11 
836.549 11 
1446.73 11 
1239.27 11 
806.317 11 
1328.76 11 
927.737 11 
1097.09 11 
1273.98 11 
918.865 11 
1077.35 11 
1302.94 11 
998.708 11 
1225.64 11 
1190.34 11 
932.623 11 
813.173 11 
1359.71 11 
869.697 11 
579.515 11 
508.247 11 
1281.2 11 
1073.85 11 
1448.32 11 
1194.86 13 
628.232 13 
1217.8 13 
702.092 13 
1227.48 13 
1305.03 13 
1263.87 13 
955.778 13 
1202.61 13 
1155.28 13 
1190.47 13 
823.83 13 
1251.74 13 
552.742 13 
1234.58 13 
1579.44 13 
1269.78 13 
1189.38 13 
1286.17 13 
579.096 13 
873.514 13 
900.675 13 
486.869 13 
972.712 13 
1043.85 13 
907.121 13 
1205.07 13 
514.087 13 
1076.43 13 
976.688 13 
1209.82 13 
925.667 13 
741.233 13 
1063.26 13 
1238.13 13 
1211.17 13 
796.931 13 
729.292 13 
616.949 13 
1256.98 13 
1122.32 13 
1033.32 13 
1336.72 13 
1217.41 13 
1086.76 13 
1244.49 13 
1187.97 13 
1090.28 13 
1057.37 13 
698.643 13 
982.889 13 
772.67 13 
1155.39 13 
836.918 13 
539.76 13 
1146.05 13 
1049.34 13 
1369.51 13 
977.745 13 
893.49 13 
1340.11 13 
1173.71 13 
871.128 13 
1127.89 13 
1029.58 13 
1365.04 13 
1300 13 
1445.4 13 
954.788 13 
1328.68 13 
1175.02 13 
642.189 13 
1166.02 13 
957.632 13 
1304.74 13 
1360.74 13 
911.788 13 
1308.17 13 
1202.55 13 
1371.5 13 
1239.74 13 
1402.16 13 
1221.07 13 
1087.59 13 
405.15 13 
1280.07 13 
1202.91 13 
1266.35 13 
1168.6 13 
1105.84 13 
1237.28 13 
1064.84 13 
1255.79 13 
1156.63 13 
995.31 13 
1199.6 13 
1375.23 13 
1390.55 13 
1293.41 13 
1473.16 13 
1031.12 13 
731.022 13 
1071.04 13 
1157.47 13 
1175.85 13 
1244.4 13 
1119.19 13 
1297.56 13 
851.867 13 
842.878 13 
1025.68 13 
1182.35 13 
1195.35 13 
644.096 13 
970.758 13 
726.25 13 
1293.59 13 
992.454 13 
1278.21 13 
586.634 13 
1124.44 13 
727.686 13 
1427.67 13 
621.861 13 
1227.8 13 
1205.22 13 
1000.91 13 
1089.15 13 
1203.19 13 
447.093 13 
976.489 13 
783.91 13 
1255.24 13 
1302.43 13 
945.639 13 
928.501 13 
996.067 13 
1118.38 13 
1060.47 13 
1054.78 13 
899.856 13 
633.207 13 
1205.3 13 
1335.5 13 
1324.01 13 
1123.82 13 
1287.12 13 
962.145 13 
1348.55 13 
804.365 13 
1345.7 13 
1267.06 13 
950.254 13 
993.627 13 
967.588 13 
1189.96 13 
1281.47 13 
1306.75 13 
1429.89 13 
1107.93 13 
910.33 13 
1105.96 13 
1055.56 13 
961.546 13 
548.398 13 
1408.87 13 
863.542 13 
1028.07 13 
1009.35 13 
928.071 13 
988.913 13 
1154.55 13 
689.579 13 
1064.7 13 
1195.99 13 
1148.47 13 
725.069 13 
1137.6 13 
781.517 13 
1382.75 13 
878.258 13 
698.249 13 
1268.65 13 
953.851 13 
1103.02 13 
1094.11 13 
1288.95 13 
1179.79 13 
1094.02 13 
1339.87 13 
1011.67 13 
1185.48 13 
719.894 13 
442.995 13 
1127.79 13 
1008.41 13 
1243.36 13 
1218.67 13 
1296.46 13 
702.593 13 
776.13 13 
422.396 13 
478.497 13 
850.24 13 
1092.7 13 
1093.61 13 
1379.76 13 
1134.54 13 
1241.78 13 
810.219 13 
1089.79 13 
1139.7 13 
1130.67 13 
1119.26 13 
966.946 13 
842.69 13 
1005.14 13 
1447.79 13 
1062.61 13 
941.993 13 
1022.35 13 
1135.79 13 
719.523 13 
1059.33 13 
950.891 13 
441.334 13 
879.565 13 
912.623 13 
1271.84 13 
1426.79 13 
636.933 13 
1175.8 13 
1109.81 13 
588.207 13 
1093.88 13 
1088.89 13 
892.75 13 
1171.89 13 
1254.06 13 
883.363 13 
780.427 13 
1092.82 13 
1258.25 13 
1033.96 13 
996.974 13 
1157.33 13 
1134.05 13 
673.808 13 
1184.78 13 
901.902 13 
1301.67 13 
1167.84 13 
621.452 13 
961.963 13 
793.111 13 
1121.85 13 
1216.5 13 
980.158 13 
1326.74 13 
782.844 13 
964.257 13 
990.212 13 
1103.27 13 
924.934 13 
916.181 13 
971.625 13 
1266.41 13 
761.48 13 
855.261 13 
1199.58 13 
935.548 13 
947.893 13 
1117.65 13 
1110.08 13 
1216.1 13 
1210.12 13 
935.919 13 
1174.74 13 
701.052 13 
916.964 13 
1039.5 13 
1214.4 13 
1142.13 13 
1183.18 13 
832.323 13 
685.72 13 
814.415 13 
1331.44 13 
1175.63 13 
1570.7 13 
1037.1 13 
871.98 13 
991.737 13 
1303.99 13 
1241.16 13 
1290.56 13 
771.665 13 
1229.41 13 
1151.13 13 
1312.07 13 
1221.57 13 
1178.2 13 
1223.98 13 
764.667 13 
1352.96 13 
857.944 13 
720.975 13 
1082.67 13 
1221.91 13 
1151.45 13 
1315.84 13 
704.145 13 
904.38 13 
1081.05 13 
569.609 13 
1152.81 13 
711.517 13 
1318.1 13 
1188.04 13 
1010.95 13 
521.977 13 
1048.52 13 
414.887 13 
644.671 13 
899.532 13 
1157.2 13 
1159.42 13 
1318.57 13 
770.506 13 
945.219 13 
712.336 13 
820.3 13 
963.305 13 
1158.9 13 
469.062 13 
411.018 13 
892.716 13 
1184.24 13 
1094.56 13 
631.839 13 
1148.06 13 
1217.27 13 
619.205 13 
885.829 13 
768.135 13 
1148.29 13 
1138.91 13 
1193.46 13 
780.234 13 
1139.08 13 
487.343 13 
386.522 13 
1175.8 13 
938.075 13 
655.828 13 
896.969 13 
1183.69 13 
1119.97 13 
1357.89 13 
891.746 13 
633.653 13 
1119.91 13 
1171.31 13 
545.084 13 
991.106 13 
1309.05 13 
1201.8 13 
1324.66 13 
885.403 13 
923.753 13 
868.526 13 
430.86 13 
687.341 13 
1215.22 13 
1021.95 13 
1312.07 13 
1289.64 13 
1283.86 13 
712.048 13 
1248.9 13 
789.054 13 
994.959 13 
1137.48 13 
1150.14 13 
960.572 13 
848.108 13 
1267.02 13 
1388.12 13 
1079.68 13 
1070.55 13 
983.671 13 
830.79 13 
783.754 13 
1129.41 13 
1124.46 13 
1010.73 13 
1126.77 13 
1044.98 13 
866.521 13 
625.477 13 
814.86 13 
1265.54 13 
1014.2 13 
831.11 13 
1263.01 13 
1212.45 13 
1013.25 13 
643.904 13 
817.121 13 
1165.37 13 
1132.61 13 
987.273 13 
1124.8 13 
875.551 13 
713.623 13 
674.835 13 
1235.63 13 
1226.49 13 
1317.52 13 
786.847 13 
823.797 13 
1016.58 13 
1199.19 13 
1269.76 13 
1085.39 13 
1150.35 13 
1105.85 13 
650.801 13 
1255.25 13 
1017.82 13 
1190.14 13 
1274.16 13 
1246.26 13 
1091.89 13 
1089.72 13 
915.271 13 
1199.22 13 
1305.15 13 
1467.6 13 
1220.55 13 
1151.79 13 
467.316 13 
404.36 13 
1081.82 13 
801.815 13 
1289.11 13 
1320.85 13 
1250.02 13 
1235.21 13 
1170.43 13 
1167.07 13 
779.786 13 
1214.34 13 
1247.32 13 
824.774 13 
1005.68 13 
876.406 13 
1636.97 13 
1274.68 13 
1387.84 13 
1143.46 13 
870.081 13 
457.134 13 
793.47 13 
1040.86 13 
772.28 13 
626.461 13 
940.337 13 
863.771 13 
823.281 13 
678.125 13 
1095.21 13 
492.002 13 
977.409 13 
1297.8 13 
1045.97 13 
1464.65 13 
1145.94 13 
1935.38 13 
971.057 13 
1248.88 13 
928.965 13 
786.427 13 
1384.38 13 
792.464 13 
686.277 13 
720.065 13 
556.688 13 
1161.8 13 
1057.08 13 
1175.01 13 
1576.09 13 
1084.1 13 
1282.8 13 
634.108 13 
1031.43 13 
1122.33 13 
1185.04 13 
1205.16 13 
1196.23 13 
1276 13 
1256.58 13 
1124.24 13 
1073.81 13 
848.891 13 
1238.42 13 
1037.36 13 
1284.85 13 
1268.81 13 
1241.15 13 
1330.29 13 
1077.2 13 
736.566 13 
950.145 13 
1141.91 13 
1078.05 13 
643.574 13 
821.763 13 
1122.55 13 
1016.54 13 
987.414 13 
1525.71 13 
891.255 13 
1036.79 13 
640.123 13 
887.972 13 
481.538 13 
771.23 13 
821.366 13 
914.033 13 
1380.55 13 
687.36 13 
979.64 13 
1204.36 13 
1294.71 13 
1101.86 13 
891.847 13 
827.346 13 
1278.03 13 
330.406 13 
979.62 13 
1049.69 13 
1327.94 13 
1109.27 13 
1215.92 13 
1122.52 13 
1327.73 13 
987.291 13 
1196.31 13 
1415.34 13 
1258.46 13 
587.155 13 
541.925 13 
1110.93 13 
1390.51 13 
1259 13 
843.735 13 
1077.23 13 
1453.01 13 
1053.84 13 
981.426 13 
1049.23 13 
1340.04 13 
975.902 13 
1250.18 13 
1209.02 13 
1126.63 13 
1338.6 13 
1202.8 13 
1300.18 13 
818.863 13 
1106.89 13 
1144.56 13 
704.882 13 
1141.36 13 
1184.29 13 
610.447 13 
646.278 13 
1388.14 13 
736.443 13 
1239.57 13 
1011.53 13 
871.701 13 
1155.3 13 
927.517 13 
1107.7 13 
1092.26 13 
628.75 13 
1374.77 13 
951.383 13 
641.387 13 
1484.78 13 
911.263 13 
1039.36 13 
936.207 13 
1572.27 13 
936.018 13 
1028.08 13 
641.512 13 
1255.26 13 
1128.76 13 
870.233 13 
884.775 13 
1316.22 13 
1233.44 13 
1027.53 13 
1230.12 13 
1176.31 13 
1118.33 13 
1023.4 13 
728.642 13 
1223.5 13 
812.721 13 
512.442 13 
1349.55 13 
430.356 13 
633.268 13 
989.168 13 
872.328 13 
948.05 13 
1145.76 13 
1351.27 13 
1297.22 13 
851.852 13 
903.347 13 
1423.44 13 
917.92 13 
968.804 13 
1156.77 13 
1050.03 13 
1223.74 13 
1148.53 13 
1161.06 13 
1274.57 13 
1204.12 13 
876.738 13 
1213.51 13 
909.294 13 
1004.12 13 
1303.74 13 
1079.8 13 
901.174 13 
666.866 13 
1139.24 13 
643.603 13 
912.271 13 
1442.48 13 
1172.97 13 
1061.12 13 
1215.09 13 
986.686 13 
552.729 13 
690.248 13 
877.677 13 
1368.56 13 
1240.13 13 
1109.38 13 
843.708 13 
1112.19 13 
1478.37 13 
836.93 13 
1223.96 13 
503.884 13 
703.94 13 
795.154 13 
839.803 13 
786.856 13 
1161.47 13 
803.81 13 
792.509 13 
1304.05 13 
1022.63 13 
312.628 13 
1143.78 13 
1265.68 13 
550.706 13 
906.386 13 
1201.42 13 
799.227 13 
1169.08 13 
1285.21 13 
1184.79 13 
803.3 13 
791.187 13 
1003.45 13 
1406.26 13 
928.095 13 
651.573 13 
1287.07 13 
1227.18 13 
569.187 13 
968.072 13 
1291.78 13 
1042.97 13 
1027.93 13 
1383.92 13 
1336.98 13 
1198.12 13 
748.625 13 
1243.64 13 
907.684 13 
1156.13 13 
978.226 13 
609.528 13 
626.68 13 
444.16 13 
911.709 13 
1262.3 13 
1102.32 13 
850.855 13 
1290.06 13 
1053.61 13 
698.693 13 
1386.65 13 
1274 13 
889.344 13 
631.052 13 
986.956 13 
785.102 13 
919.033 13 
1086.47 13 
1039.16 13 
856.882 13 
990.71 13 
683.463 13 
1047.55 13 
1301.31 13 
565.354 13 
1230.69 13 
1266.06 13 
1173.98 13 
813.164 13 
536.255 13 
1340.2 13 
839.009 13 
1115.21 13 
935.598 13 
1147.58 13 
1275.98 13 
1056.88 13 
1147.33 13 
1235.32 13 
1191.97 13 
925.982 13 
1363.85 13 
1219.72 13 
1282.3 13 
546.805 13 
514.242 13 
1241.46 13 
760.325 13 
1020.36 13 
997.496 13 
1390.2 13 
1452.99 13 
1058.51 13 
1044.73 13 
1182.75 13 
495.46 13 
1253.52 13 
1014 13 
1294.38 13 
1049.97 13 
1275.5 13 
919.028 13 
786.744 13 
1130.25 13 
1063.34 13 
569.938 13 
1254.14 13 
699.492 13 
768.638 13 
1255.81 13 
1297.68 13 
1082.77 13 
544.165 13 
912.716 13 
1196.44 13 
1136.69 13 
472.491 13 
1227.3 13 
1225.73 13 
1142.61 13 
1139.98 13 
1302.73 13 
1355.77 13 
1128.82 13 
897.5 13 
737.315 13 
1232.88 13 
1324.43 13 
1289.3 13 
1353.04 13 
1036 13 
914.012 13 
733.136 13 
1263.91 13 
986.311 13 
1091.38 13 
794.937 13 
1061.18 13 
1387.75 13 
1009.26 13 
949.305 13 
870.896 13 
1193.15 13 
1174.38 13 
1212.9 13 
1202.92 13 
1197.01 13 
1062.43 13 
1164.71 13 
1364.95 13 
1170 13 
426.773 13 
1103.31 13 
1212.06 13 
1211.9 13 
991.841 13 
545.512 13 
1350.88 13 
1103.95 13 
1064.57 13 
1242.61 13 
1083.44 13 
912.591 13 
1151.42 13 
791.007 13 
1192.83 13 
1036.71 13 
1377.54 13 
1343.09 13 
1113.76 13 
962.489 13 
1131.04 13 
1021.29 13 
1175.36 13 
995.941 13 
1289.35 13 
1122.91 13 
1182.79 13 
1272.29 13 
1164.67 13 
1089.17 13 
1221.4 13 
1114.73 13 
1192.2 13 
1152.2 13 
1021.17 13 
1170.41 13 
1282.98 13 
1214.24 13 
1339.32 13 
1033.48 13 
1048.49 13 
1329.68 13 
937.114 13 
1204.99 13 
1149.02 13 
1204.75 13 
1282.11 13 
993.272 13 
1149.08 13 
1287.74 13 
434.178 13 
303.847 13 
429.792 13 
1122.06 13 
1114.13 13 
543.92 13 
1280.38 13 
1234.27 13 
1079.65 13 
1174.62 13 
1068.46 13 
1232.59 13 
955.621 13 
1010.08 13 
819.55 13 
1287.32 13 
961.332 13 
908.958 13 
1351.7 13 
973.88 13 
988.862 13 
1193.2 13 
934.512 13 
1241.43 13 
1282.61 13 
985.641 13 
1085.59 13 
904.632 13 
1125.49 13 
1062.66 13 
646.921 13 
1318.77 13 
1314.91 13 
896.358 13 
936.997 13 
697.279 13 
565.449 13 
1134.25 13 
1220.79 13 
795.973 13 
875.686 13 
839.62 13 
1334.75 13 
1141.25 13 
940.842 13 
1113.53 13 
1374.76 13 
1131.5 13 
1404.03 13 
1247.85 13 
1032.12 13 
640.952 13 
1123.63 13 
1289.58 13 
1252.48 13 
496.041 13 
1119.51 13 
1431.24 13 
1173.97 13 
1061.45 13 
709.674 13 
804.056 13 
1033.08 13 
1299.8 13 
921.09 13 
1313.47 13 
880.343 13 
1069.5 13 
852.232 13 
523.737 13 
1225.43 13 
1200.06 13 
1131.3 13 
1009.72 13 
920.605 13 
930.298 13 
1147.62 13 
1065.89 13 
1196.02 13 
516.64 13 
1232.91 13 
1168.6 13 
655.923 13 
1056.89 13 
700.423 13 
1105.39 13 
946.945 13 
1143.28 13 
892.055 13 
887.967 13 
1262.96 13 
710.649 13 
1161.63 13 
844.192 13 
730.762 13 
1068.47 13 
1264.03 13 
1177.45 13 
1491.63 13 
570.18 13 
1072.74 13 
988.952 13 
1074.73 13 
1193.96 13 
654.386 13 
1235 13 
1077.95 13 
1148.07 13 
729.478 13 
1044.7 13 
1352.34 13 
609.564 13 
1406.22 13 
1005.47 13 
886.339 13 
637.49 13 
1239.35 13 
799.408 13 
1027.37 13 
776.937 13 
978.896 13 
507.732 13 
1374.78 13 
1331.03 13 
525.346 13 
1350.17 13 
603.183 13 
921.466 13 
1283.6 13 
835.852 13 
1343.8 13 
1067.06 13 
655.414 13 
1071.13 13 
758.805 13 
1096.3 13 
1160.87 13 
1062.17 13 
555.229 13 
1127.32 13 
1232.83 13 
1295.83 13 
1194.67 13 
604.653 13 
1204.89 13 
1099.2 13 
1228.2 13 
796.216 13 
1100.01 13 
1543.28 13 
1174.71 13 
1177.28 13 
935.755 13 
1154.89 13 
831.733 13 
1021.5 13 
1199.41 13 
915.429 13 
972.243 13 
1230.16 13 
1054.02 13 
725.508 13 
1389.78 13 
786.662 13 
924.197 13 
790.118 13 
622.191 13 
388.01 13 
879.313 13 
1235.13 13 
1357.31 13 
928.465 13 
1152.16 13 
666.038 13 
864.753 13 
973.252 13 
1326.33 13 
1020.65 13 
752.904 13 
788.821 13 
650.842 13 
1328.67 13 
1451.32 13 
702.209 13 
471.297 13 
1267.65 13 
1160.78 13 
716.745 13 
878.853 13 
701.752 13 
1293.89 13 
910.742 13 
916.69 13 
1164.6 13 
1141.51 13 
1035.98 13 
1103.22 13 
1559.61 13 
625.618 13 
1367.87 13 
1000.03 13 
1043.05 13 
1317.65 13 
591.139 13 
1438.58 13 
1159.95 13 
970.174 13 
1267.14 13 
1292.05 13 
1129.77 13 
651.864 13 
1032.45 13 
1328.57 13 
1559.69 13 
769.514 13 
1170.7 13 
1019.3 13 
556.187 13 
1053.36 13 
1187.98 13 
1126.35 13 
998.019 13 
1159.98 13 
755.667 13 
1170.55 13 
1065.85 13 
1117.74 13 
1156.01 13 
982.482 13 
1207.1 13 
1240.42 13 
800.32 13 
733.659 13 
1276.2 13 
1164.31 13 
927.766 13 
1333.55 13 
1219.26 13 
797.332 13 
1268.19 13 
604.525 13 
769.816 13 
1191.16 13 
1231.1 13 
1146.14 13 
1308.82 13 
746.52 13 
822.412 13 
1197.33 13 
674.318 13 
1062.83 13 
1088.51 13 
943.016 13 
1347.75 13 
303.638 13 
1446.81 13 
1237.38 13 
1209.44 13 
1251.06 13 
1034.12 13 
1208.96 13 
900.766 13 
895.138 13 
1012.2 13 
750.048 13 
1093.03 13 
1303.55 13 
1147.7 13 
693.192 13 
1253.79 13 
885.341 13 
1010.32 13 
1071.78 13 
913.806 13 
1233.55 13 
1083.61 13 
779.255 13 
1095.12 13 
1153.52 13 
1316.9 13 
1244.7 13 
1047.5 13 
854.226 13 
1280.65 13 
1233.68 13 
872.919 13 
1135.9 13 
858.124 13 
738.507 13 
502.825 13 
587.316 13 
1271.03 13 
886.684 13 
812.232 13 
1322.51 13 
739.545 13 
1558.51 13 
1258.34 13 
1225.43 13 
1107.41 13 
936.08 13 
580.085 13 
1071.39 13 
1109.31 13 
661.573 13 
796.065 13 
1150.76 13 
1126.15 13 
1049.32 13 
1139.15 13 
894.806 13 
1026.92 13 
677.545 13 
1065.24 13 
553.04 13 
1188.55 13 
741.095 13 
1179.87 13 
1202.45 13 
783.186 13 
1046.76 13 
709.106 13 
1117.23 13 
815.623 13 
768.648 13 
1050.74 13 
1006.64 13 
1239.66 13 
1203.58 13 
1179.57 13 
689.329 13 
1107.3 13 
1318.96 13 
1108.61 13 
1431.71 13 
1052.55 13 
1239.13 13 
1024.39 13 
1255.42 13 
668.884 13 
1289.15 13 
983.905 13 
952.15 13 
975.929 13 
1173.85 13 
1459.08 13 
482.744 13 
491.676 13 
1203.41 13 
1494.61 13 
1316.43 13 
1181.68 13 
566.896 13 
844.544 13 
1100.86 13 
1129.86 13 
660.117 13 
1064.31 13 
970.631 13 
925.555 13 
557.875 13 
1161.74 13 
1374.18 13 
895.731 13 
988.643 13 
1237.44 13 
508.061 13 
1071.59 13 
899.324 13 
1101.13 13 
483.311 13 
954.606 13 
1069.89 13 
1123.42 13 
1164.26 13 
456.686 13 
1025.85 13 
1118.96 13 
1128.59 13 
1280.91 13 
1189.64 13 
912.835 13 
1110.57 13 
1053.87 13 
1081.59 13 
909.667 13 
1288.21 13 
500.013 13 
1266.83 13 
1378.06 13 
1131.76 13 
1310.63 13 
1135.36 13 
958.379 13 
1106.81 13 
1177.81 13 
1260.86 13 
1078.2 13 
1193.8 13 
1158.92 13 
1288.52 13 
1107 13 
916.85 13 
1000.71 13 
1141.04 13 
1120.51 13 
1127.66 13 
1061.03 13 
987.461 13 
1207.57 13 
1051.02 13 
1103.84 13 
1204.89 13 
598.933 13 
1250.23 13 
1328.7 13 
1211.27 13 
1135.54 13 
1228.17 13 
1053.54 13 
908.694 13 
1164.35 13 
533.35 13 
1251.24 13 
888.734 13 
1230.61 13 
946.098 13 
524.017 13 
601.988 13 
1151.4 13 
560.861 13 
585.323 13 
767.721 13 
825.989 13 
1284.41 13 
1243.22 13 
782.718 13 
653.539 13 
1170.7 13 
1094.02 13 
761.006 13 
1094.5 13 
866.527 13 
1222.15 13 
1330.99 13 
545.044 13 
783.689 13 
548.963 13 
1303.85 13 
613.259 13 
1094.08 13 
999.369 13 
654.871 13 
931.228 13 
1149.84 13 
1374.64 13 
1179.36 13 
1241.66 13 
1062.43 13 
807.085 13 
967.093 13 
1399.1 13 
846.974 13 
958.956 13 
947.006 13 
1238.13 13 
1278.84 13 
1060.47 13 
1328.47 13 
1090.49 13 
920.371 13 
1241.88 13 
1259.81 13 
1149.7 13 
1101.08 13 
1019.52 13 
575.834 13 
1064.4 13 
1151.86 13 
1177.49 13 
755.548 13 
774.641 13 
1227.41 13 
1419.27 13 
843.992 13 
925.873 13 
1324.35 13 
495.415 13 
1135.69 13 
814.082 13 
868.962 13 
678.904 13 
1030.48 13 
953.634 13 
1338.16 13 
1103.5 13 
1235.63 13 
946.41 13 
1211.91 13 
1005.44 13 
950.903 13 
1041.24 13 
1348.83 13 
1209.95 13 
708.358 13 
588.312 13 
1129.58 13 
770.682 13 
742.424 13 
430.899 13 
623.122 13 
734.289 13 
1162.08 13 
1190.11 13 
1194.26 13 
585.196 13 
816.841 13 
1270.81 13 
1214.89 13 
1507.63 13 
1167.84 13 
1321.89 13 
1182.98 13 
1320.84 13 
807.989 13 
564.136 13 
1076.25 13 
1039.41 13 
706.004 13 
1120.09 13 
958.839 13 
1227.06 13 
1189.2 13 
1273.9 13 
963.396 13 
1642.76 13 
653.352 13 
1062.88 13 
1011.15 13 
1233.1 13 
1096.48 13 
638.318 13 
964.773 13 
747.204 13 
1135.59 13 
806.85 13 
1127.38 13 
1227.8 13 
1121.36 13 
817.313 13 
871.497 13 
1188.04 13 
897.626 13 
1129.81 13 
1122.1 13 
1098.58 13 
1308.35 13 
1160.79 13 
937.96 13 
1314.14 13 
1133.66 13 
1345.53 13 
1268 13 
1231.95 13 
1205.98 13 
1145.32 13 
702.747 13 
1144.91 13 
1168.17 13 
960.197 13 
1296.45 13 
1152.72 13 
764.824 13 
1297.39 13 
935.313 13 
972.86 13 
1052.98 13 
1210.74 13 
697.485 13 
1077.98 13 
879.916 13 
1340.72 13 
173.019 13 
1179.46 13 
1250.1 13 
1081.31 13 
1148.03 13 
1218.91 13 
1215.22 13 
619.725 13 
507.593 13 
1410.26 13 
1191.79 13 
1578.31 13 
676.72 13 
1052.12 13 
937.894 13 
1315.74 13 
1267.65 13 
1234.45 13 
1297.77 13 
954.596 13 
1169.07 13 
1016.34 13 
855.646 13 
1200.98 13 
916.302 13 
743.038 13 
674.503 13 
887.424 13 
1020.32 13 
782.517 13 
1186.93 13 
645.862 13 
1294.82 13 
1321.15 13 
776.231 13 
1314.25 13 
1323.57 13 
1214.8 13 
1350.43 13 
1103.36 13 
1291.17 13 
643.812 13 
860.546 13 
1170.34 13 
1141.51 13 
1241.67 13 
1143.43 13 
1273.71 13 
1340.42 13 
982.062 13 
1047.46 13 
1129.7 13 
1041.11 13 
1444.75 13 
1486.58 13 
874.557 13 
1086.03 13 
781.658 13 
750.763 13 
975.188 13 
1110.37 13 
915.736 13 
1146.76 13 
832.996 13 
973.773 13 
1158.01 13 
1192.5 13 
1013.33 13 
1203.51 13 
1583.87 13 
1089.42 13 
693.417 13 
1324.75 13 
758.558 13 
1029.78 13 
1257.42 13 
1102.67 13 
779.986 13 
1110.49 13 
1542.97 13 
1139.81 13 
969.819 13 
799.652 13 
1087.24 13 
870.669 13 
970.25 13 
1024.16 13 
528.246 13 
794.761 13 
1222.09 13 
1333.19 13 
892.751 13 
921.755 13 
1157.56 13 
1263.49 13 
1089.9 13 
982.069 13 
806.643 13 
975.813 13 
1090.95 13 
1047.81 13 
1122.19 13 
975.415 13 
1386.11 13 
510.314 13 
1328.55 13 
1265.13 13 
1246.39 13 
1148.76 13 
983.66 13 
1204.63 13 
1252.3 13 
1032.29 13 
1039.2 13 
759.464 13 
786.633 13 
687.228 13 
984.288 13 
1079.55 13 
1008.29 13 
857.584 13 
591.958 13 
1177.92 13 
1355.29 13 
1014.87 13 
1113.75 13 
959.39 13 
880.627 13 
827.02 13 
1110.32 13 
1142.42 13 
884.616 13 
1222.57 13 
1778.36 13 
1033.47 13 
1173.97 13 
1186.19 13 
1043.85 13 
1107.22 13 
927.929 13 
1167.35 13 
969.388 13 
713.304 13 
807.508 13 
1205.36 13 
896.407 13 
525.207 13 
1328.38 13 
1328.13 13 
1166 13 
1128.87 13 
731.092 13 
1235.31 13 
1044.19 13 
1206.3 13 
1070.1 13 
1378.16 13 
1016.48 13 
1329.49 13 
1259.81 13 
919.143 13 
1304.84 13 
1229.21 13 
812.897 13 
937.882 13 
711.527 13 
945.12 13 
1121.23 13 
1009.55 13 
1245.88 13 
1290.08 13 
846.311 13 
1222.75 13 
1254.39 13 
939.984 13 
1072.04 13 
537.796 13 
1263.56 13 
897.731 13 
1113.46 13 
1142.86 13 
1225.68 13 
1128.15 13 
1064.21 13 
752.63 13 
1299.46 13 
592.71 13 
1105.31 13 
1191.08 13 
854.719 13 
1285.51 13 
1296.58 13 
855.406 13 
1219.9 13 
624.486 13 
1487.92 13 
1720.55 13 
1159.82 13 
895.809 13 
1103.64 13 
1172.42 13 
1121.36 13 
613.299 13 
818.768 13 
1126.3 13 
1139.82 13 
826.109 13 
1115.32 13 
1165.31 13 
928.348 13 
814.509 13 
1139.97 13 
1260.63 13 
802.656 13 
1063.05 13 
551.52 13 
976.319 13 
1151.71 13 
887.14 13 
1318.37 13 
1407.91 13 
917.79 13 
1123.16 13 
757.461 13 
1282.58 13 
1160.58 13 
1117.84 13 
526.713 13 
1435.17 13 
1394.95 13 
1359.85 13 
1252.16 13 
1298.57 13 
1120.55 13 
1116.95 13 
1016.7 13 
1334.69 13 
1221.31 13 
1078.34 13 
1113.05 13 
1374.96 13 
1298.89 13 
1070 13 
1248 13 
436.372 13 
1420.45 13 
1203.35 13 
1300.2 13 
526.931 13 
517.107 13 
1115.22 13 
868.112 13 
1041.89 13 
657.822 13 
1217.48 13 
1042.41 13 
1206.81 13 
1090.85 13 
805.254 13 
898.945 13 
635.245 13 
839.151 13 
701.55 13 
718.308 13 
982.858 13 
1048.19 13 
1200.92 13 
1165.23 13 
1477.53 13 
802.386 13 
1041.24 13 
1158.61 13 
2933.07 13 
1197.52 13 
989.932 13 
918.884 13 
917.746 13 
783.748 13 
1140.88 13 
960.968 13 
755.495 13 
476.04 13 
935.293 13 
1235.35 13 
866.204 13 
844.036 13 
1044.98 13 
486.502 13 
937.985 13 
756.318 13 
1227.46 13 
1164.81 13 
782.794 13 
940.803 13 
1269.88 13 
1489.42 13 
1326.18 13 
666.32 13 
