483.902 11 
486.869 11 
466.619 11 
773.422 11 
629.401 11 
550.75 11 
503.444 11 
723.247 11 
505.819 11 
544.771 11 
610.984 11 
431.23 11 
509.12 11 
480.564 11 
529.604 11 
650.398 11 
515.41 11 
518.79 11 
453.249 11 
403.594 11 
379.222 11 
468.563 11 
507.922 11 
413.98 11 
553.476 11 
503.261 11 
445.851 11 
413.426 11 
468.031 11 
536.439 11 
531.951 11 
496.547 11 
380.369 11 
583.998 11 
464.726 11 
542.048 11 
498.707 11 
625.035 11 
534.362 11 
511.686 11 
519.719 11 
473.903 11 
566.776 11 
651.231 11 
657.393 11 
820.494 11 
463.584 11 
519.423 11 
541.289 11 
599.406 11 
476.385 11 
485.779 11 
552.642 11 
444.61 11 
497.271 11 
603.229 11 
475.33 11 
404.159 11 
555.922 11 
307.611 11 
475.901 11 
499.472 11 
382.285 11 
561.805 11 
439.455 11 
544.967 11 
507.038 11 
431.628 11 
505.418 11 
641.987 11 
559.79 11 
495.202 11 
546.718 11 
501.083 11 
506.678 11 
523.666 11 
478.797 11 
392.513 11 
459.211 11 
537.896 11 
520.821 11 
474.209 11 
586.534 11 
492.505 11 
505.68 11 
461.837 11 
700.144 11 
433.219 11 
487.312 11 
792.633 11 
403.413 11 
574.747 11 
565.898 11 
487.435 11 
479.597 11 
485.455 11 
460.001 11 
473.195 11 
777.241 11 
613.846 11 
407.649 11 
540.33 11 
459.451 11 
520.521 11 
471.664 11 
601.585 11 
389.857 11 
436.809 11 
547.938 11 
491.7 11 
482.091 11 
492.015 11 
415.28 11 
506.34 11 
523.902 11 
476.187 11 
596.172 11 
629.1 11 
763.261 11 
452.442 11 
521.359 11 
447.425 11 
625.634 11 
438.882 11 
490.483 11 
449.936 11 
609.076 11 
664.319 11 
451.496 11 
478.002 11 
454.685 11 
586.418 11 
785.913 11 
665.935 11 
716.692 11 
482.576 11 
486.736 11 
568.678 11 
485.973 11 
480.021 11 
597.549 11 
468.498 11 
580.676 11 
437.768 11 
697.308 11 
667.941 11 
529.635 11 
462.562 11 
442.254 11 
496.143 11 
439.687 11 
557.442 11 
660.832 11 
480.024 11 
508.673 11 
448.507 11 
477.115 11 
529.79 11 
483.364 11 
636.342 11 
599.962 11 
571.702 11 
534.2 11 
362.918 11 
535.703 11 
498.04 11 
741.792 11 
465.436 11 
510.292 11 
449.455 11 
540.542 11 
485.336 11 
527.653 11 
407.15 11 
468.749 11 
585.505 11 
881.196 11 
540.869 11 
568.951 11 
440.179 11 
625.714 11 
477.851 11 
939.958 11 
951.155 11 
556.432 11 
796.842 11 
413.912 11 
517.113 11 
394.722 11 
482.542 11 
434.044 11 
428.176 11 
608.641 11 
524.493 11 
557.63 11 
626.363 11 
666.251 11 
616.198 11 
493.302 11 
489.823 11 
482.8 11 
546.221 11 
402.689 11 
473.869 11 
509.2 11 
488.394 11 
1027.88 11 
576.986 11 
516.079 11 
810.699 11 
507.617 11 
484.942 11 
516.194 11 
619.536 11 
448.099 11 
482.348 11 
486.212 11 
435.179 11 
482.904 11 
491.074 11 
484.801 11 
494.307 11 
411.414 11 
517.244 11 
402.924 11 
387.489 11 
452.503 11 
475.012 11 
426.081 11 
571.144 11 
685.054 11 
451.937 11 
425.621 11 
490.147 11 
522.524 11 
503.256 11 
465.34 11 
444.918 11 
444.252 11 
417.975 11 
478.204 11 
621.709 11 
646.469 11 
497.346 11 
711.258 11 
1031.22 11 
513.511 11 
453.102 11 
564.993 11 
512.809 11 
552.191 11 
399.339 11 
474.972 11 
504.955 11 
468.743 11 
456.535 11 
111.909 11 
408.847 11 
497.692 11 
609.936 11 
606.16 11 
582.367 11 
384.762 11 
469.743 11 
427.519 11 
459.015 11 
406.144 11 
366.93 11 
662.827 11 
505.161 11 
459.319 11 
603.932 11 
378.779 11 
494.209 11 
534.983 11 
610.358 11 
879.609 11 
404.185 11 
630.75 11 
518.571 11 
454.271 11 
986.038 11 
492.072 11 
485.839 11 
380.591 11 
653.315 11 
432.197 11 
486.228 11 
676.444 11 
495.404 11 
724.719 11 
535.704 11 
388.612 11 
414.896 11 
891.297 11 
488.178 11 
510.177 11 
934.684 11 
511.177 11 
464.951 11 
554.109 11 
697.47 11 
459.093 11 
482.939 11 
496.26 11 
449.226 11 
536.343 11 
547.797 11 
475.528 11 
775.464 11 
555.251 11 
339.466 11 
633.682 11 
464.808 11 
448.894 11 
314.74 11 
554.012 11 
463.385 11 
830.829 11 
451.867 11 
583.306 11 
505.646 11 
569.234 11 
566.955 11 
479.137 11 
631.582 11 
487.278 11 
500.65 11 
520.394 11 
679.467 11 
487.455 11 
416.746 11 
526.238 11 
478.63 11 
489.109 11 
473.635 11 
545.402 11 
473.196 11 
456.017 11 
414.056 11 
482.714 11 
505.511 11 
528.713 11 
492.888 11 
490.449 11 
391.953 11 
551.606 11 
419.237 11 
645.501 11 
410.047 11 
522.247 11 
507.308 11 
446.189 11 
545.075 11 
506.447 11 
491.43 11 
462.096 11 
464.311 11 
477.771 11 
536.678 11 
461.896 11 
407.76 11 
557.614 11 
541.391 11 
525.8 11 
471.062 11 
406.189 11 
346.779 11 
501.516 11 
524.354 11 
398.492 11 
522.391 11 
460.987 11 
950.224 11 
547.582 11 
500.163 11 
435.566 11 
501.156 11 
573.362 11 
586.693 11 
627.162 11 
837.8 11 
555.158 11 
437.015 11 
553.32 11 
340.788 11 
746.344 11 
363.285 11 
668.67 11 
649.425 11 
602.91 11 
530.763 11 
501.243 11 
419.881 11 
468.064 11 
687.654 11 
505.34 11 
492.225 11 
686.836 11 
354.694 11 
462.593 11 
494.233 11 
571.955 11 
855.934 11 
979.211 11 
784.058 11 
589.668 11 
488.798 11 
475.217 11 
448.528 11 
431.096 11 
445.42 11 
497.776 11 
501.399 11 
443.969 11 
465.133 11 
498.12 11 
658.756 11 
499.203 11 
599.04 11 
384.919 11 
362.32 11 
503.914 11 
621.707 11 
520.319 11 
559.461 11 
560.476 11 
395.751 11 
452.045 11 
430.815 11 
356.27 11 
399.87 11 
792.633 11 
540.085 11 
493.678 11 
619.62 11 
617.615 11 
486.565 11 
438.918 11 
572.437 11 
630.21 11 
613.059 11 
448.904 11 
559.894 11 
477.982 11 
473.892 11 
488.354 11 
474.832 11 
527.43 11 
573.994 11 
478.535 11 
717.17 11 
455.905 11 
560.94 11 
807.228 11 
474.078 11 
534.7 11 
281.771 11 
563.64 11 
516.473 11 
472.102 11 
507.671 11 
477.769 11 
415.297 11 
435.403 11 
474.046 11 
493.94 11 
467.83 11 
477.044 11 
732.61 11 
615.087 11 
599.086 11 
535.908 11 
697.471 11 
475.629 11 
483.365 11 
426.109 11 
589.752 11 
438.091 11 
455.712 11 
374.862 11 
466.332 11 
660.033 11 
529.525 11 
450.919 11 
447.031 11 
449.404 11 
538.708 11 
579.982 11 
492.577 11 
487.513 11 
608.91 11 
566.336 11 
516.053 11 
442.489 11 
957.572 11 
781.902 11 
474.188 11 
557.111 11 
678.274 11 
351.223 11 
530.945 11 
577.598 11 
305.557 11 
465.222 11 
507.971 11 
470.12 11 
534.009 11 
484.842 11 
778.202 11 
495.701 11 
362.943 11 
504.17 11 
592.318 11 
543.227 11 
548.417 11 
685.952 11 
432.299 11 
508.043 11 
566.298 11 
644.578 11 
500.732 11 
594.11 11 
452.292 11 
527.015 11 
452.27 11 
451.273 11 
878.894 11 
562.891 11 
776.772 11 
508.129 11 
542.071 11 
516.899 11 
360.146 11 
681.859 11 
713.062 11 
666.227 11 
512.101 11 
491.514 11 
605.8 11 
397.022 11 
429.605 11 
493.844 11 
430.355 11 
583.073 11 
559.846 11 
594.443 11 
488.69 11 
404.044 11 
524.504 11 
813.796 11 
545.066 11 
944.805 11 
478.071 11 
558.037 11 
475.372 11 
418.759 11 
368.199 11 
442.567 11 
488.014 11 
687.278 11 
515.33 11 
624.296 11 
498.324 11 
374.005 11 
445.098 11 
455.636 11 
503.055 11 
503.293 11 
447.242 11 
505.292 11 
449.548 11 
522.65 11 
417.581 11 
539.769 11 
463.516 11 
498.97 11 
607.15 11 
641.381 11 
161.09 11 
464.073 11 
660.465 11 
446.015 11 
498.35 11 
472.353 11 
472.009 11 
493.58 11 
495.736 11 
528.648 11 
673.705 11 
510.767 11 
429.76 11 
498.532 11 
948.681 11 
694.623 11 
460.811 11 
481.334 11 
471.701 11 
559.872 11 
543.069 11 
509.66 11 
583.035 11 
463.896 11 
1037.71 11 
487.041 11 
526.94 11 
632.369 11 
546.589 11 
520.425 11 
448.341 11 
432.749 11 
461.41 11 
456.118 11 
613.821 11 
556.118 11 
473.583 11 
560.453 11 
515.951 11 
710.117 11 
364.673 11 
550.493 11 
512.188 11 
644.384 11 
461.738 11 
454.219 11 
604.659 11 
509.472 11 
571.431 11 
482.843 11 
502.227 11 
482.815 11 
632.904 11 
587.177 11 
428.034 11 
541.407 11 
440.518 11 
474.22 11 
479.68 11 
474.274 11 
526.205 11 
538.067 11 
427.714 11 
463.746 11 
577 11 
541.961 11 
556.976 11 
535.554 11 
435.808 11 
367.683 11 
492.508 11 
479.52 11 
496.886 11 
509.231 11 
541.293 11 
451.94 11 
560.726 11 
492.362 11 
430.812 11 
512.881 11 
475.349 11 
438.37 11 
564.558 11 
541.77 11 
534.238 11 
519.394 11 
437.844 11 
492.475 11 
505.792 11 
527.157 11 
499.44 11 
473.578 11 
527.815 11 
421.726 11 
554.84 11 
537.961 11 
522.635 11 
466.454 11 
518.753 11 
894.863 11 
566.84 11 
454.734 11 
518.004 11 
449.824 11 
642.438 11 
762.336 11 
481.597 11 
512.037 11 
547.589 11 
550.358 11 
484.7 11 
470.838 11 
519.95 11 
588.11 11 
463.4 11 
566.646 11 
573.872 11 
450.716 11 
517.578 11 
442.323 11 
1035.17 11 
460.259 11 
649.489 11 
547.407 11 
549.168 11 
550.152 11 
488.74 11 
443.417 11 
522.301 11 
440.143 11 
488.039 11 
507.473 11 
496.637 11 
500.541 11 
473.331 11 
454.5 11 
503.829 11 
755.314 11 
590.055 11 
397.66 11 
991.446 11 
1073.11 11 
461.326 11 
627.235 11 
511.986 11 
484.269 11 
475.873 11 
462.059 11 
420.595 11 
466.724 11 
519.634 11 
550.131 11 
583.718 11 
454.007 11 
544.921 11 
657.979 11 
506.477 11 
435.086 11 
469.157 11 
555.221 11 
501.678 11 
591.96 11 
544.631 11 
724.853 11 
733.527 11 
553.297 11 
446.877 11 
393.886 11 
503.012 11 
579.52 11 
487.011 11 
480.74 11 
544.993 11 
923.337 11 
556.464 11 
586.207 11 
674.44 11 
488.214 11 
583.131 11 
586.752 11 
496.887 11 
623.933 11 
709.829 11 
624.472 11 
663.425 11 
364.384 11 
436.245 11 
680.004 11 
539.508 11 
708.769 11 
436.32 11 
551.569 11 
468.953 11 
478.638 11 
356.453 11 
523.919 11 
464.358 11 
592.031 11 
432.704 11 
483.976 11 
449.212 11 
434.981 11 
492.423 11 
486.982 11 
489.015 11 
502.611 11 
512.546 11 
477.452 11 
472.703 11 
538.504 11 
532.37 11 
572.911 11 
553.415 11 
426.818 11 
481.355 11 
480.755 11 
488.396 11 
455.241 11 
496.345 11 
365.042 11 
433.683 11 
460.67 11 
551.431 11 
469.419 11 
403.018 11 
487.046 11 
911.669 11 
507.932 11 
489.685 11 
530.599 11 
502.597 11 
596.938 11 
441.139 11 
566.314 11 
527.731 11 
605.346 11 
576.342 11 
615.153 11 
452.026 11 
496.426 11 
541.436 11 
627.895 11 
491.124 11 
662.353 11 
780.093 11 
701.271 11 
484.249 11 
577.464 11 
468.347 11 
896.388 11 
543.034 11 
653.492 11 
689.243 11 
493.467 11 
489.456 11 
481.612 11 
106.848 11 
588.356 11 
480.782 11 
477.135 11 
670.211 11 
421.854 11 
665.937 11 
689.218 11 
927.223 11 
433.213 11 
783.87 11 
859.938 11 
535.701 11 
514.065 11 
536.152 11 
740.322 11 
615.206 11 
591.8 11 
482.305 11 
456.298 11 
450.117 11 
592.874 11 
489.375 11 
480.122 11 
607.682 11 
452.5 11 
526.888 11 
959.142 11 
567.37 11 
560.85 11 
600.717 11 
519.441 11 
519.194 11 
488.925 11 
953.024 11 
819.149 11 
426.854 11 
407.246 11 
526.467 11 
468.821 11 
387.987 11 
498.483 11 
522.96 11 
520.945 11 
501.312 11 
569.774 11 
578.797 11 
517.059 11 
403.743 11 
544.897 11 
672.993 11 
253.335 11 
506.007 11 
367.771 11 
500.873 11 
669.387 11 
548.03 11 
694.049 11 
562.047 11 
409.892 11 
457.107 11 
477.958 11 
359.974 11 
549.186 11 
581.981 11 
528.97 11 
427.147 11 
630.917 11 
423.4 11 
945.833 11 
495.035 11 
463.57 11 
451.421 11 
678.815 11 
541.776 11 
432.527 11 
470.095 11 
498.377 11 
485.583 11 
520.176 11 
579.789 11 
572.797 11 
457.144 11 
667.571 11 
462.114 11 
415.74 11 
608.115 11 
670.444 11 
563.492 11 
575.396 11 
535.323 11 
568.331 11 
570.666 11 
522.517 11 
629.89 11 
556.536 11 
458.87 11 
396.184 11 
604.52 11 
478.748 11 
612.803 11 
557.597 11 
584.327 11 
417.05 11 
598.753 11 
377.677 11 
684.474 11 
695.245 11 
560.49 11 
445.098 11 
484.558 11 
610.7 11 
473.384 11 
650.317 11 
433.746 11 
549.843 11 
548.039 11 
596.333 11 
945.475 11 
679.583 11 
561.214 11 
535.031 11 
426.761 11 
641.252 11 
489.561 11 
541.158 11 
499.137 11 
460.684 11 
853.259 11 
406.392 11 
527.735 11 
541.42 11 
523.949 11 
485.786 11 
568.459 11 
534.446 11 
466.463 11 
626.191 11 
472.814 11 
586.705 11 
627.528 11 
617.81 11 
478.259 11 
415.776 11 
553.712 11 
428.863 11 
550.494 11 
503.625 11 
598.153 11 
682.814 11 
496.974 11 
667.995 11 
690.618 11 
515.836 11 
415.375 11 
494.686 11 
419.587 11 
394.846 11 
541.487 11 
494.327 11 
494.267 11 
563.104 11 
560.798 11 
432.411 11 
507.972 11 
412.917 11 
554.208 11 
519.943 11 
377.109 11 
471.243 11 
448.741 11 
875.089 11 
834.374 11 
451.396 11 
530.296 11 
735.5 11 
663.355 11 
500.777 11 
475.462 11 
499.03 11 
694.854 11 
526.867 11 
476.95 11 
539.985 11 
567.737 11 
805.63 11 
577.458 11 
482.01 11 
372.345 11 
656.438 11 
581.725 11 
500.713 11 
467.684 13 
474.669 13 
531.141 13 
503.207 13 
573.929 13 
690.912 13 
464.577 13 
559.487 13 
485.622 13 
635.9 13 
506.762 13 
678.236 13 
499.688 13 
422.59 13 
389.082 13 
452.278 13 
712.607 13 
547.519 13 
514.905 13 
554.157 13 
545.864 13 
529.393 13 
1168.06 13 
497.057 13 
574.762 13 
445.526 13 
513.239 13 
514.343 13 
391.942 13 
597.956 13 
752.502 13 
520.11 13 
490.331 13 
480.927 13 
512.697 13 
506.865 13 
485.762 13 
560.826 13 
526.674 13 
529.405 13 
591.699 13 
515.37 13 
841.206 13 
517.987 13 
481.01 13 
663.105 13 
512.42 13 
228.01 13 
496.633 13 
565.854 13 
518.537 13 
401.649 13 
432.242 13 
486.904 13 
576.018 13 
521.788 13 
475.335 13 
425.407 13 
478.582 13 
526.954 13 
470.599 13 
402.776 13 
498.471 13 
571.937 13 
558.117 13 
466.545 13 
597.804 13 
470.83 13 
412.955 13 
829.877 13 
406.76 13 
443.78 13 
477.008 13 
714.598 13 
632.333 13 
573.895 13 
466.103 13 
787.088 13 
401.06 13 
513.285 13 
539.212 13 
504.464 13 
657.164 13 
470.852 13 
548.913 13 
474.521 13 
472.615 13 
546.65 13 
594.421 13 
421.097 13 
488.884 13 
425.779 13 
441.954 13 
498.87 13 
544.952 13 
479.49 13 
434.396 13 
615.71 13 
504.761 13 
591.016 13 
582.085 13 
467.2 13 
450.503 13 
520.667 13 
494.425 13 
625.091 13 
512.312 13 
571.769 13 
436.733 13 
613.85 13 
493.58 13 
470.02 13 
782.648 13 
642.382 13 
477.839 13 
534.233 13 
470.141 13 
374.179 13 
686.2 13 
477.773 13 
422.508 13 
674.865 13 
551.927 13 
494.544 13 
455.227 13 
399.045 13 
495.366 13 
574.99 13 
534.241 13 
422.02 13 
865.554 13 
421.289 13 
822.237 13 
758.691 13 
510.657 13 
424.613 13 
521.8 13 
475.021 13 
429.811 13 
490.465 13 
488.784 13 
507.245 13 
475.755 13 
511.499 13 
505.525 13 
534.622 13 
554.457 13 
493.136 13 
503.117 13 
437.825 13 
444.163 13 
413.362 13 
493.019 13 
541.276 13 
420.038 13 
475.532 13 
476.834 13 
105.948 13 
549.959 13 
550.777 13 
364.184 13 
533.618 13 
471.006 13 
462.949 13 
633.8 13 
489.074 13 
652.616 13 
636.962 13 
651.53 13 
463.038 13 
1071.31 13 
404.817 13 
926.816 13 
646.585 13 
578.426 13 
442.411 13 
554.828 13 
431.038 13 
536.978 13 
576.904 13 
701.583 13 
468.37 13 
563.109 13 
511.05 13 
372.224 13 
364.063 13 
469.401 13 
507.265 13 
485.561 13 
586.824 13 
587.5 13 
505.56 13 
637.007 13 
506.488 13 
384.478 13 
690.156 13 
500.357 13 
423.441 13 
508.287 13 
333.68 13 
494.139 13 
340.996 13 
438.019 13 
488.231 13 
378.479 13 
490.299 13 
501.593 13 
619.075 13 
269.966 13 
516.911 13 
504.131 13 
602.365 13 
584.894 13 
478.964 13 
717.443 13 
529.938 13 
452.45 13 
443.548 13 
480.38 13 
891.359 13 
590.31 13 
1039.45 13 
409.366 13 
439.304 13 
601.055 13 
502.548 13 
447.09 13 
546.865 13 
533.11 13 
545.585 13 
532.078 13 
553.886 13 
464.126 13 
512.919 13 
697.967 13 
649.8 13 
472.7 13 
594.45 13 
534.662 13 
502.711 13 
462.878 13 
478.106 13 
572.761 13 
552.199 13 
510.761 13 
553.428 13 
502.568 13 
496.517 13 
423.888 13 
407.424 13 
511.708 13 
989.767 13 
561.563 13 
516.274 13 
522.19 13 
562.909 13 
465.982 13 
693.424 13 
568.367 13 
437.779 13 
546.318 13 
533.181 13 
461.924 13 
456.196 13 
464.648 13 
512.246 13 
572.527 13 
424.826 13 
478.124 13 
555.839 13 
437.942 13 
948.949 13 
488.161 13 
467.683 13 
409.991 13 
580.731 13 
647.431 13 
505.719 13 
749.237 13 
751.423 13 
828.05 13 
669.01 13 
575.118 13 
396.324 13 
547.481 13 
392.524 13 
482.794 13 
527.877 13 
472.162 13 
544.705 13 
474.662 13 
600.738 13 
501.796 13 
751.533 13 
685.809 13 
508.235 13 
466.508 13 
478.351 13 
505.94 13 
767.263 13 
590.124 13 
593.604 13 
457.521 13 
585.515 13 
419.914 13 
426.638 13 
573.136 13 
538.596 13 
551.766 13 
534.86 13 
430.057 13 
391.601 13 
397.768 13 
835.184 13 
436.86 13 
459.94 13 
420.448 13 
605.018 13 
520.071 13 
755.801 13 
311.236 13 
608.517 13 
444.951 13 
663.03 13 
533.382 13 
399.307 13 
413.431 13 
470.412 13 
485.567 13 
450.881 13 
502.288 13 
545.649 13 
383.88 13 
499.407 13 
541.953 13 
473.902 13 
542.675 13 
599.054 13 
583.505 13 
554.67 13 
521.954 13 
489.64 13 
411.949 13 
660.343 13 
436.177 13 
552.855 13 
616.001 13 
518.795 13 
820.313 13 
547.211 13 
558.263 13 
548.755 13 
472.702 13 
455.714 13 
599.325 13 
218.214 13 
463.027 13 
438.918 13 
570.762 13 
482.485 13 
638.139 13 
381.602 13 
379.041 13 
456.445 13 
520.627 13 
1075.93 13 
555.371 13 
529.882 13 
622.22 13 
750.145 13 
461.375 13 
468.729 13 
716.513 13 
448.535 13 
542.811 13 
540.376 13 
534.955 13 
489.394 13 
470.703 13 
686.234 13 
471.088 13 
216.833 13 
398.264 13 
373.665 13 
616.047 13 
408.284 13 
525.598 13 
816.307 13 
660.965 13 
709.889 13 
531.869 13 
619.681 13 
542.933 13 
508.632 13 
407.795 13 
392.971 13 
483.09 13 
767.825 13 
467.178 13 
465.496 13 
509.775 13 
544.044 13 
470.186 13 
588.874 13 
558.346 13 
654.366 13 
619.807 13 
351.431 13 
467.52 13 
427.092 13 
456.423 13 
489.319 13 
489.064 13 
407.06 13 
612.37 13 
490.757 13 
430.787 13 
642.982 13 
448.588 13 
520.935 13 
584.171 13 
583.605 13 
512.524 13 
408.448 13 
544.351 13 
542.514 13 
496.2 13 
507.45 13 
507.676 13 
545.621 13 
524.583 13 
518.018 13 
770.37 13 
459.73 13 
823.457 13 
474.51 13 
584.102 13 
483.424 13 
422.316 13 
549.423 13 
917.033 13 
443.747 13 
491.665 13 
567.496 13 
509.973 13 
567.488 13 
710.99 13 
513.795 13 
533.927 13 
470.249 13 
508.008 13 
735.819 13 
578.126 13 
558.581 13 
486.154 13 
894.552 13 
458.504 13 
438.63 13 
461.869 13 
383.534 13 
441.727 13 
531.283 13 
590.099 13 
723.574 13 
557.402 13 
477.032 13 
527.019 13 
429.58 13 
475.047 13 
523.447 13 
563.917 13 
333.492 13 
841.035 13 
771.64 13 
422.723 13 
450.309 13 
432.078 13 
452.349 13 
821.131 13 
473.661 13 
530.836 13 
589.152 13 
538.273 13 
797.387 13 
552.463 13 
427.193 13 
674.832 13 
403.845 13 
441.07 13 
447.169 13 
460.161 13 
470.488 13 
397.626 13 
479.715 13 
445.516 13 
482.859 13 
471.943 13 
623.348 13 
339.216 13 
461.471 13 
426.69 13 
484.457 13 
513.346 13 
565.628 13 
547.607 13 
624.135 13 
487.193 13 
490.894 13 
486.018 13 
544.21 13 
518.435 13 
509.412 13 
468.027 13 
448.003 13 
476.709 13 
505.343 13 
492.969 13 
597.325 13 
444.175 13 
541.828 13 
449.333 13 
534.887 13 
522.747 13 
570.961 13 
460.335 13 
485.353 13 
355.581 13 
507.73 13 
490.117 13 
538.681 13 
398.716 13 
452.331 13 
470.571 13 
482.397 13 
595.366 13 
412.191 13 
445.897 13 
456.914 13 
465.358 13 
523.777 13 
535.411 13 
548.063 13 
455.068 13 
464.057 13 
417.786 13 
532.016 13 
430.547 13 
506.504 13 
566.299 13 
474.525 13 
584.221 13 
390.601 13 
510.29 13 
491.307 13 
509.005 13 
562.185 13 
617.28 13 
583.276 13 
445.804 13 
506.102 13 
440.114 13 
439.752 13 
432.386 13 
539.088 13 
699.04 13 
406.498 13 
529.962 13 
574.385 13 
657.124 13 
518.853 13 
548.97 13 
217.216 13 
505.463 13 
595.178 13 
691.016 13 
499.273 13 
505.124 13 
484.874 13 
504.233 13 
560.047 13 
412.482 13 
514.654 13 
377.849 13 
782.125 13 
509.589 13 
412.265 13 
514.018 13 
337.556 13 
432.059 13 
529.779 13 
625.514 13 
380.89 13 
578.301 13 
527.154 13 
538.582 13 
416.555 13 
987.018 13 
580.396 13 
321.919 13 
470.454 13 
558.01 13 
519.643 13 
526.627 13 
533.834 13 
586.391 13 
598.841 13 
710.983 13 
743.744 13 
490.774 13 
557.153 13 
457.987 13 
336.347 13 
756.215 13 
691.498 13 
511.118 13 
395.392 13 
494.695 13 
720.949 13 
575.097 13 
550.679 13 
586.573 13 
709.207 13 
1019.79 13 
615.289 13 
507.189 13 
525.357 13 
513.22 13 
513.247 13 
432.181 13 
453.482 13 
615.87 13 
518.392 13 
495.197 13 
637.057 13 
413.186 13 
435.315 13 
504.53 13 
676.994 13 
465.492 13 
570.084 13 
452.203 13 
502.44 13 
641.325 13 
749.989 13 
517.449 13 
462.48 13 
459.046 13 
443.812 13 
541.453 13 
458.258 13 
400.613 13 
491.836 13 
650.218 13 
539.979 13 
488.008 13 
530.9 13 
434.017 13 
744.906 13 
473.442 13 
607.15 13 
410.673 13 
460.107 13 
782.221 13 
680.74 13 
471.89 13 
509.596 13 
480.944 13 
477.771 13 
573.993 13 
592.035 13 
471.356 13 
524.207 13 
503.816 13 
459.333 13 
554.562 13 
564.66 13 
443.035 13 
543.984 13 
577.002 13 
447.636 13 
449.362 13 
463.262 13 
431.361 13 
462.491 13 
426.412 13 
615.137 13 
475.033 13 
815.518 13 
590.592 13 
489.482 13 
470.974 13 
460.54 13 
572.48 13 
438.506 13 
450.185 13 
433.414 13 
692.229 13 
705.527 13 
641.578 13 
693.124 13 
568.544 13 
554.6 13 
489.477 13 
425.993 13 
620.814 13 
462.317 13 
605.676 13 
500.183 13 
492.433 13 
692.408 13 
424.869 13 
370.452 13 
686.673 13 
434.143 13 
482.026 13 
496.169 13 
439.92 13 
461.837 13 
718.752 13 
763.696 13 
443.96 13 
504.975 13 
476.038 13 
451.044 13 
484.246 13 
541.341 13 
576.653 13 
610.741 13 
486.791 13 
669.25 13 
432.663 13 
666.163 13 
511.504 13 
471.386 13 
465.778 13 
529.273 13 
508.404 13 
457.489 13 
645.942 13 
502.444 13 
594.866 13 
728.181 13 
551.25 13 
508.05 13 
391.482 13 
498.514 13 
523.332 13 
457.738 13 
604.872 13 
471.359 13 
688.969 13 
489.348 13 
399.97 13 
575.754 13 
489.991 13 
502.919 13 
423.18 13 
363.727 13 
534.366 13 
548.421 13 
498.66 13 
456.165 13 
501.061 13 
590.324 13 
514.427 13 
559.681 13 
777.173 13 
542.828 13 
449.103 13 
509.664 13 
532.19 13 
485.884 13 
613.34 13 
404.956 13 
665.237 13 
523.147 13 
495.304 13 
495.658 13 
514.664 13 
489.201 13 
707.649 13 
490.76 13 
474.495 13 
464.983 13 
593.94 13 
397.643 13 
549.68 13 
447.893 13 
596.049 13 
500.611 13 
603.945 13 
381.139 13 
490.488 13 
978.991 13 
441.921 13 
524.759 13 
559.87 13 
364.078 13 
497.975 13 
516.816 13 
476.721 13 
568.166 13 
468.016 13 
489.751 13 
370.648 13 
407.373 13 
390.198 13 
511.982 13 
351.703 13 
435.628 13 
570.881 13 
488.171 13 
942.611 13 
404.635 13 
591.638 13 
512.183 13 
463.043 13 
584.005 13 
508.843 13 
509.763 13 
493.311 13 
617.993 13 
436.832 13 
440.092 13 
432.508 13 
438.098 13 
552.484 13 
446.888 13 
501.86 13 
496.755 13 
466.661 13 
524.826 13 
537.478 13 
564.606 13 
587.002 13 
487.031 13 
523.556 13 
537.045 13 
488.782 13 
564.454 13 
422.414 13 
392.252 13 
454.185 13 
438.706 13 
407.571 13 
499.836 13 
469.669 13 
452.438 13 
704.866 13 
594.022 13 
647.861 13 
396.761 13 
494.214 13 
452.753 13 
754.476 13 
501.609 13 
507.813 13 
448.125 13 
482.137 13 
618.634 13 
564.587 13 
416.624 13 
382.867 13 
539.916 13 
486.671 13 
626.997 13 
528.207 13 
488.874 13 
894.943 13 
821.861 13 
186.287 13 
480.517 13 
477.897 13 
441.083 13 
448.345 13 
647.708 13 
508.713 13 
356.461 13 
441.011 13 
518.157 13 
619.542 13 
423.076 13 
605.656 13 
440.497 13 
674.922 13 
673.181 13 
372.818 13 
543.141 13 
658.707 13 
717.861 13 
406.371 13 
481.712 13 
437.365 13 
630.357 13 
482.161 13 
482.049 13 
444.394 13 
829.025 13 
517.348 13 
463.86 13 
527.317 13 
437.073 13 
516.931 13 
533.883 13 
432.254 13 
393.49 13 
802.911 13 
458.761 13 
1085.01 13 
647.92 13 
497.953 13 
408.8 13 
522.547 13 
702.043 13 
368.922 13 
528.425 13 
496.571 13 
483.341 13 
469.138 13 
562.048 13 
469.941 13 
499.852 13 
649.744 13 
402.737 13 
576.221 13 
448.081 13 
427.646 13 
452.082 13 
519.896 13 
736.665 13 
569.342 13 
395.175 13 
603.427 13 
340.541 13 
471.82 13 
475.903 13 
468.843 13 
533.852 13 
472.583 13 
441.175 13 
559.45 13 
466.409 13 
543.176 13 
550.202 13 
496.86 13 
379.437 13 
440.16 13 
447.822 13 
453.051 13 
485.548 13 
533.095 13 
498.732 13 
571.081 13 
442.1 13 
505.466 13 
819.246 13 
527.03 13 
540.188 13 
505.393 13 
553.451 13 
545.294 13 
610.565 13 
381.497 13 
639.715 13 
529.765 13 
411.164 13 
457.984 13 
433.779 13 
564.422 13 
668.525 13 
595.954 13 
651.246 13 
452.906 13 
555.605 13 
473.929 13 
483.748 13 
449.369 13 
438.889 13 
490.589 13 
478.946 13 
473.282 13 
460.813 13 
561.392 13 
445.693 13 
460.972 13 
490.942 13 
432.788 13 
490.745 13 
469.344 13 
466.746 13 
481.875 13 
475.181 13 
470.119 13 
458.675 13 
410.096 13 
486.763 13 
450.314 13 
438.585 13 
553.76 13 
434.083 13 
563.909 13 
519.25 13 
535.605 13 
539.84 13 
756.373 13 
566.566 13 
519.573 13 
491.3 13 
469.643 13 
477.709 13 
545.541 13 
467.798 13 
657.978 13 
390.024 13 
557.891 13 
863.211 13 
586.305 13 
743.217 13 
517.747 13 
398.997 13 
595.571 13 
340.426 13 
462.065 13 
407.169 13 
429.063 13 
554.94 13 
330.447 13 
485.126 13 
267.961 13 
561.233 13 
763.291 13 
473.944 13 
935.227 13 
433.442 13 
594.559 13 
732.755 13 
627.521 13 
645.906 13 
407.605 13 
488.47 13 
503.485 13 
509.058 13 
529.62 13 
483.313 13 
537.291 13 
482.162 13 
584.982 13 
581.838 13 
583.509 13 
574.731 13 
465.621 13 
465.964 13 
419.509 13 
445.845 13 
528.273 13 
406.734 13 
414.939 13 
429.038 13 
518.132 13 
546.12 13 
556.466 13 
556.017 13 
496.837 13 
515.137 13 
449.648 13 
485.835 13 
554.66 13 
507.552 13 
506.744 13 
455.295 13 
468.402 13 
427.227 13 
780.801 13 
668.857 13 
532.807 13 
553.284 13 
689.007 13 
580.786 13 
531.908 13 
565.727 13 
1106.63 13 
437.119 13 
449.582 13 
566.967 13 
446.001 13 
502.021 13 
479.23 13 
493.657 13 
576.566 13 
749.194 13 
577.523 13 
470.514 13 
446.807 13 
349.045 13 
461.422 13 
498.896 13 
737.55 13 
643.107 13 
507.179 13 
486.466 13 
424.46 13 
638.011 13 
434.879 13 
522.207 13 
812.357 13 
441.575 13 
458.1 13 
465.384 13 
819.865 13 
848.497 13 
483.835 13 
881.719 13 
624.097 13 
427.819 13 
510.396 13 
613.744 13 
1202.93 13 
668.885 13 
603.998 13 
541.89 13 
518.754 13 
548.573 13 
827.159 13 
633.106 13 
603.68 13 
389.079 13 
492.136 13 
549.158 13 
440.411 13 
520.374 13 
547.701 13 
515.489 13 
533.896 13 
499.151 13 
432.062 13 
851.038 13 
532.608 13 
492.232 13 
536.291 13 
913.214 13 
415.426 13 
547.962 13 
572.579 13 
381.351 13 
496.772 13 
490.61 13 
469.698 13 
504.571 13 
395.357 13 
444.679 13 
510.282 13 
487.074 13 
514.732 13 
498.948 13 
525.77 13 
463.74 13 
455.379 13 
595.554 13 
459.954 13 
502.14 13 
739.249 13 
483.14 13 
495.246 13 
388.704 13 
529.4 13 
342.875 13 
547.944 13 
423.348 13 
513.509 13 
518.954 13 
456.374 13 
519.107 13 
433.693 13 
514.268 13 
475.212 13 
567.876 13 
497.727 13 
449.718 13 
471.553 13 
498.526 13 
569 13 
326.338 13 
459.024 13 
511.41 13 
453.238 13 
509.112 13 
481.692 13 
420.365 13 
507.474 13 
445.037 13 
490.781 13 
539.938 13 
431.934 13 
512.104 13 
458.099 13 
548.848 13 
439.853 13 
522.792 13 
743.917 13 
456.575 13 
497.413 13 
706.781 13 
457.409 13 
405.216 13 
571.651 13 
715.103 13 
559.366 13 
481.281 13 
515.033 13 
484.395 13 
544.074 13 
526.206 13 
482.52 13 
473.222 13 
480.68 13 
661.958 13 
707.979 13 
516.956 13 
620.151 13 
519.25 13 
582.768 13 
561.094 13 
506.032 13 
422.375 13 
525.303 13 
394.548 13 
486.649 13 
504.016 13 
524.251 13 
417.262 13 
514.243 13 
541.902 13 
500.088 13 
470.789 13 
704.902 13 
444.641 13 
1010.93 13 
507.875 13 
607.705 13 
750.686 13 
459.385 13 
519.239 13 
475.758 13 
415.39 13 
559.823 13 
445.069 13 
489.349 13 
419.732 13 
482.928 13 
715.852 13 
462.684 13 
396.693 13 
510.095 13 
533.212 13 
407.536 13 
656.865 13 
501.216 13 
484.822 13 
527.914 13 
546.247 13 
422.304 13 
731.562 13 
407.452 13 
417.489 13 
465.91 13 
484.567 13 
513.231 13 
428.12 13 
453.697 13 
616.361 13 
553.802 13 
446.115 13 
503.273 13 
495.898 13 
642.117 13 
617.193 13 
398.668 13 
461.452 13 
414.14 13 
435.203 13 
425.78 13 
415.27 13 
507.635 13 
558.779 13 
473.155 13 
513.574 13 
464.202 13 
649.3 13 
433.469 13 
448.195 13 
609.354 13 
540.569 13 
404.122 13 
555.152 13 
576.291 13 
451.935 13 
809.027 13 
455.808 13 
385.078 13 
498.422 13 
499.507 13 
898.919 13 
898.617 13 
511.097 13 
528.873 13 
421.259 13 
589.528 13 
536.311 13 
608.84 13 
344.267 13 
680.723 13 
480.039 13 
556.271 13 
432.131 13 
478.47 13 
530.594 13 
554.121 13 
555.68 13 
443.438 13 
461.76 13 
669.585 13 
487.91 13 
726.654 13 
478.637 13 
505.934 13 
709.285 13 
812.783 13 
547.312 13 
871.454 13 
511.583 13 
481.669 13 
615.574 13 
433.93 13 
410.594 13 
589.436 13 
735.868 13 
575.747 13 
529.068 13 
423.324 13 
471.258 13 
590.941 13 
595.726 13 
407.598 13 
637.974 13 
400.672 13 
718.131 13 
447.747 13 
472.798 13 
559.986 13 
526.644 13 
528.763 13 
493.344 13 
492.152 13 
503.409 13 
472.42 13 
473.9 13 
725.402 13 
476.141 13 
598.163 13 
555.624 13 
506.309 13 
437.65 13 
490.657 13 
506.81 13 
496.265 13 
510.512 13 
523.686 13 
443.286 13 
558.36 13 
426.923 13 
649.667 13 
547.386 13 
388.69 13 
471.006 13 
498.47 13 
491.166 13 
480.238 13 
517.618 13 
622.593 13 
521.133 13 
563.84 13 
671.234 13 
655.617 13 
415.55 13 
442.813 13 
677.753 13 
747.947 13 
825.141 13 
419.245 13 
423.703 13 
528.122 13 
703.337 13 
748.156 13 
542.839 13 
466.117 13 
680.325 13 
668.43 13 
462.843 13 
721.42 13 
667.441 13 
480.887 13 
569.074 13 
625.168 13 
382.705 13 
787.966 13 
483.949 13 
583.468 13 
502.768 13 
446.871 13 
452.426 13 
587.32 13 
400.604 13 
392.467 13 
710.697 13 
506.005 13 
543.177 13 
518.528 13 
486.175 13 
531.202 13 
423.548 13 
752.297 13 
767.025 13 
608.623 13 
537.422 13 
691.74 13 
588.689 13 
520.048 13 
444.24 13 
417.551 13 
465.199 13 
447.956 13 
377.869 13 
758.711 13 
381.868 13 
555.813 13 
536.013 13 
455.681 13 
618.653 13 
562.183 13 
474.246 13 
592.492 13 
521.763 13 
359.767 13 
413.927 13 
714.393 13 
999.377 13 
449.291 13 
531.308 13 
494.488 13 
330.698 13 
660.609 13 
514.934 13 
633.087 13 
513.983 13 
820.043 13 
402.847 13 
618.969 13 
518.189 13 
730.371 13 
540.966 13 
498.861 13 
521.408 13 
463.044 13 
521.839 13 
455.67 13 
515.556 13 
518.143 13 
404.6 13 
485.637 13 
422.588 13 
445.766 13 
441.465 13 
496.904 13 
491.859 13 
480.848 13 
504.625 13 
584.365 13 
466.873 13 
488.108 13 
414.665 13 
419.058 13 
577.421 13 
420.529 13 
606.058 13 
732.983 13 
528.842 13 
561.043 13 
440.824 13 
658.952 13 
481.629 13 
546.998 13 
469.05 13 
808.09 13 
406.308 13 
596.652 13 
840.416 13 
499.814 13 
412.862 13 
416.834 13 
562.74 13 
496.671 13 
440.566 13 
488.327 13 
538.624 13 
614.016 13 
599.142 13 
333.503 13 
466.01 13 
522.689 13 
801.475 13 
582.7 13 
569.011 13 
507.84 13 
448.882 13 
550.983 13 
916.032 13 
463.446 13 
648.822 13 
654.891 13 
396.588 13 
657.99 13 
455.59 13 
562.026 13 
734.423 13 
544.834 13 
463.261 13 
555.072 13 
592.983 13 
525.209 13 
396.947 13 
622.418 13 
484.748 13 
380.338 13 
637.097 13 
488.668 13 
499.371 13 
534.183 13 
418.981 13 
639.791 13 
499.066 13 
605.247 13 
410.087 13 
