674.435 11 
628.74 11 
661.131 11 
453.075 11 
834.918 11 
610.642 11 
867.713 11 
714.677 11 
765.063 11 
764.956 11 
491.435 11 
738.696 11 
711.676 11 
766.224 11 
722.233 11 
731.228 11 
650.197 11 
911.722 11 
598.373 11 
473.36 11 
699.745 11 
739.868 11 
789.882 11 
746.089 11 
719.76 11 
1219.91 11 
644.297 11 
765.193 11 
599.921 11 
693.567 11 
636.689 11 
557.909 11 
796.572 11 
956.746 11 
749.707 11 
753.956 11 
672.822 11 
774.925 11 
678.624 11 
767.466 11 
708.022 11 
889.675 11 
615.579 11 
774.654 11 
888.291 11 
1019.51 11 
654.209 11 
666.932 11 
734.999 11 
848.497 11 
605.786 11 
736.604 11 
688.403 11 
753.02 11 
803.952 11 
722.518 11 
816.463 11 
703.025 11 
729.679 11 
712.983 11 
765.43 11 
769.284 11 
767.378 11 
510.261 11 
388.38 11 
556.175 11 
745.912 11 
692.912 11 
627.097 11 
529.109 11 
546.189 11 
926.67 11 
1073.69 11 
583.411 11 
806.686 11 
654.514 11 
480.266 11 
732.141 11 
670.144 11 
668.147 11 
644.107 11 
1071.1 11 
451.724 11 
851.759 11 
459.846 11 
587.153 11 
793.426 11 
1145.68 11 
677.644 11 
734.247 11 
827.366 11 
730.963 11 
811.971 11 
665.888 11 
857.287 11 
788.829 11 
509.135 11 
703.215 11 
714.449 11 
582.676 11 
693.276 11 
551.195 11 
689.978 11 
650.681 11 
836.821 11 
665.571 11 
622.115 11 
985.311 11 
795.534 11 
410.164 11 
902.232 11 
758.492 11 
939.594 11 
833.774 11 
504.311 11 
686.917 11 
574.404 11 
631.962 11 
697.545 11 
686.455 11 
678.665 11 
660.339 11 
553.164 11 
579.709 11 
562.031 11 
775.559 11 
798.179 11 
831.59 11 
611.889 11 
750.589 11 
802.553 11 
566.959 11 
674.266 11 
789.764 11 
807.478 11 
630.19 11 
671.797 11 
726.195 11 
700.95 11 
797.119 11 
758.337 11 
1364.71 11 
791.064 11 
483.713 11 
808.989 11 
698.624 11 
481.901 11 
686.161 11 
670.728 11 
754.919 11 
500.937 11 
978.067 11 
588.156 11 
879.478 11 
567.799 11 
690.238 11 
629.935 11 
749.621 11 
768.677 11 
616.615 11 
702.672 11 
634.067 11 
695.962 11 
703.388 11 
682.705 11 
729.525 11 
822.135 11 
652.615 11 
958.877 11 
757.238 11 
768.386 11 
606.376 11 
449.886 11 
575.266 11 
808.906 11 
640.539 11 
730.548 11 
798.5 11 
610.159 11 
300.558 11 
646.541 11 
436.066 11 
577.809 11 
332.74 11 
670.833 11 
390.636 11 
807.389 11 
786.802 11 
672.626 11 
731.928 11 
451.768 11 
1029.04 11 
702.36 11 
865.165 11 
957.719 11 
715.707 11 
583.421 11 
667.26 11 
671.265 11 
743.63 11 
787.781 11 
654.994 11 
955.555 11 
663.84 11 
618.908 11 
652.513 13 
841.399 13 
633.217 13 
706.612 13 
657.357 13 
623.595 13 
830.353 13 
744.656 13 
786.103 13 
575.853 13 
639.653 13 
868.395 13 
757.984 13 
557.429 13 
736.055 13 
426.426 13 
629.318 13 
478.689 13 
984.442 13 
666.121 13 
719.834 13 
722.643 13 
840.144 13 
643.015 13 
390.393 13 
717.935 13 
519.591 13 
602.002 13 
622.462 13 
589.345 13 
698.09 13 
416.299 13 
588.849 13 
646.424 13 
735.502 13 
838.809 13 
704.115 13 
395.606 13 
803.557 13 
1174.7 13 
895.344 13 
784.836 13 
682.192 13 
938.085 13 
494.145 13 
1012.18 13 
727.117 13 
583.343 13 
619.913 13 
444.674 13 
789.135 13 
536.842 13 
721.011 13 
736.057 13 
957.278 13 
623.338 13 
696.159 13 
541.439 13 
661.446 13 
621.331 13 
849.854 13 
646.635 13 
503.79 13 
426.706 13 
821.791 13 
605.709 13 
645.054 13 
750.654 13 
687.45 13 
632.133 13 
124.728 13 
529.737 13 
650.103 13 
609.889 13 
507.996 13 
699.863 13 
726.072 13 
618.235 13 
732.495 13 
716.219 13 
599.006 13 
721.837 13 
595.046 13 
356.202 13 
766.032 13 
559.257 13 
640.599 13 
918.988 13 
676.75 13 
408.096 13 
525.022 13 
706.459 13 
882.138 13 
754.915 13 
607.453 13 
539.556 13 
558.069 13 
697.417 13 
572.13 13 
838.376 13 
569.087 13 
812.884 13 
716.082 13 
838.897 13 
526.922 13 
725.306 13 
583.236 13 
681.481 13 
687.46 13 
687.405 13 
702.774 13 
824.201 13 
859.083 13 
649.242 13 
849.047 13 
411.116 13 
633.781 13 
496.423 13 
860.227 13 
687.831 13 
745.606 13 
768.631 13 
802.67 13 
771.064 13 
710.301 13 
802.61 13 
916.807 13 
934.139 13 
832.758 13 
516.844 13 
620.821 13 
739.647 13 
751.949 13 
730.497 13 
448.179 13 
655.056 13 
636.143 13 
851.42 13 
746.262 13 
605.153 13 
718.806 13 
765.83 13 
691.794 13 
682.525 13 
664.581 13 
754.346 13 
865.889 13 
739.731 13 
777.419 13 
842.827 13 
855.063 13 
834.701 13 
773.28 13 
824.055 13 
683.692 13 
1020.82 13 
768.679 13 
465.785 13 
678.615 13 
708.396 13 
751.076 13 
750.253 13 
702.583 13 
543.663 13 
624.657 13 
770.26 13 
717.519 13 
709.344 13 
777.629 13 
565.647 13 
781.357 13 
746.197 13 
659.482 13 
632.641 13 
682.531 13 
671.859 13 
741.926 13 
727.711 13 
546.448 13 
727.947 13 
690.927 13 
605.377 13 
706.431 13 
950.971 13 
777.771 13 
950.684 13 
696.535 13 
1423.89 13 
657.222 13 
747.765 13 
477.402 13 
472.582 13 
507.906 13 
1349.07 13 
839.623 13 
650.883 13 
782.043 13 
782.972 13 
598.137 13 
921.599 13 
1014.83 13 
756.461 13 
571.194 13 
642.055 13 
604.234 13 
786.231 13 
528.323 13 
500.725 13 
578.068 13 
634.386 13 
789.851 13 
703.502 13 
828.225 13 
853.621 13 
817.512 13 
625.598 13 
812.407 13 
434.884 13 
685.724 13 
575.033 13 
947.136 13 
559.753 13 
790.816 13 
644.034 13 
540.073 13 
649.074 13 
746.714 13 
541.158 13 
474.336 13 
638.164 13 
476.531 13 
586.539 13 
710.21 13 
682.597 13 
435.669 13 
845.605 13 
727.9 13 
453.126 13 
803.027 13 
768.388 13 
681.949 13 
813.892 13 
764.178 13 
528.684 13 
1371.89 13 
734.343 13 
916.55 13 
882.264 13 
622.165 13 
834.609 13 
634.804 13 
626.391 13 
405.82 13 
731.481 13 
705.392 13 
664.476 13 
581.011 13 
