907.365 11 
905.872 11 
682.376 11 
832.709 11 
901.738 11 
768.661 11 
1265.17 11 
961.141 11 
1246.75 11 
854.875 11 
820.007 11 
465.501 11 
855.743 11 
893.473 11 
538.807 11 
1393.34 11 
533.05 11 
966.836 11 
846.81 11 
1051.14 11 
932.198 11 
1039.23 11 
917.069 11 
816.182 11 
770.443 11 
975.995 11 
515.348 11 
1019.67 11 
465.593 11 
960.071 11 
962.364 11 
790.825 11 
967.592 11 
542.23 11 
547.665 11 
866.779 11 
990.011 11 
968.535 11 
924.203 11 
900.354 11 
1058.05 11 
593.498 11 
1003.38 11 
722.833 11 
1046.72 11 
771.109 11 
642.549 11 
956.422 11 
962.585 11 
1103.49 11 
962.155 11 
725.778 11 
768.099 11 
942.875 11 
480.453 11 
513.985 11 
874.858 11 
709.836 11 
430.776 11 
1051.35 11 
736.685 11 
758.766 11 
459.843 11 
798.566 11 
604.979 11 
883.192 11 
516.141 11 
1150.26 11 
1048.33 11 
1120.26 11 
655.112 11 
871.493 11 
876.709 11 
1072.07 11 
1019.42 11 
1061.75 11 
1044.56 11 
769.461 11 
1024.29 11 
903.434 11 
758.038 11 
692.54 11 
892.114 11 
1051 11 
1123 11 
1096.09 11 
619.699 11 
540.544 11 
654.482 11 
977.166 11 
1059.43 11 
1008.56 11 
610.681 11 
1598.71 11 
778.196 11 
945.576 11 
915.204 11 
973.393 11 
306.355 11 
430.655 11 
900.638 11 
1410.61 11 
592.506 11 
1117.54 11 
708.123 11 
907.314 11 
1174.33 11 
960.376 11 
949.753 11 
920.019 11 
515.086 11 
847.686 11 
960.911 11 
999.275 11 
847.131 11 
724.255 11 
844.262 11 
559.249 11 
1232.64 11 
811.373 11 
844.126 11 
1100.04 11 
734.581 11 
1128.77 11 
1105.75 11 
1083.05 11 
963.437 11 
1166.28 11 
884.595 11 
935.695 11 
716.398 11 
918.293 11 
648.142 11 
828.246 11 
839.755 11 
500.222 11 
1300.41 11 
712.567 11 
898.238 11 
457.466 11 
903.245 11 
1095.17 11 
573.064 11 
912.854 11 
981.721 11 
597.746 11 
805.09 11 
1056 11 
447.449 11 
912.128 11 
702.478 11 
1081 11 
1172.69 11 
1078.38 11 
772.583 11 
785.747 11 
762.82 11 
1105.27 11 
1202.97 11 
1022.03 11 
755.668 11 
1027.02 11 
831.588 11 
1038.24 11 
1179.93 11 
415.752 11 
1019.16 11 
940.876 11 
804.081 11 
796.77 11 
873.145 11 
1068.64 11 
850.567 11 
979.692 11 
815.444 11 
706.81 11 
960.729 11 
837.145 11 
952.335 11 
1046.28 11 
1070.12 11 
1073.69 11 
935.205 11 
1081.65 11 
1014.39 11 
680.471 11 
1375.48 11 
879.362 11 
855.901 11 
955.038 11 
775.248 11 
796.33 11 
890.562 11 
1058.89 11 
711.027 11 
862.468 11 
798.66 11 
572.733 11 
956.298 11 
574.967 11 
919.993 11 
851.872 11 
1062.25 11 
896.563 11 
847.586 11 
637.911 11 
983.416 11 
982.684 11 
619.82 11 
1232.08 11 
1273.66 11 
954.96 11 
923.151 11 
739.293 11 
688.683 11 
747.65 11 
825.489 11 
946.394 11 
934.121 11 
970.081 11 
959.268 11 
628.32 11 
890.137 11 
801.809 11 
881.824 11 
1295.61 11 
914.534 11 
1016.46 11 
913.811 11 
513.21 11 
902.413 11 
1016.81 11 
743.63 11 
557.541 11 
856.58 11 
750.198 11 
978.126 11 
850.168 11 
896.853 11 
999.265 11 
906.491 11 
981.895 11 
774.043 11 
1179.66 11 
1173.33 11 
1123.24 11 
951.302 11 
1059.48 11 
989.905 11 
1045.81 11 
1184.75 11 
722.075 11 
789.231 11 
1063.6 11 
1176.08 11 
925.666 13 
1163.31 13 
841.504 13 
992.826 13 
1088.42 13 
950.005 13 
634.513 13 
679.503 13 
969.131 13 
1018.25 13 
1138.06 13 
840.36 13 
943.673 13 
570.101 13 
781.891 13 
860.438 13 
1025.3 13 
965.944 13 
949.598 13 
768.148 13 
601.945 13 
906.737 13 
1119.04 13 
673.723 13 
915.853 13 
902.185 13 
1047.2 13 
1003.98 13 
567.368 13 
951.306 13 
437.506 13 
901.952 13 
862.992 13 
713.653 13 
767.421 13 
461.837 13 
647.763 13 
414.385 13 
922.591 13 
960.501 13 
965.887 13 
991.188 13 
795.262 13 
822.288 13 
1076.65 13 
887.461 13 
583.992 13 
1328.82 13 
859.194 13 
1106.77 13 
1130.61 13 
1048.34 13 
660.835 13 
838.578 13 
1044.64 13 
1036.69 13 
604.247 13 
733.393 13 
930.612 13 
1019.45 13 
898.214 13 
1169.2 13 
792.107 13 
688.79 13 
1149.05 13 
1640.32 13 
668.61 13 
929.781 13 
971.688 13 
1086.04 13 
755.11 13 
967.368 13 
749.953 13 
806.506 13 
1120.45 13 
892.115 13 
863.462 13 
887.82 13 
903.744 13 
751.419 13 
657.415 13 
785.58 13 
979.943 13 
959.526 13 
934.271 13 
890.719 13 
994.494 13 
982.996 13 
1121.33 13 
911.742 13 
856.254 13 
405.231 13 
951.552 13 
928.062 13 
941.896 13 
661.783 13 
556.03 13 
913.718 13 
1217.07 13 
931.529 13 
691.088 13 
771.805 13 
1042.23 13 
1063.57 13 
1503.4 13 
486.186 13 
425.564 13 
606.341 13 
877.434 13 
1041.64 13 
1073.63 13 
1103.09 13 
967.418 13 
560.43 13 
1089.64 13 
1066.73 13 
1399.31 13 
994.805 13 
955.666 13 
912.488 13 
1103.28 13 
722.231 13 
904.375 13 
863.522 13 
1023.36 13 
873.229 13 
783.169 13 
1021.96 13 
839.165 13 
786.852 13 
698.316 13 
894.239 13 
666.752 13 
613.038 13 
823.563 13 
646.673 13 
856.62 13 
862.461 13 
1065.48 13 
781.901 13 
665.644 13 
946.035 13 
1077.66 13 
1018.83 13 
1012.72 13 
969.454 13 
1019.87 13 
1066.21 13 
1198.68 13 
1036.95 13 
1031.6 13 
970.991 13 
769.663 13 
899.95 13 
708.378 13 
648.235 13 
892.364 13 
959.503 13 
929.624 13 
964.668 13 
542.022 13 
988.573 13 
753.128 13 
1050.72 13 
896.186 13 
1123.98 13 
1103.63 13 
977.373 13 
518.769 13 
912.756 13 
930.273 13 
970.278 13 
935.985 13 
757.708 13 
1042.92 13 
319.512 13 
868.094 13 
1178.52 13 
1211.48 13 
701.643 13 
1004.22 13 
1065.03 13 
1108.45 13 
805.129 13 
1036.36 13 
966.183 13 
1013.88 13 
676.279 13 
940.224 13 
748.221 13 
959.374 13 
806.022 13 
970.341 13 
689.036 13 
1190.41 13 
895.903 13 
950.264 13 
812.97 13 
813.008 13 
558.161 13 
991.052 13 
1093.02 13 
1137.45 13 
768.304 13 
1075.6 13 
965.228 13 
931.304 13 
795.496 13 
909.365 13 
998.55 13 
1084.43 13 
896.318 13 
874.763 13 
937.228 13 
570.122 13 
932.473 13 
1003.46 13 
626.134 13 
763.431 13 
992.462 13 
812.061 13 
912.397 13 
1093.28 13 
1424.58 13 
793.316 13 
1004.89 13 
924.31 13 
1109.29 13 
1092.45 13 
624.741 13 
955.66 13 
744.255 13 
1051.3 13 
891.077 13 
622.717 13 
860.775 13 
1021.7 13 
798.354 13 
885.151 13 
768.921 13 
862.278 13 
658.417 13 
998.439 13 
932.121 13 
937.885 13 
942.294 13 
721.88 13 
894.89 13 
840.279 13 
574.179 13 
1058.63 13 
1118.2 13 
603.824 13 
847.947 13 
961.559 13 
745.536 13 
837.783 13 
1087.58 13 
693.114 13 
910.198 13 
992.909 13 
722.307 13 
1016.57 13 
966.238 13 
1027.02 13 
566.826 13 
924.535 13 
711.636 13 
1064.64 13 
990.451 13 
1026.38 13 
